    1.0824
    1.0535
    1.0647
    1.0488
    0.7403
    1.1572
    1.4710
    1.2106
    1.8038
    2.1437
    2.4864
    2.8345
    2.5276
    2.4393
    2.5911
    3.2221
    4.4163
    4.2792
    5.0264
    5.5075
    5.4184
    5.9183
    4.5399
    3.8067
    2.3038
    2.1580
    1.4882
    1.5341
    1.5480
    1.2501
    1.2990
    1.2627
    1.0915
    1.0529
    0.8910
    0.8462
    0.9083
    0.8501
    0.8024
    0.8089
    0.7720
    0.8679
    0.8599
    0.9311
    0.8716
    0.9108
    0.9119
    1.0139
    0.8195
    0.8378
    0.8494
    0.9138
    0.8883
    0.9419
    0.9911
    1.0161
    1.1111
    1.0859
    1.0890
    1.0544
    1.1904
    1.3919
    1.5128
    1.6198
    1.5089
    1.4527
    1.3870
    1.4246
    1.4216
    1.4004
    1.3486
    1.3430
    1.3395
    1.2188
    1.2426
    1.2576
    1.2055
    1.1867
    1.1124
    1.2353
    1.2644
    1.2880
    1.2798
    1.2307
    1.2865
    1.2559
    1.2078
    1.2076
    1.1095
    1.2388
    1.2192
    1.2877
    1.2612
    1.3322
    1.2432
    1.1552
    1.0554
    1.0246
    0.9560
    0.9659
    0.9292
    0.9521
    0.9889
    1.0039
    1.0029
    1.0161
    1.0006
    0.9995
    0.9708
    1.0005
    0.9882
    0.9971
    0.9912
    0.9490
    0.9385
    0.9230
    0.9326
    0.9497
    0.9609
    0.9709
    1.0080
    1.0412
    1.0353
    1.0531
    1.1395
    1.1079
    1.1478
    1.1090
    1.1243
    1.0740
    1.0598
    1.0587
    1.0535
    1.0795
    1.0977
    1.1027
    1.1232
    1.1455
    1.1094
    1.0919
    1.1101
    1.1074
    1.1148
    1.1375
    1.1210
    1.1142
    1.0940
    1.1117
    1.0972
    1.0914
    1.1230
    1.1449
    1.1141
    1.1312
    1.1338
    1.1262
    1.1179
    1.0930
    1.0694
    1.0862
    1.1268
    1.1165
    1.1379
    1.1251
    1.0867
    1.1048
    1.0884
    1.0904
    1.0662
    1.0299
    1.0024
    1.0019
    1.0021
    1.0153
    1.0503
    1.0809
    1.0490
    1.0113
    1.0485
    1.0620
    1.0417
    1.0403
    1.0574
    1.0606
    1.0487
    1.0542
    1.0325
    1.0142
    1.0168
    1.0092
    0.9970
    1.0357
    1.0092
    1.0150
    1.0135
    1.0177
    1.0223
    1.0175
    0.9930
    1.0467
    1.0327
    1.0330
    1.0209
    1.0153
    1.0174
    0.9818
    1.0116
    1.0093
    1.0213
    1.0258
    1.0330
    1.0411
    1.0446
    1.0830
    1.0953
    1.1131
    1.0887
    1.0963
    1.0600
    1.0526
    1.0298
    1.0571
    1.0354
    1.0575
    1.0485
    1.0744
    1.0474
    1.0224
    1.0397
    1.0306
    1.0218
    1.0393
    1.0507
    1.0237
    1.0354
    1.0525
    1.0621
    1.0655
    1.0865
    1.0603
    1.0599
    1.0293
    1.0384
    1.0064
    1.0140
    1.0255
    1.0335
    1.0364
    1.0408
    1.0263
    1.0281
    1.0358
    1.0270
    1.0140
    1.0333
    1.0267
    1.0290
    1.0333
    1.0129
    1.0357
    1.0213
    1.0287
    1.0212
    1.0044
    1.0196
    1.0021
    1.0061
    0.9907
    1.0103
    1.0015
    1.0031
    0.9834
    0.9817
    0.9768
    0.9669
    0.9876
    0.9894
    0.9878
    0.9957
    0.9730
    0.9894
    0.9884
    1.0101
    0.9967
    1.0033
    1.0115
    1.0276
    1.0199
    1.0095
    1.0288
    1.0124
    1.0041
    1.0084
    1.0100
    1.0239
    1.0306
    1.0221
    1.0197
    0.9949
    1.0146
    1.0029
    1.0107
    1.0080
    1.0038
    1.0116
    1.0330
    1.0631
    1.0599
    1.0563
    1.0652
    1.0517
    1.0449
    1.0487
    1.0455
    1.0543
    1.0436
    1.0420
    1.0345
    1.0480
    1.0536
    1.0453
    1.0343
    1.0315
    1.0327
    1.0526
    1.0555
    1.0639
    1.0713
    1.0626
    1.0613
    1.0833
    1.0897
    1.1023
    1.0904
    1.1014
    1.1045
    1.1120
    1.1132
    1.1037
    1.1128
    1.1059
    1.1176
    1.1306
    1.1452
    1.1496
    1.1393
    1.1353
    1.1387
    1.1303
    1.1246
    1.1205
    1.1149
    1.1286
    1.1191
    1.1197
    1.1118
    1.1163
    1.1151
    1.1218
    1.1270
    1.1309
    1.1292
    1.1388
    1.1616
    1.1585
    1.1664
    1.1498
    1.1709
    1.1704
    1.1670
    1.1626
    1.1684
    1.1719
    1.1714
    1.1952
    1.1910
    1.2052
    1.1963
    1.2152
    1.2154
    1.2158
    1.2231
    1.2253
    1.2489
    1.2335
    1.2357
    1.2384
    1.2575
    1.2533
    1.2294
    1.2555
    1.2494
    1.2653
    1.2692
    1.2584
    1.2717
    1.2636
    1.2860
    1.2806
    1.2742
    1.2794
    1.2825
    1.2905
    1.2970
    1.2953
    1.3006
    1.3204
    1.3267
    1.3424
    1.3378
    1.3525
    1.3522
    1.3570
    1.3453
    1.3614
    1.3784
    1.3598
    1.3520
    1.3687
    1.3733
    1.3790
    1.3818
    1.3722
    1.3747
    1.3786
    1.3634
    1.3793
    1.3867
    1.4037
    1.3888
    1.3900
    1.3897
    1.3974
    1.3953
    1.3951
    1.3933
    1.3960
    1.3969
    1.3981
    1.4064
    1.4080
    1.4324
    1.4352
    1.4470
    1.4447
    1.4459
    1.4581
    1.4612
    1.4558
    1.4643
    1.4683
    1.4647
    1.4639
    1.4875
    1.4863
    1.5038
    1.5043
    1.4924
    1.4984
    1.4896
    1.5032
    1.5285
    1.5272
    1.5131
    1.5203
    1.5222
    1.5259
    1.5273
    1.5293
    1.5345
    1.5397
    1.5337
    1.5315
    1.5325
    1.5439
    1.5533
    1.5369
    1.5291
    1.5361
    1.5365
    1.5343
    1.5314
    1.5272
    1.5191
    1.5429
    1.5446
    1.5435
    1.5506
    1.5380
    1.5605
    1.5773
    1.5647
    1.5747
    1.5873
    1.5912
    1.6017
    1.5996
    1.6295
    1.6328
    1.6487
    1.6356
    1.6541
    1.6992
    1.7100
    1.7083
    1.7118
    1.7321
    1.7318
    1.7222
    1.7293
    1.7276
    1.7118
    1.7036
    1.6858
    1.6883
    1.6967
    1.6910
    1.6755
    1.6752
    1.6813
    1.7014
    1.7140
    1.7178
    1.7168
    1.7272
    1.7385
    1.7539
    1.7426
    1.7533
    1.7655
    1.7501
    1.7465
    1.7573
    1.7649
    1.7730
    1.7724
    1.7845
    1.7834
    1.7655
    1.7704
    1.7736
    1.7839
    1.7870
    1.7910
    1.7925
    1.8234
    1.8224
    1.8421
    1.8565
    1.8568
    1.8724
    1.8710
    1.8780
    1.8876
    1.8730
    1.8880
    1.8850
    1.9027
    1.9085
    1.9106
    1.9077
    1.9242
    1.9306
    1.9421
    1.9605
    1.9560
    1.9511
    1.9348
    1.9412
    1.9361
    1.9351
    1.9303
    1.9381
    1.9313
    1.9304
    1.9533
    1.9617
    1.9731
    1.9881
    1.9839
    1.9774
    1.9835
    1.9974
    2.0116
    2.0257
    2.0537
    2.0869
    2.1233
    2.1506
    2.1559
    2.1734
    2.1707
    2.1829
    2.1887
    2.2131
    2.2289
    2.2308
    2.2521
    2.2473
    2.2610
    2.2847
    2.3055
    2.2743
    2.2824
    2.2927
    2.2895
    2.3043
    2.3358
    2.3459
    2.3674
    2.3816
    2.4121
    2.4691
    2.4811
    2.4878
    2.5107
    2.5302
    2.5405
    2.5463
    2.5890
    2.6118
    2.6158
    2.6380
    2.6468
    2.6330
    2.6417
    2.6273
    2.6334
    2.6514
    2.6509
    2.6516
    2.6702
    2.6985
    2.6810
    2.6734
    2.6946
    2.6715
    2.6921
    2.6998
    2.7292
    2.7542
    2.7756
    2.8394
    2.8640
    2.9040
    2.9795
    3.0330
    3.0134
    3.0513
    3.0632
    3.0798
    3.1460
    3.2222
    3.3142
    3.3496
    3.3528
    3.3712
    3.4008
    3.4298
    3.4073
    3.4159
    3.3956
    3.3820
    3.3895
    3.4031
    3.4231
    3.4236
    3.4029
    3.4378
    3.3932
    3.4011
    3.3934
    3.3729
    3.3808
    3.4064
    3.4313
    3.4580
    3.5397
    3.5662
    3.5885
    3.6190
    3.6210
    3.6765
    3.6778
    3.7137
    3.7882
    3.7702
    3.7627
    3.7812
    3.7584
    3.7909
    3.7868
    3.8040
    3.7823
    3.8035
    3.8295
    3.7955
    3.8208
    3.8301
    3.8466
    3.8346
    3.8733
    3.8602
    3.8536
    3.8335
    3.8367
    3.8377
    3.8397
    3.8630
    3.8585
    3.8775
    3.8735
    3.8848
    3.8858
    3.8735
    3.8958
    3.8646
    3.9091
    3.9064
    3.9367
    3.9075
    3.9137
    3.9337
    3.8874
    3.8326
    3.8073
    3.7791
    3.7828
    3.7783
    3.7870
    3.7943
    3.7942
    3.7773
    3.7929
    3.8071
    3.8247
    3.8259
    3.8028
    3.7824
    3.7461
    3.7399
    3.7205
    3.7400
    3.7404
    3.7239
    3.7531
    3.7781
    3.8228
    3.8801
    3.9415
    3.9654
    3.9529
    3.9725
    3.9447
    3.9696
    3.9824
    3.9694
    3.9521
    3.9932
    4.0245
    4.0110
    4.0107
    4.0246
    4.0600
    4.0632
    4.0748
    4.1047
    4.0872
    4.0521
    4.0321
    4.0397
    4.0217
    3.9873
    3.9738
    3.9743
    3.9970
    3.9702
    3.9443
    3.9367
    3.8970
    3.8821
    3.8969
    3.9100
    3.9142
    3.9178
    3.9300
    3.9247
    3.9434
    3.9453
    3.9745
    3.9906
    4.0079
    3.9875
    3.9880
    4.0276
    4.0358
    4.0311
    4.0339
    4.0500
    4.0542
    4.0395
    4.0506
    4.0706
    4.0755
    4.0843
    4.0760
    4.0734
    4.0600
    4.0398
    4.0161
    4.0150
    4.0081
    3.9790
    3.9797
    3.9766
    3.9751
    3.9936
    3.9817
    3.9720
    3.9628
    3.9492
    3.9260
    3.9018
    3.8888
    3.8881
    3.8724
    3.8735
    3.8609
    3.8545
    3.8482
    3.8622
    3.8578
    3.8725
    3.8866
    3.8869
    3.8972
    3.8924
    3.8915
    3.8842
    3.8821
    3.9052
    3.9015
    3.9023
    3.9020
    3.9346
    3.9414
    3.9652
    3.9858
    3.9906
    3.9779
    3.9696
    3.9598
    3.9596
    3.9416
    3.9266
    3.9110
    3.9026
    3.8903
    3.9029
    3.8748
    3.8787
    3.8787
    3.8580
    3.8271
    3.8130
    3.8141
    3.8167
    3.8138
    3.8331
    3.8161
    3.8160
    3.8283
    3.8230
    3.8337
    3.8176
    3.8249
    3.8139
    3.8428
    3.8259
    3.8258
    3.8355
    3.8190
    3.8343
    3.8096
    3.7906
    3.8158
    3.8371
    3.8629
    3.8642
    3.8642
    3.8715
    3.8694
    3.8446
    3.8509
    3.8545
    3.8307
    3.8302
    3.8319
    3.8319
    3.8441
    3.8549
    3.8663
    3.9018
    3.8733
    3.8660
    3.8937
    3.8561
    3.8560
    3.9008
    3.9015
    3.8907
    3.9562
    4.0284
    4.0552
    4.0663
    4.1146
    4.1146
    4.1184
    4.1167
    4.1347
    4.1529
    4.1710
    4.2036
    4.1806
    4.2187
    4.2187
    4.1763
    4.1619
    4.1503
    4.1785
    4.2018
    4.2791
    4.2901
    4.3167
    4.3167
    4.2830
    4.2906
    4.3041
    4.3386
    4.2925
    4.2381
    4.1467
    4.0234
    3.8809
    3.8809
    3.8175
    3.8690
    3.8413
    3.8365
    3.8919
    3.8450
    3.8115
    3.8798
    3.8798
    3.9098
    3.8898
    3.8247
    3.8305
    3.8626
    3.8677
    3.8466
    3.7847
    3.7847
    3.7592
    3.7015
    3.6349
    3.6831
    3.6926
    3.7993
    3.8621
    3.8171
    3.8171
    3.8801
    3.9672
    3.9969
    4.0320
    3.9823
    3.9403
    4.0328
    4.1666
    4.1666
    4.2333
    4.4755
    4.5148
    4.4404
    4.3466
    4.4279
    4.4214
    4.3576
    4.3576
    4.3055
    4.4548
    4.3687
    4.3647
    4.2537
    4.1539
    4.0419
    3.9539
    4.1828
    4.1828
    4.2622
    4.0545
    3.8873
    3.8321
    3.7935
    3.7011
    3.7157
    3.7278
    3.7278
    3.8492
    3.8694
    3.9130
    3.6956
    3.6938
    3.6944
    3.7010
    3.9236
    3.9236
    4.0500
    4.2069
    4.2413
    4.2085
    4.1808
    4.4251
