    1.0453
    1.0296
    1.0389
    1.0717
    0.8643
    0.9346
    0.9667
    1.0312
    1.1249
    1.0981
    1.0506
    1.0313
    1.0455
    1.0578
    1.0436
    0.9775
    0.8863
    0.8101
    0.7473
    0.6301
    0.5500
    0.4726
    0.4063
    0.3930
    0.5756
    0.6463
    0.7718
    0.7596
    0.8208
    0.9144
    0.9841
    0.9163
    0.8582
    0.8966
    0.9577
    0.9498
    0.9618
    0.9904
    0.9529
    1.0208
    1.1499
    1.2596
    1.3718
    1.3837
    1.4059
    1.4812
    1.8032
    1.7858
    1.8123
    1.9709
    2.1846
    2.0174
    2.0181
    1.8599
    1.8984
    2.1420
    2.3228
    2.4387
    2.3955
    2.5643
    2.8443
    2.9724
    2.4767
    2.5687
    2.5374
    2.4763
    2.5257
    2.3584
    2.6094
    2.1703
    2.2558
    1.9008
    1.9377
    1.9702
    1.8827
    1.9633
    1.9108
    1.8896
    1.9112
    1.9125
    2.0743
    1.9435
    1.8206
    1.8703
    1.6729
    1.6867
    1.6194
    1.7129
    1.4611
    1.5308
    1.4120
    1.3455
    1.1956
    1.1540
    1.1010
    1.0280
    0.9971
    0.9807
    0.9667
    0.8960
    0.8920
    0.8345
    0.8351
    0.8089
    0.7806
    0.7484
    0.7894
    0.7508
    0.7082
    0.7287
    0.7058
    0.7255
    0.7134
    0.7147
    0.7121
    0.7324
    0.7441
    0.7703
    0.7946
    0.8004
    0.8090
    0.8193
    0.8678
    0.8695
    0.8761
    0.9119
    0.9181
    0.9169
    0.9066
    0.9105
    0.9556
    0.9902
    1.0121
    0.9967
    0.9742
    0.9976
    0.9845
    0.9809
    0.9885
    1.0553
    1.0749
    1.0807
    1.0657
    1.0568
    1.0650
    1.0323
    0.9969
    0.9551
    0.9445
    0.9366
    0.9125
    0.9086
    0.8690
    0.8174
    0.8086
    0.7787
    0.7916
    0.7809
    0.7859
    0.7842
    0.7789
    0.7846
    0.7617
    0.7850
    0.7870
    0.7860
    0.7759
    0.7690
    0.7633
    0.7752
    0.7666
    0.7706
    0.7666
    0.7355
    0.7446
    0.7364
    0.6876
    0.6919
    0.6863
    0.6510
    0.6422
    0.6253
    0.6258
    0.6207
    0.6179
    0.5958
    0.6061
    0.6030
    0.6046
    0.6042
    0.5937
    0.6183
    0.6057
    0.6304
    0.6402
    0.6424
    0.6459
    0.6242
    0.6312
    0.6335
    0.6356
    0.6375
    0.6314
    0.6272
    0.6412
    0.6255
    0.6142
    0.6152
    0.6405
    0.6390
    0.6510
    0.6624
    0.6729
    0.6782
    0.6937
    0.7055
    0.7195
    0.7358
    0.7519
    0.7646
    0.7830
    0.8123
    0.8431
    0.8534
    0.8691
    0.8834
    0.9079
    0.9261
    0.9527
    0.9681
    0.9967
    1.0138
    1.0344
    1.0618
    1.0938
    1.1087
    1.1255
    1.1303
    1.1304
    1.1606
    1.2084
    1.2275
    1.2747
    1.2631
    1.2602
    1.2808
    1.2646
    1.2701
    1.2868
    1.3156
    1.3037
    1.2775
    1.2872
    1.2207
    1.2377
    1.2455
    1.2501
    1.2320
    1.2565
    1.2701
    1.2684
    1.2479
    1.2464
    1.2479
    1.2475
    1.2285
    1.2275
    1.2405
    1.2328
    1.2535
    1.2546
    1.2749
    1.2758
    1.2840
    1.2926
    1.2879
    1.2876
    1.2629
    1.2637
    1.2600
    1.2615
    1.2671
    1.2644
    1.2863
    1.3068
    1.3361
    1.3461
    1.3697
    1.3737
    1.3621
    1.3536
    1.3642
    1.3693
    1.4079
    1.4290
    1.4384
    1.4625
    1.4563
    1.4587
    1.4511
    1.4593
    1.4651
    1.4555
    1.4525
    1.4523
    1.4536
    1.4663
    1.4670
    1.4632
    1.4533
    1.4833
    1.4930
    1.5156
    1.5266
    1.5359
    1.5405
    1.5529
    1.5571
    1.5776
    1.6086
    1.6116
    1.6240
    1.6510
    1.6751
    1.6913
    1.7041
    1.7219
    1.7621
    1.7916
    1.7924
    1.7723
    1.7443
    1.7606
    1.7799
    1.8164
    1.8354
    1.8193
    1.8585
    1.8648
    1.8618
    1.8766
    1.8825
    1.8587
    1.8884
    1.8856
    1.8943
    1.8982
    1.9065
    1.8869
    1.8792
    1.9171
    1.9390
    1.9499
    1.9539
    1.9502
    1.9451
    1.9361
    1.9117
    1.8593
    1.8583
    1.8445
    1.8115
    1.8211
    1.8280
    1.8337
    1.8564
    1.8599
    1.8554
    1.8747
    1.8426
    1.8550
    1.8552
    1.8011
    1.7532
    1.7823
    1.7636
    1.7563
    1.7851
    1.7845
    1.7696
    1.7928
    1.8073
    1.7876
    1.8108
    1.8082
    1.8141
    1.8073
    1.8067
    1.7982
    1.8112
    1.7806
    1.8037
    1.8157
    1.8062
    1.8320
    1.8350
    1.8305
    1.8498
    1.8402
    1.8331
    1.8294
    1.8249
    1.8030
    1.7784
    1.8029
    1.8077
    1.7946
    1.8067
    1.8204
    1.8442
    1.8527
    1.8739
    1.8987
    1.8999
    1.9074
    1.9181
    1.8873
    1.9082
    1.9228
    1.9282
    1.9349
    1.9026
    1.9076
    1.9143
    1.9615
    1.9494
    1.9589
    1.9360
    1.9423
    1.9590
    1.9610
    1.9718
    1.9416
    1.9273
    1.9361
    1.9402
    1.9606
    1.9703
    2.0001
    2.0226
    2.0242
    2.0309
    2.0192
    2.0214
    2.0267
    2.0173
    2.0085
    1.9874
    2.0186
    2.0340
    2.0535
    2.0950
    2.1094
    2.1348
    2.1443
    2.1491
    2.1358
    2.1193
    2.1289
    2.1231
    2.1095
    2.1256
    2.1336
    2.1498
    2.1471
    2.1959
    2.1895
    2.2047
    2.1913
    2.2199
    2.2497
    2.2240
    2.2529
    2.2327
    2.2352
    2.2339
    2.2435
    2.2683
    2.2854
    2.2722
    2.2722
    2.2714
    2.2781
    2.3010
    2.3033
    2.3094
    2.3033
    2.2918
    2.3017
    2.3210
    2.3430
    2.3552
    2.3745
    2.3459
    2.3321
    2.3273
    2.3251
    2.3106
    2.3379
    2.3342
    2.3417
    2.3576
    2.3903
    2.3856
    2.3407
    2.3425
    2.3695
    2.3987
    2.4128
    2.3772
    2.3870
    2.4264
    2.3957
    2.3966
    2.3706
    2.3531
    2.3461
    2.3399
    2.3391
    2.3169
    2.3209
    2.3342
    2.3172
    2.3041
    2.3166
    2.3222
    2.3127
    2.3112
    2.3071
    2.2888
    2.2635
    2.2819
    2.2721
    2.2731
    2.2679
    2.2570
    2.2536
    2.2339
    2.2142
    2.1929
    2.2080
    2.2150
    2.2147
    2.2141
    2.2584
    2.2704
    2.2638
    2.2409
    2.2713
    2.2758
    2.2824
    2.2767
    2.2757
    2.2587
    2.2694
    2.2609
    2.2505
    2.2753
    2.2812
    2.2938
    2.3078
    2.3217
    2.3543
    2.3918
    2.3688
    2.3572
    2.3483
    2.3544
    2.3642
    2.3855
    2.3946
    2.3651
    2.3747
    2.3590
    2.3625
    2.3748
    2.3871
    2.3985
    2.3893
    2.4093
    2.4139
    2.4061
    2.4151
    2.4067
    2.4144
    2.4209
    2.4272
    2.4134
    2.3995
    2.3856
    2.3906
    2.4000
    2.3890
    2.4012
    2.3939
    2.4033
    2.4075
    2.4152
    2.4053
    2.4003
    2.3887
    2.3811
    2.3720
    2.3680
    2.3902
    2.3854
    2.3966
    2.4301
    2.4155
    2.4045
    2.3955
    2.3810
    2.3888
    2.3960
    2.3999
    2.4090
    2.4233
    2.4393
    2.4481
    2.4318
    2.4107
    2.4119
    2.4109
    2.3875
    2.3778
    2.3657
    2.3541
    2.3241
    2.3399
    2.3362
    2.3422
    2.3110
    2.3055
    2.2794
    2.2626
    2.2582
    2.2144
    2.1720
    2.1673
    2.1459
    2.1406
    2.1312
    2.1564
    2.1558
    2.1463
    2.1727
    2.1834
    2.1746
    2.1854
    2.1750
    2.1708
    2.1651
    2.1672
    2.1560
    2.1715
    2.1604
    2.1391
    2.1423
    2.1274
    2.1164
    2.1257
    2.1407
    2.1301
    2.1472
    2.1588
    2.1483
    2.1396
    2.1658
    2.1419
    2.1539
    2.1382
    2.1470
    2.1476
    2.1572
    2.1521
    2.1620
    2.1684
    2.1740
    2.1558
    2.1493
    2.1523
    2.1420
    2.1331
    2.1185
    2.1089
    2.0798
    2.0865
    2.0785
    2.0734
    2.0759
    2.0626
    2.0450
    2.0350
    2.0159
    1.9992
    1.9721
    1.9763
    1.9852
    1.9671
    1.9744
    1.9868
    2.0048
    1.9889
    1.9785
    1.9657
    1.9619
    1.9548
    1.9565
    1.9438
    1.9317
    1.9221
    1.9330
    1.9376
    1.9517
    1.9556
    1.9490
    1.9282
    1.9210
    1.9261
    1.9299
    1.9253
    1.9383
    1.9500
    1.9410
    1.9552
    1.9503
    1.9622
    1.9606
    1.9757
    1.9745
    1.9615
    1.9600
    1.9691
    1.9804
    1.9734
    1.9877
    1.9778
    1.9696
    1.9694
    1.9755
    1.9748
    1.9817
    1.9859
    1.9784
    1.9829
    1.9864
    2.0021
    2.0067
    2.0091
    2.0058
    1.9983
    2.0047
    2.0153
    2.0149
    2.0088
    2.0130
    2.0055
    2.0007
    1.9995
    2.0044
    2.0056
    2.0097
    2.0060
    2.0098
    2.0115
    2.0012
    2.0044
    2.0021
    2.0047
    2.0006
    1.9918
    2.0023
    1.9901
    1.9890
    1.9832
    1.9741
    1.9684
    1.9560
    1.9548
    1.9609
    1.9710
    1.9839
    1.9822
    1.9878
    1.9894
    1.9891
    1.9851
    1.9929
    1.9910
    2.0001
    2.0082
    2.0100
    1.9998
    2.0010
    1.9941
    2.0050
    2.0048
    2.0058
    2.0115
    2.0203
    2.0291
    2.0411
    2.0551
    2.0677
    2.0705
    2.0848
    2.0834
    2.0822
    2.0849
    2.0777
    2.0743
    2.0685
    2.0655
    2.0576
    2.0532
    2.0507
    2.0549
    2.0503
    2.0575
    2.0604
    2.0607
    2.0579
    2.0625
    2.0645
    2.0647
    2.0570
    2.0598
    2.0678
    2.0696
    2.0783
    2.0867
    2.0816
    2.0787
    2.0709
    2.0707
    2.0784
    2.0680
    2.0580
    2.0635
    2.0749
    2.0700
    2.0850
    2.0904
    2.0903
    2.0758
    2.0812
    2.0751
    2.0709
    2.0661
    2.0684
    2.0620
    2.0626
    2.0627
    2.0587
    2.0638
    2.0753
    2.0834
    2.0873
    2.0899
    2.0928
    2.1046
    2.1045
    2.1110
    2.1106
    2.1236
    2.1129
    2.1213
    2.1292
    2.1376
    2.1466
    2.1464
    2.1501
    2.1578
    2.1737
    2.1695
    2.1942
    2.2245
    2.2218
    2.2177
    2.2174
    2.2353
    2.2320
    2.2196
    2.2026
    2.1952
    2.2138
    2.2230
    2.2338
    2.2426
    2.2423
    2.2409
    2.2325
    2.2313
    2.2384
    2.2581
    2.2540
    2.2467
    2.2465
    2.2460
    2.2278
    2.2218
    2.2299
    2.2580
    2.2509
    2.2486
    2.2379
    2.2449
    2.2445
    2.2592
    2.2242
    2.2205
    2.2390
    2.2129
    2.2148
    2.1977
    2.1904
    2.1904
    2.1868
    2.1608
    2.1448
    2.1767
    2.1806
    2.1611
    2.1391
    2.1238
    2.1238
    2.1467
    2.1159
    2.1303
    2.1429
    2.1366
    2.1151
    2.1159
    2.1099
    2.1099
    2.1007
    2.1122
    2.1292
    2.1171
    2.0946
    2.0592
    2.0355
    2.0303
    2.0241
    2.0241
    2.0312
    2.0205
    2.0127
    1.9827
    1.9845
    2.0179
    2.0088
    2.0387
    2.0387
    2.0496
    2.0551
    2.0686
    2.0477
    2.0448
    2.0092
    2.0026
    1.9942
    1.9942
    1.9595
    1.9437
    1.9361
    1.9064
    1.9313
    1.9230
    1.9384
    1.9870
    1.9870
    1.9512
    1.9698
    1.9648
    1.9843
    1.9869
    2.0075
    1.9911
    2.0272
    2.0272
    1.9946
    1.9540
    1.9316
    1.8714
    1.8629
    1.8265
    1.8313
    1.8325
    1.8325
    1.8955
    1.9511
    1.9232
    1.9379
    1.8839
    1.8615
    1.7974
    1.8463
    1.8415
    1.8415
    1.8382
    1.8416
    1.8449
    1.8626
    1.8485
    1.8457
    1.8314
    1.8174
    1.8174
    1.8432
    1.8515
    1.8002
    1.8406
    1.8376
    1.7562
    1.7696
    1.8438
    1.8438
    1.8200
    1.8445
    1.7808
    1.7764
    1.8019
    1.7471
