    1.5922
    1.6211
    1.4544
    1.4234
    4.2611
    1.3463
    4.7144
    2.5395
    1.1625
    1.0654
    0.9768
    1.2507
    1.4249
    2.0201
    1.9846
    1.6318
    2.0401
    2.1679
    1.9203
    2.6632
    2.1112
    1.9345
    1.5501
    1.5934
    1.2872
    1.3012
    1.2070
    1.0638
    0.9655
    1.1920
    1.1861
    0.9792
    1.2330
    1.0856
    1.2508
    1.2272
    1.2351
    1.1893
    1.3088
    1.5066
    1.3791
    1.2428
    1.4112
    1.2841
    1.1832
    1.1924
    1.2602
    1.2796
    1.3365
    1.4745
    1.4079
    1.3682
    1.4523
    1.4073
    1.2748
    1.4794
    1.5703
    1.5461
    1.6568
    1.6901
    1.7171
    1.5484
    1.6288
    1.8166
    1.7903
    1.8760
    1.9494
    1.9241
    2.0352
    1.9953
    1.8708
    1.9293
    1.9582
    1.8126
    1.5769
    1.4506
    1.3633
    1.3178
    1.2152
    1.1230
    1.1039
    1.1095
    1.1252
    1.0442
    0.9935
    0.9851
    0.9579
    0.9773
    0.9332
    0.9398
    0.9420
    0.9585
    0.9197
    0.9588
    1.0409
    1.0743
    1.1291
    1.2162
    1.2367
    1.2599
    1.3057
    1.3444
    1.3710
    1.3406
    1.3048
    1.3437
    1.3272
    1.3350
    1.3204
    1.2748
    1.2311
    1.3169
    1.3340
    1.3728
    1.3585
    1.3330
    1.3666
    1.3869
    1.3574
    1.3821
    1.4162
    1.4150
    1.4391
    1.4302
    1.4159
    1.4346
    1.4331
    1.4236
    1.4911
    1.4347
    1.4776
    1.4748
    1.4740
    1.5254
    1.5333
    1.5340
    1.6007
    1.5918
    1.6042
    1.6178
    1.5653
    1.5554
    1.5284
    1.4895
    1.4809
    1.5137
    1.4149
    1.4215
    1.3957
    1.3901
    1.3106
    1.2699
    1.2889
    1.2912
    1.2582
    1.2493
    1.2196
    1.2035
    1.1912
    1.1652
    1.1479
    1.1017
    1.0600
    0.9908
    1.0295
    0.9741
    0.9994
    0.9710
    0.9660
    0.9836
    0.9777
    0.9924
    0.9793
    0.9511
    0.9528
    0.9806
    0.9776
    1.0053
    0.9979
    1.0159
    1.0348
    1.0392
    1.0242
    1.0339
    1.0434
    1.0575
    1.0571
    1.0396
    1.0338
    1.0511
    1.0625
    1.0240
    1.0218
    1.0229
    1.0227
    1.0279
    1.0341
    1.0342
    1.0478
    1.0622
    1.0724
    1.0833
    1.0953
    1.0774
    1.1231
    1.1735
    1.2170
    1.1838
    1.2082
    1.2137
    1.2097
    1.2376
    1.2593
    1.2383
    1.2471
    1.2289
    1.2024
    1.2133
    1.2317
    1.2284
    1.2115
    1.1901
    1.1604
    1.1359
    1.1508
    1.1278
    1.1066
    1.1093
    1.1111
    1.1224
    1.1219
    1.1125
    1.1108
    1.0678
    1.0535
    1.0374
    1.0413
    1.0135
    1.0065
    1.0087
    1.0005
    1.0084
    0.9955
    1.0102
    1.0316
    1.0057
    0.9989
    0.9863
    0.9725
    0.9859
    0.9850
    0.9792
    0.9542
    0.9725
    0.9647
    0.9778
    0.9686
    0.9784
    0.9756
    0.9524
    0.9426
    0.9361
    0.9505
    0.9253
    0.9242
    0.9389
    0.9354
    0.9081
    0.9091
    0.9051
    0.9089
    0.9084
    0.9144
    0.9047
    0.9089
    0.9101
    0.9207
    0.9254
    0.9372
    0.9339
    0.9544
    0.9557
    0.9508
    0.9512
    0.9500
    0.9583
    0.9475
    0.9503
    0.9394
    0.9327
    0.9345
    0.9390
    0.9441
    0.9456
    0.9654
    0.9668
    0.9812
    0.9832
    0.9793
    1.0056
    1.0192
    1.0172
    1.0138
    1.0041
    0.9984
    1.0076
    0.9921
    0.9831
    0.9802
    0.9886
    0.9885
    0.9886
    1.0043
    1.0205
    1.0297
    1.0287
    1.0292
    1.0332
    1.0309
    1.0188
    1.0303
    1.0411
    1.0428
    1.0490
    1.0521
    1.0678
    1.0885
    1.0913
    1.0985
    1.0822
    1.0979
    1.1095
    1.1340
    1.1341
    1.1315
    1.1328
    1.1553
    1.1678
    1.1783
    1.1746
    1.1834
    1.1708
    1.1692
    1.1668
    1.1769
    1.1874
    1.1985
    1.1801
    1.1672
    1.1635
    1.1514
    1.1441
    1.1582
    1.1444
    1.1465
    1.1331
    1.1341
    1.1266
    1.1208
    1.1320
    1.1294
    1.1301
    1.1210
    1.1391
    1.1428
    1.1484
    1.1499
    1.1606
    1.1585
    1.1508
    1.1671
    1.1685
    1.1725
    1.1791
    1.1904
    1.1999
    1.2119
    1.2130
    1.2124
    1.2138
    1.2206
    1.2213
    1.2324
    1.2534
    1.2462
    1.2618
    1.2590
    1.2656
    1.2781
    1.2839
    1.2985
    1.3076
    1.3126
    1.2992
    1.3003
    1.2942
    1.2725
    1.2635
    1.2744
    1.2948
    1.2959
    1.2995
    1.3026
    1.3010
    1.3062
    1.3133
    1.3248
    1.3309
    1.3259
    1.3210
    1.3265
    1.3322
    1.3430
    1.3439
    1.3617
    1.3860
    1.4019
    1.3982
    1.4095
    1.4141
    1.4144
    1.4034
    1.4204
    1.4321
    1.4557
    1.4371
    1.4478
    1.4696
    1.4736
    1.4838
    1.4916
    1.5035
    1.5026
    1.5187
    1.5317
    1.5207
    1.5225
    1.5426
    1.5683
    1.5689
    1.5892
    1.6192
    1.6309
    1.6265
    1.6390
    1.6588
    1.6560
    1.6629
    1.6576
    1.6627
    1.6738
    1.6815
    1.6834
    1.6780
    1.6863
    1.6891
    1.7093
    1.7260
    1.7372
    1.7233
    1.7443
    1.7507
    1.7468
    1.7583
    1.7549
    1.7623
    1.7581
    1.7601
    1.7579
    1.7860
    1.8057
    1.8075
    1.8115
    1.8234
    1.8263
    1.8345
    1.8284
    1.8117
    1.8148
    1.8313
    1.8445
    1.8612
    1.8455
    1.8571
    1.8736
    1.8641
    1.8506
    1.8737
    1.8701
    1.8383
    1.8566
    1.8677
    1.8625
    1.8775
    1.8953
    1.8971
    1.9106
    1.9268
    1.9316
    1.9563
    1.9768
    1.9843
    1.9839
    1.9965
    2.0067
    2.0019
    2.0351
    2.0361
    2.0543
    2.0519
    2.0327
    2.0245
    2.0253
    2.0071
    1.9913
    2.0108
    2.0073
    1.9798
    1.9844
    1.9541
    1.9617
    1.9665
    1.9634
    1.9501
    1.9441
    1.9254
    1.9221
    1.9087
    1.9263
    1.9455
    1.9801
    1.9789
    1.9819
    1.9674
    1.9610
    1.9348
    1.9649
    1.9592
    1.9563
    1.9394
    1.9490
    1.9565
    1.9584
    1.9304
    1.9330
    1.9389
    1.9320
    1.9308
    1.9277
    1.9239
    1.9278
    1.9291
    1.9232
    1.9181
    1.9413
    1.9504
    1.9500
    1.9428
    1.9311
    1.9324
    1.9165
    1.9105
    1.9176
    1.9565
    1.9827
    1.9893
    1.9915
    1.9935
    1.9906
    2.0086
    2.0303
    2.0452
    2.0550
    2.0637
    2.0761
    2.0855
    2.1110
    2.1217
    2.1255
    2.1294
    2.1139
    2.1187
    2.1033
    2.1248
    2.1377
    2.1455
    2.1353
    2.1282
    2.1326
    2.1462
    2.1564
    2.1448
    2.1385
    2.1486
    2.1655
    2.1865
    2.1951
    2.1945
    2.1934
    2.1967
    2.2279
    2.2576
    2.2669
    2.2626
    2.2592
    2.2553
    2.2642
    2.2618
    2.2782
    2.2719
    2.2712
    2.3087
    2.3107
    2.2860
    2.2747
    2.2982
    2.3316
    2.3384
    2.3064
    2.3014
    2.3098
    2.3234
    2.3251
    2.3339
    2.3421
    2.3584
    2.3683
    2.3829
    2.3999
    2.3949
    2.4164
    2.4090
    2.4049
    2.4107
    2.4165
    2.4087
    2.4308
    2.4200
    2.4201
    2.4170
    2.4175
    2.4231
    2.4240
    2.4417
    2.4439
    2.4461
    2.4892
    2.4886
    2.5009
    2.5000
    2.4895
    2.5006
    2.5296
    2.5388
    2.5280
    2.5458
    2.5275
    2.5323
    2.5434
    2.5381
    2.5356
    2.4865
    2.4852
    2.5095
    2.5036
    2.4817
    2.4777
    2.4683
    2.4601
    2.4611
    2.4533
    2.4274
    2.4428
    2.4570
    2.4688
    2.4476
    2.4723
    2.4638
    2.4649
    2.4460
    2.4557
    2.4644
    2.4727
    2.4548
    2.4520
    2.4481
    2.4586
    2.4659
    2.4652
    2.4668
    2.4721
    2.4562
    2.4514
    2.4178
    2.4101
    2.4160
    2.4143
    2.4189
    2.4154
    2.4190
    2.4018
    2.3728
    2.3766
    2.3799
    2.3584
    2.3356
    2.3511
    2.3076
    2.3158
    2.3157
    2.2957
    2.2922
    2.3040
    2.3084
    2.2825
    2.2855
    2.2599
    2.2489
    2.2032
    2.2058
    2.2042
    2.1938
    2.2036
    2.1804
    2.1830
    2.1670
    2.1585
    2.1704
    2.1637
    2.1674
    2.1675
    2.1628
    2.1464
    2.1554
    2.1514
    2.1440
    2.1437
    2.1465
    2.1584
    2.1775
    2.1713
    2.1578
    2.1674
    2.1492
    2.1570
    2.1585
    2.1295
    2.1392
    2.1537
    2.1414
    2.1679
    2.1503
    2.1512
    2.1633
    2.1669
    2.1758
    2.1834
    2.1654
    2.1620
    2.1767
    2.1635
    2.1737
    2.1909
    2.1955
    2.1967
    2.1932
    2.1866
    2.1972
    2.1892
    2.1801
    2.1776
    2.1780
    2.1817
    2.1948
    2.2116
    2.2044
    2.1999
    2.2150
    2.2160
    2.2156
    2.2144
    2.2072
    2.2065
    2.2009
    2.2024
    2.1960
    2.1946
    2.1913
    2.1913
    2.1890
    2.1850
    2.1800
    2.1848
    2.1882
    2.1864
    2.1881
    2.1881
    2.1943
    2.1938
    2.1880
    2.1853
    2.1876
    2.1829
    2.1923
    2.1950
    2.1940
    2.1923
    2.1931
    2.1891
    2.1895
    2.1849
    2.1830
    2.1872
    2.1788
    2.1661
    2.1695
    2.1749
    2.1718
    2.1692
    2.1741
    2.1702
    2.1624
    2.1549
    2.1560
    2.1557
    2.1715
    2.1642
    2.1673
    2.1625
    2.1653
    2.1668
    2.1725
    2.1722
    2.1920
    2.1939
    2.2023
    2.1926
    2.1978
    2.2053
    2.2015
    2.2021
    2.2049
    2.1954
    2.1959
    2.2032
    2.2087
    2.2179
    2.2140
    2.2097
    2.2107
    2.2201
    2.2079
    2.2092
    2.2052
    2.2114
    2.2097
    2.2218
    2.2236
    2.2163
    2.2125
    2.2218
    2.2230
    2.2380
    2.2402
    2.2457
    2.2443
    2.2390
    2.2420
    2.2422
    2.2375
    2.2387
    2.2556
    2.2629
    2.2869
    2.2938
    2.2922
    2.2883
    2.2897
    2.2906
    2.2915
    2.2837
    2.2797
    2.2894
    2.3135
    2.3170
    2.3207
    2.3278
    2.3493
    2.3735
    2.3747
    2.3700
    2.4237
    2.4231
    2.4212
    2.4050
    2.4413
    2.4473
    2.4332
    2.4363
    2.4319
    2.4693
    2.4752
    2.5185
    2.5358
    2.5748
    2.6101
    2.6150
    2.6162
    2.6177
    2.6307
    2.6233
    2.6514
    2.6519
    2.6753
    2.6634
    2.6759
    2.6759
    2.6505
    2.6581
    2.6609
    2.6713
    2.6894
    2.7280
    2.7167
    2.7258
    2.7258
    2.7497
    2.7583
    2.7627
    2.7691
    2.7584
    2.7495
    2.7563
    2.7994
    2.7994
    2.7864
    2.8305
    2.8360
    2.8308
    2.8353
    2.9176
    2.8959
    2.8510
    2.8708
    2.8708
    2.8121
    2.8188
    2.8951
    2.8899
    2.8669
    2.8716
    2.8462
    2.8004
    2.8004
    2.8681
    2.8990
    2.8507
    2.8757
    2.9701
    2.9396
    2.8845
    2.8953
    2.8953
    2.8968
    2.9370
    2.9730
    3.0020
    2.9593
    3.0323
    3.1169
    3.0897
    3.0897
    3.0790
    3.1044
    3.0800
    3.0130
    3.0256
    3.0850
    3.1261
    3.0314
    3.0314
    3.1014
    3.1438
    3.1973
    3.2714
    3.2988
    3.3071
    3.3800
    3.3339
    3.3339
    3.3962
    3.4210
    3.4355
    3.4777
    3.4134
    3.4632
    3.5134
    3.5977
    3.5452
    3.5452
    3.5570
    3.5166
    3.5130
    3.5763
    3.4964
    3.4590
    3.4815
    3.5728
    3.5728
    3.5920
    3.5982
    3.6631
    3.6047
    3.5454
    3.7040
    3.7868
    3.7798
    3.7798
    3.8356
    3.8767
    3.8948
    3.9541
    4.0349
    4.0965
