    0.9966
    0.9786
    0.9361
    0.7635
    0.9748
    0.8464
    1.2441
    0.7930
    0.8672
    0.7757
    0.7275
    0.6632
    0.6510
    0.5371
    0.4554
    0.3667
    0.3877
    0.3296
    0.3316
    0.3388
    0.3212
    0.2600
    0.3058
    0.3323
    0.3153
    0.3175
    0.3923
    0.3770
    0.3802
    0.3837
    0.4685
    0.6249
    0.8653
    0.9799
    1.2064
    1.2949
    1.2534
    1.4281
    1.2739
    1.2586
    0.8844
    0.9133
    0.8482
    0.8017
    0.7578
    0.7947
    0.6543
    0.6333
    0.7161
    0.5898
    0.6220
    0.6808
    0.6789
    0.7449
    0.7805
    0.6916
    0.7282
    0.6595
    0.7298
    0.7217
    0.7570
    0.8214
    0.9740
    1.0682
    1.0019
    0.9466
    0.9595
    0.9721
    0.9360
    0.9705
    0.9098
    0.9005
    0.9706
    1.1119
    1.1230
    1.1339
    1.0653
    1.0709
    1.0418
    1.0246
    1.0534
    1.3654
    1.3887
    1.4004
    1.4260
    1.4344
    1.5951
    1.6375
    1.7154
    2.0736
    2.0645
    2.0088
    1.9320
    1.9744
    2.0303
    1.9722
    2.0258
    2.0529
    2.0403
    2.0703
    2.1041
    2.1727
    2.0646
    2.0015
    2.0051
    2.0636
    1.9987
    1.9360
    1.8562
    1.9423
    2.0860
    2.1451
    2.0511
    2.0420
    2.1093
    2.1642
    2.2230
    2.2173
    2.2423
    2.2665
    2.2699
    2.0526
    1.9819
    1.9192
    1.9529
    1.9557
    1.9767
    2.1062
    2.1151
    2.1652
    2.1282
    2.1963
    2.1598
    2.2070
    2.2114
    2.1155
    2.1135
    1.9861
    1.9118
    1.8242
    1.8146
    1.9470
    2.0341
    2.2068
    2.2751
    2.3082
    2.4306
    2.4286
    2.3432
    2.4273
    2.4109
    2.4146
    2.6050
    2.6947
    2.7213
    2.6575
    2.9092
    2.8089
    2.6830
    2.7037
    2.6499
    2.5826
    2.5617
    2.5826
    2.4153
    2.4717
    2.4472
    2.4786
    2.5216
    2.5827
    2.6762
    2.7465
    2.8046
    2.8765
    2.9481
    3.0659
    3.2419
    3.2883
    3.3163
    3.1960
    3.0300
    2.9804
    2.9518
    2.8286
    2.7804
    2.7660
    2.7154
    2.7637
    2.5934
    2.4825
    2.4786
    2.5179
    2.5506
    2.5023
    2.5262
    2.4140
    2.4211
    2.3931
    2.4149
    2.5278
    2.5249
    2.5859
    2.5530
    2.6295
    2.7344
    2.7132
    2.6833
    2.7407
    2.7375
    2.6936
    2.6471
    2.6177
    2.6102
    2.5592
    2.5632
    2.4950
    2.4950
    2.5390
    2.5261
    2.4695
    2.3912
    2.3563
    2.3248
    2.3246
    2.2901
    2.3044
    2.2358
    2.2240
    2.1543
    2.1946
    2.2109
    2.2659
    2.3182
    2.2640
    2.3376
    2.3847
    2.3765
    2.4838
    2.4819
    2.5452
    2.5203
    2.5265
    2.4083
    2.4077
    2.3350
    2.3537
    2.4168
    2.4726
    2.4869
    2.4418
    2.4511
    2.4755
    2.4639
    2.2835
    2.2969
    2.3055
    2.3046
    2.2945
    2.2332
    2.2249
    2.2310
    2.2242
    2.2020
    2.2143
    2.2262
    2.2243
    2.2000
    2.1873
    2.1923
    2.1548
    2.1643
    2.1604
    2.1934
    2.1825
    2.1782
    2.1262
    2.1463
    2.1508
    2.1554
    2.1611
    2.1289
    2.1568
    2.1725
    2.1575
    2.1879
    2.2012
    2.2438
    2.2966
    2.3166
    2.3496
    2.3521
    2.3489
    2.3611
    2.3698
    2.3916
    2.4002
    2.3663
    2.3651
    2.3779
    2.3427
    2.3471
    2.3427
    2.3423
    2.3453
    2.3200
    2.3961
    2.3898
    2.4104
    2.4096
    2.3859
    2.3783
    2.3905
    2.3543
    2.3522
    2.3880
    2.4000
    2.3672
    2.3616
    2.4136
    2.4593
    2.4342
    2.4113
    2.3775
    2.3787
    2.3712
    2.3741
    2.3715
    2.3826
    2.3851
    2.4060
    2.4013
    2.4097
    2.4131
    2.4029
    2.3705
    2.3652
    2.3470
    2.3416
    2.3221
    2.3333
    2.3817
    2.3477
    2.3875
    2.3436
    2.3458
    2.3620
    2.3951
    2.4127
    2.4136
    2.4350
    2.4321
    2.4372
    2.4144
    2.4333
    2.3947
    2.4024
    2.4252
    2.4275
    2.4044
    2.4022
    2.4034
    2.3638
    2.3393
    2.3356
    2.2809
    2.2786
    2.2731
    2.2357
    2.1868
    2.1388
    2.0507
    2.0241
    1.9567
    1.9390
    1.8931
    1.8878
    1.8834
    1.8609
    1.8341
    1.8294
    1.8295
    1.7875
    1.7875
    1.7587
    1.7479
    1.6987
    1.6940
    1.6715
    1.6675
    1.6656
    1.6557
    1.6501
    1.6279
    1.6208
    1.6162
    1.6094
    1.5929
    1.5790
    1.5753
    1.5630
    1.5570
    1.5482
    1.5384
    1.5352
    1.5518
    1.5428
    1.5408
    1.5322
    1.5120
    1.5187
    1.5143
    1.5089
    1.4941
    1.4998
    1.4899
    1.4691
    1.4535
    1.4397
    1.4261
    1.4236
    1.4210
    1.4178
    1.4236
    1.4272
    1.4292
    1.4366
    1.4510
    1.4067
    1.3873
    1.3910
    1.3897
    1.3834
    1.3800
    1.3876
    1.3879
    1.3530
    1.3674
    1.3491
    1.3327
    1.3258
    1.3408
    1.3380
    1.3299
    1.3267
    1.3233
    1.3135
    1.2969
    1.2659
    1.2670
    1.2753
    1.2450
    1.2303
    1.2005
    1.2010
    1.1963
    1.1980
    1.1625
    1.1299
    1.1251
    1.0982
    1.0827
    1.0667
    1.0820
    1.0587
    1.0491
    1.0591
    1.0772
    1.0673
    1.0506
    1.0450
    1.0578
    1.0673
    1.0708
    1.0537
    1.0491
    1.0487
    1.0465
    1.0413
    1.0376
    1.0427
    1.0448
    1.0387
    1.0318
    1.0234
    1.0227
    1.0292
    1.0390
    1.0395
    1.0508
    1.0374
    1.0301
    1.0271
    1.0221
    1.0080
    0.9999
    0.9925
    0.9844
    0.9814
    0.9735
    0.9643
    0.9636
    0.9616
    0.9674
    0.9623
    0.9540
    0.9537
    0.9526
    0.9466
    0.9462
    0.9332
    0.9380
    0.9238
    0.9216
    0.9238
    0.9123
    0.9088
    0.9096
    0.9059
    0.9013
    0.8994
    0.8922
    0.8811
    0.8802
    0.8760
    0.8737
    0.8853
    0.8753
    0.8757
    0.8819
    0.8662
    0.8671
    0.8553
    0.8617
    0.8561
    0.8574
    0.8493
    0.8452
    0.8382
    0.8528
    0.8649
    0.8575
    0.8569
    0.8554
    0.8580
    0.8630
    0.8597
    0.8470
    0.8527
    0.8603
    0.8638
    0.8541
    0.8562
    0.8554
    0.8702
    0.8626
    0.8482
    0.8431
    0.8397
    0.8306
    0.8293
    0.8320
    0.8312
    0.8386
    0.8319
    0.8261
    0.8197
    0.8199
    0.8284
    0.8289
    0.8232
    0.8322
    0.8266
    0.8265
    0.8231
    0.8283
    0.8364
    0.8324
    0.8328
    0.8301
    0.8318
    0.8357
    0.8439
    0.8398
    0.8436
    0.8480
    0.8431
    0.8490
    0.8559
    0.8495
    0.8489
    0.8542
    0.8587
    0.8529
    0.8450
    0.8441
    0.8444
    0.8488
    0.8498
    0.8420
    0.8398
    0.8471
    0.8474
    0.8536
    0.8419
    0.8450
    0.8519
    0.8549
    0.8554
    0.8631
    0.8724
    0.8767
    0.8720
    0.8728
    0.8698
    0.8670
    0.8619
    0.8659
    0.8684
    0.8712
    0.8775
    0.8820
    0.8923
    0.8992
    0.9002
    0.9050
    0.9147
    0.9060
    0.9102
    0.9062
    0.9051
    0.9072
    0.9043
    0.9051
    0.9013
    0.9047
    0.9120
    0.9103
    0.9132
    0.9102
    0.9144
    0.9117
    0.9124
    0.9156
    0.9174
    0.9305
    0.9355
    0.9319
    0.9379
    0.9464
    0.9520
    0.9432
    0.9405
    0.9445
    0.9404
    0.9455
    0.9431
    0.9514
    0.9515
    0.9533
    0.9515
    0.9531
    0.9534
    0.9502
    0.9576
    0.9518
    0.9497
    0.9552
    0.9546
    0.9543
    0.9599
    0.9721
    0.9698
    0.9737
    0.9734
    0.9813
    0.9747
    0.9774
    0.9789
    0.9789
    0.9646
    0.9541
    0.9584
    0.9554
    0.9572
    0.9462
    0.9442
    0.9467
    0.9461
    0.9534
    0.9487
    0.9386
    0.9391
    0.9289
    0.9235
    0.9243
    0.9252
    0.9247
    0.9107
    0.9019
    0.8994
    0.9031
    0.9034
    0.8897
    0.8926
    0.8965
    0.8966
    0.8890
    0.8875
    0.8844
    0.8825
    0.8766
    0.8763
    0.8768
    0.8734
    0.8716
    0.8624
    0.8614
    0.8663
    0.8614
    0.8598
    0.8546
    0.8523
    0.8426
    0.8431
    0.8409
    0.8378
    0.8415
    0.8441
    0.8501
    0.8579
    0.8451
    0.8425
    0.8402
    0.8429
    0.8397
    0.8382
    0.8368
    0.8327
    0.8292
    0.8204
    0.8162
    0.8250
    0.8309
    0.8277
    0.8296
    0.8339
    0.8329
    0.8437
    0.8403
    0.8420
    0.8501
    0.8579
    0.8534
    0.8564
    0.8667
    0.8731
    0.8658
    0.8708
    0.8656
    0.8771
    0.8799
    0.8792
    0.8771
    0.8680
    0.8674
    0.8614
    0.8554
    0.8518
    0.8488
    0.8503
    0.8501
    0.8498
    0.8496
    0.8577
    0.8639
    0.8748
    0.8734
    0.8752
    0.8718
    0.8754
    0.8702
    0.8633
    0.8601
    0.8618
    0.8620
    0.8610
    0.8599
    0.8516
    0.8561
    0.8684
    0.8674
    0.8771
    0.8772
    0.8731
    0.8722
    0.8738
    0.8732
    0.8734
    0.8765
    0.8735
    0.8782
    0.8771
    0.8814
    0.8804
    0.8780
    0.8834
    0.8837
    0.8864
    0.8876
    0.8886
    0.8901
    0.8869
    0.8846
    0.8806
    0.8862
    0.8868
    0.8818
    0.8774
    0.8724
    0.8847
    0.8867
    0.8860
    0.8961
    0.8899
    0.8923
    0.8933
    0.8978
    0.9002
    0.9005
    0.9038
    0.9064
    0.9068
    0.9023
    0.9020
    0.9028
    0.9051
    0.9058
    0.9118
    0.9088
    0.9153
    0.9122
    0.9152
    0.9102
    0.9103
    0.9083
    0.9082
    0.9047
    0.9064
    0.9041
    0.9017
    0.9090
    0.9085
    0.9088
    0.9117
    0.9107
    0.9104
    0.9202
    0.9165
    0.9224
    0.9253
    0.9226
    0.9228
    0.9221
    0.9184
    0.9159
    0.9066
    0.9073
    0.9055
    0.9132
    0.9110
    0.9112
    0.9089
    0.9199
    0.9268
    0.9223
    0.9160
    0.9172
    0.9183
    0.9193
    0.9195
    0.9295
    0.9388
    0.9451
    0.9482
    0.9648
    0.9716
    0.9799
    0.9774
    0.9778
    0.9779
    0.9844
    0.9883
    0.9852
    0.9972
    1.0062
    1.0231
    1.0198
    1.0194
    1.0196
    1.0209
    1.0262
    1.0476
    1.0518
    1.0531
    1.0475
    1.0718
    1.0849
    1.0850
    1.1008
    1.1182
    1.1461
    1.1581
    1.1715
    1.1962
    1.1939
    1.2090
    1.2090
    1.2039
    1.2040
    1.2240
    1.2628
    1.2687
    1.2707
    1.2658
    1.2870
    1.2870
    1.2985
    1.3156
    1.3390
    1.3674
    1.3675
    1.4065
    1.4343
    1.4430
    1.4430
    1.4231
    1.4665
    1.4895
    1.5208
    1.5084
    1.5328
    1.5141
    1.5311
    1.5351
    1.5351
    1.5203
    1.5132
    1.5013
    1.5113
    1.4979
    1.4903
    1.4925
    1.5001
    1.5001
    1.4943
    1.4880
    1.5138
    1.5158
    1.5014
    1.5177
    1.5340
    1.5490
    1.5490
    1.5941
    1.6464
    1.6945
    1.7035
    1.7019
    1.7130
    1.7406
    1.7528
    1.7528
    1.7702
    1.7661
    1.7263
    1.7147
    1.7118
    1.6937
    1.6695
    1.6711
    1.6711
    1.7420
    1.7375
    1.7063
    1.7672
    1.8041
    1.8362
    1.8059
    1.7963
    1.7963
    1.8168
    1.7919
    1.8534
    1.8018
    1.8111
    1.7864
    1.7911
    1.7860
    1.8034
    1.8034
    2.0028
    1.9675
    1.9403
    1.9573
    1.9899
    1.9677
    1.9756
    1.9287
    1.9287
    1.8817
    1.9087
    1.9590
    1.9459
    2.1045
    2.0209
    2.0337
    2.0425
    2.0425
    2.0913
    2.0974
    2.1768
    2.0991
    2.1795
    2.2711
