   11.2272
   13.0626
   41.1497
   15.1008
    3.8526
    2.6981
    0.7514
    2.9613
    0.9283
    1.1182
    1.3583
    1.7960
    1.4847
    1.3208
    1.0686
    1.1176
    1.1044
    1.2566
    1.2271
    1.2767
    1.3051
    1.3599
    1.3910
    1.3899
    1.3023
    1.1330
    1.0833
    1.0916
    1.0320
    1.1671
    1.0380
    1.2470
    1.3965
    1.2802
    1.1758
    1.1971
    1.3298
    1.2913
    1.3937
    1.3797
    1.2334
    1.2626
    1.3818
    1.4524
    1.4687
    1.4675
    1.3521
    1.2881
    1.0484
    0.9898
    0.9578
    0.9757
    0.9601
    0.9896
    1.0278
    1.0390
    1.0612
    1.0764
    1.1274
    1.1578
    1.2771
    1.2762
    1.4147
    1.4398
    1.4107
    1.4108
    1.4148
    1.4353
    1.4669
    1.4500
    1.4267
    1.2929
    1.2744
    1.2671
    1.2429
    1.2658
    1.2920
    1.3512
    1.2541
    1.2752
    1.2299
    1.1841
    1.2115
    1.2638
    1.2664
    1.2053
    1.2224
    1.3983
    1.3664
    1.3422
    1.3887
    1.3725
    1.3052
    1.3107
    1.3567
    1.2906
    1.3021
    1.4446
    1.5205
    1.5479
    1.5920
    1.6169
    1.6770
    1.7014
    1.6704
    1.6536
    1.6326
    1.6490
    1.6430
    1.5943
    1.5346
    1.5555
    1.5211
    1.5072
    1.4422
    1.5171
    1.5532
    1.4982
    1.3183
    1.2663
    1.2798
    1.2683
    1.1965
    1.1913
    1.1911
    1.1525
    1.1579
    1.1638
    1.1703
    1.1870
    1.2203
    1.2527
    1.2794
    1.2791
    1.3076
    1.3009
    1.3039
    1.3151
    1.3657
    1.3690
    1.3622
    1.4062
    1.4400
    1.4503
    1.4718
    1.4204
    1.3734
    1.3478
    1.3937
    1.4640
    1.5367
    1.5378
    1.5739
    1.5681
    1.6349
    1.6682
    1.6364
    1.6067
    1.6729
    1.7371
    1.7357
    1.7717
    1.7706
    1.6967
    1.6829
    1.6572
    1.6238
    1.5849
    1.6288
    1.5704
    1.5940
    1.6031
    1.5878
    1.5820
    1.5795
    1.6086
    1.6320
    1.6193
    1.6205
    1.6124
    1.6255
    1.5743
    1.5664
    1.5409
    1.6179
    1.6514
    1.6820
    1.6442
    1.7073
    1.7285
    1.7070
    1.6604
    1.6691
    1.6732
    1.7103
    1.6962
    1.6796
    1.6696
    1.7039
    1.6926
    1.6602
    1.6498
    1.6534
    1.7000
    1.7003
    1.7273
    1.7515
    1.7804
    1.7708
    1.7794
    1.7616
    1.7526
    1.7665
    1.7627
    1.8259
    1.8213
    1.8245
    1.8394
    1.8582
    1.8595
    1.8649
    1.8752
    1.8558
    1.8677
    1.8939
    1.9050
    1.8953
    1.9110
    1.9256
    1.9214
    1.9578
    2.0099
    1.9435
    1.9787
    2.0435
    2.0900
    2.2081
    2.2178
    2.2517
    2.2292
    2.3441
    2.4161
    2.4542
    2.4965
    2.5555
    2.5627
    2.6361
    2.6811
    2.6228
    2.6907
    2.7081
    2.6910
    2.7536
    2.7886
    2.7652
    2.7888
    2.8333
    2.8944
    2.9510
    2.9580
    2.9928
    2.9050
    2.9377
    2.9544
    2.9772
    2.9867
    3.0215
    3.0332
    3.0058
    2.9761
    2.8776
    2.8491
    2.8908
    2.8698
    2.9060
    2.9122
    2.9584
    3.0156
    3.0935
    3.1046
    3.2285
    3.2213
    3.2339
    3.2722
    3.2924
    3.4305
    3.4991
    3.6345
    3.7616
    3.7963
    3.8001
    3.8852
    3.9276
    3.9355
    3.9719
    4.0602
    4.0487
    4.0452
    4.0710
    4.0066
    3.9510
    3.9603
    4.1519
    4.1161
    4.1579
    4.2101
    4.2169
    4.1949
    4.3001
    4.3103
    4.3639
    4.4179
    4.3858
    4.4580
    4.4673
    4.4629
    4.5464
    4.5015
    4.5227
    4.6455
    4.6106
    4.6210
    4.5866
    4.5204
    4.6034
    4.5738
    4.5922
    4.6193
    4.6522
    4.6499
    4.7526
    4.7581
    4.6563
    4.6163
    4.6000
    4.6310
    4.6499
    4.7050
    4.7103
    4.5334
    4.6128
    4.6975
    4.7420
    4.7110
    4.7421
    4.7376
    4.6601
    4.6151
    4.5764
    4.5099
    4.5151
    4.4537
    4.4018
    4.2997
    4.3440
    4.2734
    4.2160
    4.1130
    4.0787
    3.9752
    3.9558
    3.8257
    3.7290
    3.6967
    3.6758
    3.6422
    3.5730
    3.3838
    3.3522
    3.3531
    3.3528
    3.3422
    3.2367
    3.2604
    3.2384
    3.2018
    3.1994
    3.2232
    3.2131
    3.2137
    3.1687
    3.1047
    3.1096
    3.0167
    3.0101
    2.9630
    2.9818
    2.9146
    2.9103
    2.9023
    2.8208
    2.8437
    2.8402
    2.8678
    2.8862
    2.8444
    2.7960
    2.7957
    2.7721
    2.7835
    2.7535
    2.6999
    2.6812
    2.6587
    2.6737
    2.7053
    2.7011
    2.6892
    2.6530
    2.5976
    2.5812
    2.5530
    2.5527
    2.5302
    2.5174
    2.5083
    2.5144
    2.5198
    2.5351
    2.5166
    2.5102
    2.4933
    2.4756
    2.4547
    2.4529
    2.4376
    2.3997
    2.4328
    2.4447
    2.4442
    2.4516
    2.4032
    2.3838
    2.3719
    2.3828
    2.3646
    2.3898
    2.3568
    2.3054
    2.2902
    2.2810
    2.2663
    2.2370
    2.2295
    2.2155
    2.2221
    2.2054
    2.2084
    2.1698
    2.1690
    2.1818
    2.1646
    2.2004
    2.1929
    2.1691
    2.1781
    2.1181
    2.0621
    2.0514
    2.0331
    2.0356
    2.0302
    1.9954
    1.9670
    1.9502
    1.8951
    1.8694
    1.8680
    1.8484
    1.8353
    1.8235
    1.7985
    1.7793
    1.7642
    1.7459
    1.7195
    1.7233
    1.7167
    1.7048
    1.6748
    1.6664
    1.6444
    1.6359
    1.6365
    1.6364
    1.6411
    1.6175
    1.5844
    1.5662
    1.5549
    1.5673
    1.5808
    1.5735
    1.5579
    1.5341
    1.5030
    1.4813
    1.4575
    1.4337
    1.4366
    1.4203
    1.4038
    1.3965
    1.3961
    1.3851
    1.3897
    1.3827
    1.3678
    1.3709
    1.3705
    1.3571
    1.3420
    1.3548
    1.3399
    1.3315
    1.3289
    1.3296
    1.3100
    1.2910
    1.2708
    1.2714
    1.2678
    1.2540
    1.2434
    1.2292
    1.2130
    1.2121
    1.2026
    1.1937
    1.1883
    1.1807
    1.1785
    1.1723
    1.1555
    1.1361
    1.1278
    1.1264
    1.1172
    1.1060
    1.0883
    1.0906
    1.0822
    1.0800
    1.0938
    1.0819
    1.0722
    1.0579
    1.0405
    1.0385
    1.0404
    1.0369
    1.0171
    1.0188
    1.0161
    1.0102
    1.0203
    1.0136
    1.0128
    0.9964
    0.9892
    0.9823
    0.9782
    0.9805
    0.9814
    0.9760
    0.9620
    0.9634
    0.9579
    0.9416
    0.9361
    0.9235
    0.9277
    0.9376
    0.9364
    0.9347
    0.9380
    0.9353
    0.9407
    0.9421
    0.9549
    0.9499
    0.9500
    0.9615
    0.9717
    0.9782
    0.9811
    0.9878
    0.9886
    0.9911
    0.9987
    0.9976
    0.9986
    1.0029
    1.0113
    1.0163
    1.0246
    1.0350
    1.0329
    1.0327
    1.0322
    1.0319
    1.0399
    1.0415
    1.0477
    1.0574
    1.0496
    1.0498
    1.0438
    1.0416
    1.0377
    1.0382
    1.0407
    1.0507
    1.0530
    1.0527
    1.0652
    1.0601
    1.0646
    1.0613
    1.0699
    1.0783
    1.0778
    1.0933
    1.0993
    1.1053
    1.1069
    1.1136
    1.1228
    1.1308
    1.1305
    1.1342
    1.1482
    1.1587
    1.1577
    1.1617
    1.1767
    1.1792
    1.1904
    1.2029
    1.2123
    1.2076
    1.2154
    1.2271
    1.2319
    1.2330
    1.2430
    1.2534
    1.2644
    1.2886
    1.2917
    1.2995
    1.3100
    1.3220
    1.3338
    1.3522
    1.3479
    1.3617
    1.3825
    1.3795
    1.3841
    1.3992
    1.4242
    1.4582
    1.4682
    1.4811
    1.4971
    1.5255
    1.5344
    1.5488
    1.5726
    1.5869
    1.5968
    1.6377
    1.6590
    1.6763
    1.6857
    1.7090
    1.7436
    1.7505
    1.7677
    1.7949
    1.8048
    1.8240
    1.8449
    1.8532
    1.8988
    1.9110
    1.9246
    1.9461
    1.9717
    1.9923
    1.9919
    2.0039
    2.0242
    2.0947
    2.1180
    2.1280
    2.1613
    2.1650
    2.1796
    2.1936
    2.2170
    2.2722
    2.3303
    2.3787
    2.3874
    2.4256
    2.4350
    2.4477
    2.4805
    2.5094
    2.5499
    2.6080
    2.6011
    2.6059
    2.6558
    2.7347
    2.7799
    2.8257
    2.8449
    2.9167
    2.9123
    2.9542
    3.0142
    3.0423
    3.0713
    3.1555
    3.1794
    3.2080
    3.2044
    3.2255
    3.2797
    3.3566
    3.3720
    3.4641
    3.5189
    3.5601
    3.6081
    3.6542
    3.7041
    3.7912
    3.8444
    3.8920
    3.9086
    3.9596
    4.0379
    4.0746
    4.1033
    4.2073
    4.2391
    4.2461
    4.3235
    4.3519
    4.3623
    4.4362
    4.5379
    4.5592
    4.6130
    4.6889
    4.7287
    4.7415
    4.7970
    4.8060
    4.9052
    4.9766
    5.0718
    5.1892
    5.2711
    5.3020
    5.3761
    5.4706
    5.5231
    5.5680
    5.6380
    5.6964
    5.7567
    5.8015
    5.8632
    5.9225
    5.9663
    5.9889
    6.0347
    6.1048
    6.1891
    6.2423
    6.2172
    6.2978
    6.3740
    6.4146
    6.4632
    6.5005
    6.5880
    6.7121
    6.8587
    6.9223
    6.9615
    7.0012
    7.0265
    7.0807
    7.1292
    7.1936
    7.2229
    7.2463
    7.2875
    7.2912
    7.3318
    7.3291
    7.4150
    7.4756
    7.4823
    7.5467
    7.6547
    7.7796
    7.8147
    7.8973
    7.9045
    7.9019
    7.8870
    7.9459
    7.9820
    7.9888
    8.0086
    8.0630
    8.1611
    8.1595
    8.1987
    8.2961
    8.3525
    8.4038
    8.4792
    8.5410
    8.5989
    8.6379
    8.6643
    8.6607
    8.6395
    8.6561
    8.6727
    8.7005
    8.6808
    8.7880
    8.8444
    8.8577
    8.8579
    8.8602
    8.9393
    8.9814
    8.9425
    9.0065
    8.9918
    9.0073
    9.0657
    9.0679
    9.1398
    9.1999
    9.2212
    9.2189
    9.2197
    9.2466
    9.3207
    9.3205
    9.3214
    9.3020
    9.2928
    9.3789
    9.4850
    9.5501
    9.6489
    9.6658
    9.6875
    9.6869
    9.7925
    9.8375
    9.8395
    9.8573
    9.9866
   10.0246
   10.0765
   10.0500
   10.0479
   10.0954
   10.0930
   10.2167
   10.2578
   10.2342
   10.2527
   10.2048
   10.2242
   10.2772
   10.2765
   10.2208
   10.3241
   10.2955
   10.2408
   10.2601
   10.4024
   10.4946
   10.5134
   10.5127
   10.6907
   10.7733
   10.7264
   10.7406
   10.7536
   10.7733
   10.7521
   10.8150
   10.8129
   10.7267
   10.8285
   10.8398
   10.9453
   10.9906
   11.0788
   11.0890
   11.0719
   11.0719
   11.2193
   11.1986
   11.4060
   11.4915
   11.5152
   11.6376
   11.6722
   11.7171
   11.7171
   11.6785
   11.6143
   11.6836
   11.7273
   11.7497
   11.8878
   11.7999
   11.9352
   11.9352
   11.9212
   12.0732
   12.0138
   11.9912
   11.8807
   11.9109
   11.8698
   11.6544
   11.8690
   11.8690
   12.0224
   11.9540
   11.7957
   11.8828
   12.2355
   12.2713
   12.4104
   12.4786
   12.4786
   12.3859
   12.2120
   12.2576
   12.3850
   12.4898
   12.5607
   12.5851
   12.3751
   12.3751
   12.3743
   12.2417
   12.3507
   12.3739
   12.5324
   12.5470
   12.3929
   12.1557
   12.1557
   12.0042
   11.9809
   11.9054
   11.9885
   11.9248
   12.0301
   12.1680
   12.2509
   12.2509
   12.2802
   12.0558
   12.0314
   11.9942
   11.9407
   11.6963
   11.7926
   11.8592
   11.8592
   12.5350
   12.5015
   12.4816
   12.2439
   12.1369
   12.5920
   12.4333
   12.5966
   12.4068
   12.4068
   11.8920
   12.1515
   12.5368
   12.5994
   12.5358
   12.2725
   12.1100
   12.2955
   12.2955
   11.8538
   11.8290
   12.2523
   11.7642
   11.7309
   11.8625
   12.1625
   12.0851
   12.0851
   12.3777
   12.2866
   12.1840
   12.7234
   12.3167
   11.7481
