    0.5503
    1.6642
    2.4020
    0.7849
    1.1335
    0.5382
    1.0899
    0.3145
    1.7562
    2.0643
    3.2060
    3.2590
    1.9716
    2.0750
    2.3595
    2.6067
    1.9276
    1.8650
    1.8628
    2.1780
    3.0624
    2.9339
    3.1875
    3.9648
    3.9089
    3.8567
    3.5801
    3.5642
    3.5452
    3.2194
    3.1205
    2.5550
    2.7918
    2.8499
    2.8058
    2.4380
    2.4948
    2.6328
    2.6022
    2.4354
    1.9456
    1.8691
    1.8785
    1.8793
    2.0617
    2.1683
    2.2178
    2.3464
    2.9057
    3.2966
    3.3480
    3.5138
    3.8781
    4.1970
    4.4191
    4.4495
    4.1368
    3.7072
    3.8099
    3.6123
    3.2173
    3.1501
    3.0388
    3.1231
    3.2546
    3.3483
    3.2673
    3.3400
    3.2522
    3.2983
    3.4534
    3.8542
    4.0453
    4.2057
    4.1454
    4.1575
    4.1105
    3.8724
    3.5228
    3.4147
    3.3548
    3.4798
    3.7801
    3.7777
    3.7933
    3.9271
    4.0743
    4.1832
    4.5805
    4.8090
    4.8161
    5.1761
    5.5704
    5.6609
    5.7061
    5.8518
    6.3161
    6.8196
    7.7871
    8.2278
    8.1933
    8.1145
    8.0318
    8.6362
    8.1989
    9.4024
    9.6889
    9.5297
   10.0744
   10.2631
   10.9547
   11.1288
   10.9009
   10.9430
   10.9632
   10.6979
   10.3257
   10.3973
   10.3453
   10.4803
   10.2715
    9.9731
    9.8653
    9.5096
    9.0354
    8.8366
    8.8429
    8.6362
    8.2131
    7.7459
    7.6127
    7.3365
    6.8935
    6.8854
    7.1150
    7.1659
    6.8477
    6.7150
    6.6029
    6.1873
    6.0017
    6.0795
    5.8369
    5.6955
    5.5656
    5.5831
    5.5357
    5.2962
    5.1999
    5.1315
    4.9192
    4.9321
    4.6846
    4.5294
    4.4304
    4.3930
    4.3735
    4.4626
    4.3183
    4.2776
    4.2097
    4.2105
    4.3512
    4.3847
    4.4421
    4.2946
    4.1541
    3.9809
    3.8603
    3.6389
    3.4363
    3.3277
    3.3123
    3.2246
    3.1729
    3.1037
    3.0480
    2.8957
    2.7196
    2.6637
    2.7047
    2.6765
    2.6913
    2.6036
    2.4450
    2.3559
    2.5126
    2.4547
    2.4953
    2.5431
    2.5420
    2.5973
    2.6111
    2.5999
    2.7804
    2.7031
    2.7145
    2.7420
    2.6877
    2.7958
    2.9160
    2.8078
    2.8519
    2.9402
    2.8485
    2.7985
    2.8230
    2.7218
    2.6338
    2.6658
    2.6757
    2.6568
    2.6338
    2.6519
    2.7069
    2.6667
    2.6661
    2.6832
    2.7575
    2.7498
    2.7651
    2.7300
    2.7702
    2.8621
    2.9109
    2.8965
    2.8430
    2.7425
    2.6584
    2.6180
    2.5148
    2.4943
    2.5461
    2.5222
    2.4723
    2.4550
    2.4286
    2.4067
    2.4003
    2.4378
    2.4303
    2.3933
    2.4297
    2.4435
    2.3614
    2.3155
    2.3901
    2.3713
    2.3189
    2.3293
    2.3340
    2.2749
    2.2346
    2.2804
    2.2812
    2.2195
    2.2218
    2.2416
    2.2308
    2.2125
    2.1854
    2.2030
    2.2372
    2.2077
    2.1678
    2.1499
    2.1429
    2.1359
    2.1098
    2.0960
    2.0632
    2.0655
    2.0571
    2.0250
    2.0047
    1.9730
    1.9284
    1.8601
    1.8355
    1.8172
    1.7800
    1.7481
    1.7114
    1.7312
    1.7328
    1.7679
    1.7641
    1.7469
    1.7423
    1.7269
    1.7538
    1.7359
    1.6899
    1.6811
    1.7019
    1.6840
    1.6714
    1.6717
    1.6437
    1.6261
    1.5706
    1.5273
    1.5362
    1.4942
    1.4716
    1.4238
    1.4004
    1.3658
    1.3692
    1.3851
    1.3432
    1.3428
    1.3072
    1.3386
    1.3148
    1.3060
    1.3156
    1.3093
    1.3232
    1.2963
    1.3208
    1.3047
    1.3180
    1.2804
    1.2697
    1.2625
    1.2249
    1.2326
    1.2393
    1.2673
    1.2701
    1.2541
    1.2542
    1.2561
    1.2472
    1.2438
    1.2200
    1.2044
    1.1706
    1.1849
    1.1931
    1.2021
    1.1858
    1.2061
    1.2141
    1.2321
    1.2191
    1.2170
    1.2220
    1.2142
    1.2319
    1.2483
    1.2384
    1.2413
    1.2472
    1.2613
    1.2520
    1.2371
    1.2327
    1.2413
    1.2340
    1.2297
    1.2349
    1.2221
    1.2329
    1.2203
    1.2147
    1.2063
    1.2011
    1.1919
    1.1907
    1.1838
    1.1896
    1.1707
    1.1695
    1.1760
    1.1701
    1.1613
    1.1832
    1.1813
    1.1695
    1.1556
    1.1614
    1.1695
    1.1611
    1.1505
    1.1490
    1.1476
    1.1466
    1.1458
    1.1415
    1.1534
    1.1466
    1.1540
    1.1522
    1.1429
    1.1412
    1.1453
    1.1356
    1.1212
    1.1383
    1.1167
    1.1149
    1.1162
    1.1123
    1.1141
    1.1104
    1.1260
    1.1160
    1.1217
    1.1336
    1.1370
    1.1378
    1.1326
    1.1264
    1.1244
    1.1252
    1.1409
    1.1468
    1.1471
    1.1369
    1.1372
    1.1495
    1.1640
    1.1598
    1.1766
    1.1775
    1.1701
    1.1578
    1.1582
    1.1630
    1.1664
    1.1757
    1.1616
    1.1465
    1.1402
    1.1491
    1.1509
    1.1378
    1.1474
    1.1552
    1.1580
    1.1520
    1.1437
    1.1424
    1.1397
    1.1302
    1.1300
    1.1363
    1.1281
    1.1254
    1.1218
    1.1016
    1.1053
    1.1049
    1.1105
    1.1141
    1.1403
    1.1361
    1.1252
    1.1181
    1.1328
    1.1383
    1.1386
    1.1403
    1.1469
    1.1456
    1.1505
    1.1547
    1.1522
    1.1603
    1.1590
    1.1601
    1.1693
    1.1903
    1.2030
    1.1968
    1.2124
    1.2237
    1.2363
    1.2424
    1.2389
    1.2452
    1.2488
    1.2592
    1.2524
    1.2548
    1.2672
    1.2740
    1.2886
    1.2949
    1.2916
    1.2876
    1.2725
    1.2752
    1.2792
    1.2747
    1.2763
    1.2820
    1.2743
    1.2650
    1.2694
    1.2698
    1.2659
    1.2716
    1.2717
    1.2836
    1.2983
    1.3074
    1.2949
    1.2828
    1.2855
    1.2736
    1.2681
    1.2454
    1.2474
    1.2262
    1.2203
    1.2051
    1.1920
    1.1935
    1.1933
    1.1880
    1.1718
    1.1727
    1.1676
    1.1475
    1.1455
    1.1505
    1.1702
    1.1636
    1.1661
    1.1511
    1.1399
    1.1449
    1.1516
    1.1409
    1.1427
    1.1382
    1.1421
    1.1336
    1.1126
    1.1137
    1.1200
    1.1237
    1.1353
    1.1269
    1.1292
    1.1316
    1.1260
    1.1135
    1.1058
    1.1097
    1.0965
    1.0976
    1.1023
    1.0982
    1.1000
    1.0939
    1.0796
    1.0797
    1.0620
    1.0559
    1.0485
    1.0438
    1.0474
    1.0557
    1.0622
    1.0665
    1.0665
    1.0732
    1.0879
    1.0828
    1.0835
    1.0828
    1.0942
    1.0928
    1.0947
    1.0915
    1.1020
    1.1142
    1.1140
    1.1083
    1.1027
    1.1038
    1.1122
    1.1099
    1.1167
    1.1144
    1.1183
    1.1093
    1.1118
    1.1087
    1.1090
    1.1163
    1.1213
    1.1192
    1.1161
    1.0999
    1.1090
    1.1180
    1.1109
    1.0996
    1.0965
    1.0938
    1.0949
    1.0892
    1.1024
    1.0999
    1.0968
    1.0979
    1.1037
    1.1113
    1.1030
    1.1054
    1.1118
    1.1023
    1.1027
    1.0988
    1.0983
    1.1130
    1.1284
    1.1393
    1.1381
    1.1452
    1.1515
    1.1519
    1.1582
    1.1686
    1.1713
    1.1801
    1.1847
    1.1741
    1.1827
    1.1820
    1.1805
    1.1780
    1.1720
    1.1760
    1.1808
    1.1753
    1.1841
    1.1853
    1.1862
    1.1907
    1.1980
    1.2064
    1.2049
    1.2185
    1.2251
    1.2429
    1.2720
    1.2793
    1.3039
    1.3152
    1.3366
    1.3340
    1.3449
    1.3604
    1.3563
    1.3658
    1.3743
    1.3971
    1.4131
    1.4066
    1.3992
    1.4049
    1.4103
    1.4093
    1.4092
    1.4101
    1.4226
    1.4297
    1.4351
    1.4467
    1.4537
    1.4681
    1.5049
    1.5217
    1.5331
    1.5342
    1.5485
    1.5678
    1.5718
    1.5774
    1.6057
    1.6068
    1.6027
    1.6057
    1.6066
    1.6136
    1.6146
    1.6296
    1.6468
    1.6728
    1.6881
    1.6998
    1.7314
    1.7448
    1.7539
    1.7400
    1.7464
    1.7852
    1.8136
    1.8414
    1.8492
    1.8713
    1.8979
    1.9237
    1.9556
    1.9877
    1.9924
    2.0037
    2.0143
    2.0129
    2.0260
    2.0266
    2.0446
    2.0626
    2.0885
    2.0783
    2.0958
    2.1051
    2.1049
    2.1110
    2.1114
    2.0978
    2.1058
    2.1361
    2.1503
    2.1514
    2.1777
    2.1792
    2.1941
    2.2125
    2.2283
    2.2438
    2.2459
    2.2546
    2.2507
    2.2476
    2.2605
    2.2787
    2.3075
    2.3414
    2.3569
    2.3780
    2.3741
    2.3709
    2.3698
    2.3979
    2.4221
    2.4235
    2.4530
    2.4882
    2.5055
    2.5176
    2.5279
    2.5348
    2.5582
    2.5679
    2.5833
    2.5974
    2.6140
    2.6193
    2.6251
    2.6354
    2.6521
    2.6645
    2.6578
    2.6558
    2.6903
    2.6962
    2.7034
    2.7114
    2.6954
    2.7122
    2.7207
    2.7247
    2.7302
    2.7497
    2.7573
    2.7470
    2.7492
    2.7487
    2.7771
    2.7869
    2.7948
    2.7869
    2.7984
    2.8028
    2.8175
    2.8154
    2.8225
    2.8193
    2.8236
    2.8488
    2.8506
    2.8510
    2.8565
    2.8686
    2.8765
    2.8851
    2.9062
    2.9286
    2.9215
    2.9201
    2.9422
    2.9392
    2.9636
    2.9761
    2.9785
    2.9927
    3.0026
    3.0030
    3.0037
    3.0330
    3.0328
    3.0408
    3.0285
    3.0191
    3.0253
    3.0193
    3.0199
    3.0137
    3.0225
    3.0102
    3.0282
    3.0218
    3.0224
    3.0515
    3.0535
    3.0705
    3.0719
    3.0696
    3.0539
    3.0525
    3.0799
    3.1018
    3.0916
    3.0945
    3.1206
    3.1429
    3.1416
    3.1543
    3.1608
    3.1770
    3.1929
    3.2156
    3.2052
    3.2092
    3.2106
    3.2096
    3.1921
    3.1877
    3.1750
    3.1656
    3.1810
    3.1763
    3.1816
    3.1867
    3.1866
    3.1847
    3.1701
    3.1572
    3.1604
    3.1832
    3.2130
    3.2338
    3.2476
    3.2474
    3.2583
    3.2509
    3.2501
    3.2756
    3.2600
    3.2563
    3.2485
    3.2230
    3.2227
    3.2187
    3.2221
    3.2657
    3.2871
    3.2696
    3.2402
    3.2292
    3.2171
    3.2202
    3.2205
    3.2139
    3.2165
    3.2054
    3.1697
    3.1558
    3.1535
    3.1700
    3.1619
    3.1626
    3.1599
    3.1911
    3.1952
    3.2014
    3.2031
    3.2250
    3.2034
    3.1786
    3.1788
    3.1931
    3.1947
    3.1994
    3.2362
    3.2319
    3.2293
    3.2614
    3.2862
    3.2862
    3.3008
    3.2628
    3.2501
    3.2786
    3.2297
    3.2430
    3.2219
    3.2128
    3.2128
    3.2181
    3.2313
    3.2431
    3.2546
    3.2789
    3.3224
    3.3515
    3.3588
    3.3588
    3.3235
    3.3016
    3.2929
    3.2653
    3.2743
    3.2952
    3.3625
    3.4143
    3.4550
    3.4550
    3.4526
    3.4314
    3.4109
    3.4507
    3.3759
    3.3290
    3.2568
    3.2291
    3.2291
    3.2213
    3.2395
    3.2062
    3.1944
    3.1662
    3.1602
    3.1124
    3.1115
    3.1115
    3.1479
    3.1244
    3.1219
    3.0857
    3.0786
    3.0514
    3.0921
    3.1353
    3.1353
    2.9843
    3.0443
    3.0611
    3.0701
    3.0898
    3.1807
    3.2188
    3.1772
    3.1772
    3.1840
    3.1504
    3.0886
    3.0780
    3.1377
    3.1027
    3.0644
    3.0885
    3.0885
    2.9539
    2.9167
    2.8861
    2.9669
    2.8901
    2.8297
    2.7275
    2.6981
    2.7582
    2.7582
    2.8270
    2.8394
    2.8746
    2.8826
    2.8629
    2.9124
    2.9464
    3.0091
    3.0091
    2.9483
    2.9651
    2.9011
    2.7925
    2.6848
    2.7461
    2.7495
    2.6706
    2.6706
    2.6682
    2.5969
    2.5734
    2.6472
    2.6324
    2.6290
