  200.2459
   49.3956
    8.5195
    4.9274
    6.0286
    2.6297
   22.2947
    8.5876
    8.2937
    7.7422
    8.1558
   11.4672
    8.4452
    5.7928
    4.7972
    5.5304
    6.7088
    5.2991
    6.5036
    6.8971
    6.6078
    6.2982
    9.2514
    8.0581
    8.1494
    8.5170
    9.0856
   10.0914
   11.0305
   11.7379
   11.6200
   12.2711
   11.1485
   12.8198
   11.3870
   10.7408
   11.1252
   10.2569
   10.4426
   10.2567
   10.2357
   11.1752
    9.8963
   10.1079
    9.6857
    9.1339
    9.0591
    9.5155
    8.4323
    7.9854
    7.2703
    6.3439
    6.1549
    6.5260
    6.6542
    6.3220
    6.0928
    5.8245
    5.4372
    5.3601
    5.3641
    5.6003
    5.3917
    6.0828
    6.1517
    6.7688
    6.7178
    6.7683
    6.6829
    6.7295
    6.9204
    6.8779
    7.0326
    6.4758
    6.5262
    6.3786
    6.3599
    6.2311
    6.5452
    5.9864
    5.9321
    5.6138
    5.8453
    5.8867
    5.4320
    5.3106
    5.1886
    5.0547
    4.6670
    4.7675
    4.8442
    5.1208
    5.1981
    5.2999
    5.1361
    4.9320
    5.0522
    4.5593
    4.9966
    5.2925
    5.0787
    4.5082
    4.4974
    4.1749
    4.1772
    4.0658
    4.1523
    4.2207
    4.4302
    4.4643
    4.5787
    4.4503
    4.6671
    4.7553
    4.5228
    4.1106
    4.2355
    4.2728
    4.3493
    4.4364
    4.3828
    4.3295
    4.5344
    4.6465
    4.5655
    4.4957
    4.4969
    4.4373
    4.2626
    4.2977
    4.2322
    4.1913
    4.2009
    3.9484
    3.7313
    3.6929
    3.5409
    3.6268
    3.7217
    3.6639
    3.6017
    3.5417
    3.4689
    3.3191
    3.3751
    3.4120
    3.4467
    3.3399
    3.3942
    3.2966
    3.0991
    3.0810
    3.1409
    2.9965
    2.9524
    3.0002
    2.9502
    2.8931
    2.7663
    2.7032
    2.6333
    2.5990
    2.5779
    2.2866
    2.3406
    2.3500
    2.3108
    2.2679
    2.3576
    2.3972
    2.3862
    2.2652
    2.1884
    2.2100
    2.1365
    2.0983
    2.1914
    2.1919
    1.9333
    1.6520
    1.5857
    1.4309
    1.3073
    1.2222
    1.2162
    1.2441
    1.3471
    1.2490
    1.2111
    1.2349
    1.2969
    1.3390
    1.3525
    1.3844
    1.4367
    1.5231
    1.5846
    1.5547
    1.5516
    1.5933
    1.6270
    1.6570
    1.6928
    1.6953
    1.7034
    1.7161
    1.6920
    1.6495
    1.6183
    1.6035
    1.6278
    1.6172
    1.5928
    1.6019
    1.6143
    1.6307
    1.6415
    1.6381
    1.6462
    1.6681
    1.6626
    1.6784
    1.6558
    1.6597
    1.7302
    1.7733
    1.8121
    1.8397
    1.9068
    1.9108
    1.9892
    2.0448
    2.0580
    2.0530
    2.0427
    2.0455
    2.1190
    2.1933
    2.1997
    2.2503
    2.2620
    2.2625
    2.2241
    2.2187
    2.1354
    2.0947
    2.0577
    2.0759
    2.0555
    2.1151
    2.1404
    2.1251
    2.1008
    2.0856
    2.0742
    2.1235
    2.1585
    2.1681
    2.1614
    2.1907
    2.2421
    2.2462
    2.2990
    2.3419
    2.3315
    2.2834
    2.2776
    2.2791
    2.3144
    2.2645
    2.2380
    2.2357
    2.2437
    2.2592
    2.2487
    2.2222
    2.2387
    2.2390
    2.2548
    2.2495
    2.2583
    2.2434
    2.1743
    2.1530
    2.1823
    2.2251
    2.2129
    2.1833
    2.1749
    2.1597
    2.1458
    2.1075
    2.1149
    2.1025
    2.1138
    2.0874
    2.0422
    2.0637
    2.0323
    2.0225
    2.0047
    1.9863
    1.9947
    1.9844
    1.9887
    2.0115
    1.9853
    1.9796
    1.9709
    2.0046
    2.0031
    2.0265
    1.9726
    1.8936
    1.8438
    1.8629
    1.8598
    1.8402
    1.8057
    1.8157
    1.8283
    1.8356
    1.8079
    1.7947
    1.7526
    1.7860
    1.7931
    1.7740
    1.7699
    1.7639
    1.7409
    1.7405
    1.7552
    1.7603
    1.8025
    1.7850
    1.7815
    1.7645
    1.7784
    1.7798
    1.7763
    1.7786
    1.7672
    1.7558
    1.7815
    1.7819
    1.7645
    1.7160
    1.7010
    1.6978
    1.7195
    1.6901
    1.6763
    1.6639
    1.6674
    1.6750
    1.6895
    1.6744
    1.6512
    1.6402
    1.6412
    1.6522
    1.6576
    1.6557
    1.6665
    1.6671
    1.6682
    1.6686
    1.6731
    1.6914
    1.6846
    1.6802
    1.6766
    1.6892
    1.6884
    1.7317
    1.7403
    1.7249
    1.7362
    1.7367
    1.7423
    1.7288
    1.7278
    1.7255
    1.7301
    1.7452
    1.7460
    1.7394
    1.7630
    1.7440
    1.7479
    1.7344
    1.7182
    1.7324
    1.7331
    1.7695
    1.7866
    1.7618
    1.7417
    1.7807
    1.7883
    1.7930
    1.7739
    1.7771
    1.7668
    1.7674
    1.7688
    1.7571
    1.8071
    1.7878
    1.7824
    1.7664
    1.7577
    1.7772
    1.8029
    1.8207
    1.8357
    1.8178
    1.8027
    1.7840
    1.7684
    1.7604
    1.7744
    1.7926
    1.7737
    1.7974
    1.7992
    1.8062
    1.8122
    1.8235
    1.8241
    1.8361
    1.8529
    1.8550
    1.8388
    1.8383
    1.8455
    1.8711
    1.8854
    1.8827
    1.8726
    1.8678
    1.8521
    1.8786
    1.9077
    1.9144
    1.9192
    1.9184
    1.9258
    1.9555
    1.9688
    1.9684
    1.9652
    1.9690
    1.9571
    1.9651
    1.9851
    1.9897
    2.0024
    1.9912
    1.9917
    1.9895
    2.0009
    2.0205
    2.0159
    1.9786
    1.9764
    1.9901
    1.9980
    2.0087
    2.0265
    2.0317
    2.0056
    1.9858
    1.9754
    1.9809
    1.9781
    1.9843
    1.9808
    1.9746
    1.9880
    1.9801
    1.9774
    1.9826
    1.9896
    1.9885
    1.9558
    1.9607
    1.9658
    1.9597
    1.9667
    1.9618
    1.9680
    1.9787
    1.9732
    1.9834
    2.0132
    2.0433
    2.0311
    2.0398
    2.0578
    2.0790
    2.0477
    2.0447
    2.0599
    2.0493
    2.0471
    2.0720
    2.0659
    2.0651
    2.0676
    2.0722
    2.0817
    2.0866
    2.0954
    2.0752
    2.0674
    2.0787
    2.0789
    2.1012
    2.0810
    2.0654
    2.0822
    2.0832
    2.0891
    2.0805
    2.0790
    2.0917
    2.0788
    2.0727
    2.0741
    2.0754
    2.0657
    2.0553
    2.0834
    2.0874
    2.0674
    2.0544
    2.0451
    2.0628
    2.0574
    2.0529
    2.0437
    2.0291
    2.0480
    2.0610
    2.0602
    2.0647
    2.0765
    2.0996
    2.0932
    2.1124
    2.1083
    2.1264
    2.1482
    2.1634
    2.1480
    2.1701
    2.1719
    2.1702
    2.1512
    2.1626
    2.1719
    2.1715
    2.1654
    2.1596
    2.1469
    2.1643
    2.1608
    2.1701
    2.1715
    2.1767
    2.1779
    2.1609
    2.1534
    2.1625
    2.1741
    2.1730
    2.1646
    2.1776
    2.1938
    2.2020
    2.2136
    2.1945
    2.1949
    2.2142
    2.1957
    2.2029
    2.2042
    2.2165
    2.2068
    2.1943
    2.1933
    2.1911
    2.1863
    2.1960
    2.2069
    2.1925
    2.2289
    2.2405
    2.2460
    2.2342
    2.2339
    2.2511
    2.2554
    2.2529
    2.2672
    2.2759
    2.2980
    2.3100
    2.2977
    2.3057
    2.3212
    2.3506
    2.3626
    2.3592
    2.3593
    2.3874
    2.4025
    2.4149
    2.4273
    2.4299
    2.4248
    2.4173
    2.3877
    2.3588
    2.3402
    2.3367
    2.3459
    2.3553
    2.3547
    2.3470
    2.3445
    2.3444
    2.3366
    2.3320
    2.3500
    2.3336
    2.3493
    2.3605
    2.3843
    2.3852
    2.4091
    2.3967
    2.4126
    2.4164
    2.4149
    2.4299
    2.4265
    2.4390
    2.4388
    2.4431
    2.4342
    2.4378
    2.4388
    2.4587
    2.4564
    2.4476
    2.4393
    2.4383
    2.4422
    2.4594
    2.4788
    2.4829
    2.4764
    2.5141
    2.5232
    2.5101
    2.5195
    2.5235
    2.5256
    2.5254
    2.5452
    2.5486
    2.5545
    2.5653
    2.5848
    2.6095
    2.6198
    2.6286
    2.6277
    2.6295
    2.6259
    2.6511
    2.6624
    2.6805
    2.6561
    2.6471
    2.6707
    2.6716
    2.6906
    2.6897
    2.6722
    2.6975
    2.6859
    2.7032
    2.7160
    2.6920
    2.6737
    2.6478
    2.6660
    2.6682
    2.6642
    2.6789
    2.6765
    2.6791
    2.6774
    2.6624
    2.6627
    2.6906
    2.6825
    2.6689
    2.6670
    2.6704
    2.6750
    2.6718
    2.6681
    2.6617
    2.6394
    2.6388
    2.6372
    2.6512
    2.6662
    2.6569
    2.6661
    2.6487
    2.6590
    2.6614
    2.6531
    2.6371
    2.6369
    2.6265
    2.6248
    2.6217
    2.5844
    2.6045
    2.6009
    2.6003
    2.6131
    2.6100
    2.6032
    2.6360
    2.6300
    2.6246
    2.6276
    2.6394
    2.6651
    2.6814
    2.7181
    2.7186
    2.7494
    2.7569
    2.7499
    2.7594
    2.7394
    2.7394
    2.7302
    2.7405
    2.7445
    2.7442
    2.7456
    2.7389
    2.7413
    2.7604
    2.7317
    2.7522
    2.7460
    2.7287
    2.7364
    2.7548
    2.7568
    2.7525
    2.7620
    2.7464
    2.7240
    2.7348
    2.7330
    2.7147
    2.7104
    2.7125
    2.7082
    2.6956
    2.6899
    2.7057
    2.7192
    2.7280
    2.7489
    2.7636
    2.7539
    2.7667
    2.7850
    2.7892
    2.7917
    2.7824
    2.7845
    2.7973
    2.8072
    2.7930
    2.8028
    2.8186
    2.8109
    2.8126
    2.8123
    2.8117
    2.8214
    2.7995
    2.7895
    2.7690
    2.7722
    2.7521
    2.7569
    2.7412
    2.7479
    2.7417
    2.7440
    2.7418
    2.7309
    2.7281
    2.7225
    2.7211
    2.7219
    2.7216
    2.7221
    2.7371
    2.7386
    2.7300
    2.7216
    2.7311
    2.7434
    2.7393
    2.7459
    2.7353
    2.7240
    2.7269
    2.7275
    2.7147
    2.7271
    2.7240
    2.7118
    2.7050
    2.7365
    2.7339
    2.7295
    2.7291
    2.7301
    2.7303
    2.7371
    2.7397
    2.7269
    2.7312
    2.7274
    2.7169
    2.7167
    2.6900
    2.6964
    2.6829
    2.6819
    2.6645
    2.6777
    2.6850
    2.6735
    2.6735
    2.6677
    2.6494
    2.6341
    2.6383
    2.6509
    2.6259
    2.6197
    2.5936
    2.5938
    2.5924
    2.5877
    2.5901
    2.5924
    2.5875
    2.5789
    2.5604
    2.5777
    2.5780
    2.5892
    2.5965
    2.6008
    2.6106
    2.6124
    2.6179
    2.6047
    2.6164
    2.6121
    2.6124
    2.6266
    2.6518
    2.6303
    2.6053
    2.6217
    2.6323
    2.6470
    2.6426
    2.6429
    2.6452
    2.6370
    2.6324
    2.6499
    2.6704
    2.6730
    2.7127
    2.7182
    2.7186
    2.7245
    2.7111
    2.7064
    2.7168
    2.6984
    2.7208
    2.6891
    2.6963
    2.6963
    2.6998
    2.7268
    2.7616
    2.7619
    2.7606
    2.7701
    2.7798
    2.8458
    2.8458
    2.8476
    2.8483
    2.8730
    2.8854
    2.9184
    2.9275
    2.9874
    2.9153
    2.9153
    2.9370
    2.9670
    2.9107
    2.9264
    2.9198
    2.8687
    2.8187
    2.7839
    2.7628
    2.7628
    2.6788
    2.6882
    2.6577
    2.6543
    2.6594
    2.6675
    2.6555
    2.6940
    2.6940
    2.6621
    2.6525
    2.6233
    2.5840
    2.5761
    2.5719
    2.5987
    2.5592
    2.5592
    2.6057
    2.5540
    2.5283
    2.5437
    2.5556
    2.5505
    2.4636
    2.4389
    2.4389
    2.4648
    2.4757
    2.4709
    2.5247
    2.5485
    2.5409
    2.5237
    2.5416
    2.5416
    2.5105
    2.5011
    2.4982
    2.5294
    2.5770
    2.5712
    2.4933
    2.5175
    2.5175
    2.4934
    2.5424
    2.5020
    2.5788
    2.4684
    2.4429
    2.4613
    2.4102
    2.3757
    2.3757
    2.3320
    2.3004
    2.3255
    2.2701
    2.3796
    2.3542
    2.4831
    2.3821
    2.3821
    2.4564
    2.4012
    2.3382
    2.5396
    2.5209
    2.5960
    2.7601
    2.8141
    2.8141
    2.8530
    2.7669
    2.8157
    2.8091
    2.7884
    2.8126
