    0.8350
    0.9166
    0.9600
    2.8355
    2.0477
    1.1637
    0.8464
    0.7902
    3.4097
    2.2298
    0.5205
    0.5436
    0.7939
    1.3089
    1.8337
    1.2623
    1.4409
    0.9807
    0.8800
    1.0551
    1.1294
    1.1180
    1.3901
    1.8430
    1.4264
    1.4111
    1.3951
    1.2823
    1.5599
    1.5394
    1.8123
    2.2810
    2.2903
    2.1637
    2.6662
    1.9411
    2.0820
    2.2326
    2.1278
    1.6709
    2.2208
    2.4495
    2.6166
    2.7163
    3.7337
    3.0897
    2.9722
    2.5100
    2.4860
    2.4886
    2.2379
    1.9122
    1.7879
    1.7351
    1.5142
    1.5206
    1.4199
    1.4399
    1.2220
    1.2718
    1.2516
    1.2465
    1.2758
    1.1532
    1.1062
    1.0522
    0.9620
    0.9546
    0.9836
    0.9752
    0.9158
    0.9335
    0.9680
    0.9351
    0.9896
    0.9679
    0.9213
    0.9351
    0.8808
    0.8837
    0.9025
    0.9025
    0.8675
    0.9546
    0.9888
    0.9806
    0.9618
    0.9690
    0.9145
    0.9972
    0.9675
    0.9389
    0.8926
    0.9327
    0.9503
    0.9297
    0.9261
    0.9199
    0.9429
    0.9636
    0.9439
    0.9723
    0.9822
    0.9732
    1.0071
    0.9623
    0.9790
    0.9611
    0.9892
    0.9769
    0.9569
    1.0196
    0.9987
    0.9658
    0.9638
    1.0106
    1.0570
    1.0334
    1.0250
    1.0386
    1.0878
    1.1156
    1.2643
    1.2422
    1.2811
    1.2706
    1.3261
    1.3294
    1.3261
    1.4405
    1.4705
    1.5201
    1.6061
    1.5624
    1.5666
    1.6089
    1.6018
    1.5757
    1.6046
    1.6277
    1.6511
    1.6369
    1.6572
    1.7271
    1.7726
    1.7628
    1.7851
    1.8092
    1.7853
    1.8663
    1.9211
    1.9373
    1.9787
    1.9588
    1.9155
    1.9247
    1.8720
    1.9277
    1.9248
    1.8651
    1.8134
    1.8804
    1.7929
    1.8825
    1.8058
    1.8243
    1.7934
    1.7813
    1.8307
    1.7584
    1.7865
    1.8374
    1.8187
    1.9041
    1.9829
    1.9638
    1.9731
    2.1264
    2.1277
    2.2906
    2.2399
    2.2118
    2.1849
    2.1717
    2.1985
    2.2000
    2.1719
    2.2119
    2.2026
    2.1333
    2.0429
    2.0479
    2.0668
    2.0491
    2.0470
    2.1239
    2.0974
    2.0864
    2.0563
    2.0292
    2.0748
    2.0787
    2.0671
    2.0109
    2.0398
    2.0291
    2.0863
    2.1006
    2.0655
    2.0380
    2.0437
    1.9777
    1.9916
    2.0336
    1.9462
    1.9101
    1.8976
    1.9081
    1.8953
    1.9210
    1.9073
    1.9041
    1.8836
    1.7939
    1.7689
    1.6853
    1.7126
    1.7352
    1.6983
    1.7166
    1.7334
    1.7533
    1.6930
    1.6991
    1.6837
    1.6635
    1.6388
    1.5881
    1.5970
    1.5505
    1.5894
    1.6270
    1.6429
    1.6151
    1.6027
    1.5960
    1.5929
    1.5799
    1.6315
    1.5878
    1.6296
    1.6661
    1.6780
    1.6791
    1.6928
    1.7242
    1.6924
    1.7093
    1.6892
    1.6786
    1.6342
    1.6150
    1.6138
    1.6234
    1.6160
    1.6130
    1.6255
    1.6709
    1.6450
    1.6333
    1.6724
    1.6738
    1.6403
    1.6512
    1.6551
    1.6664
    1.6563
    1.6907
    1.6849
    1.6971
    1.7396
    1.7999
    1.7981
    1.8256
    1.8546
    1.8395
    1.8247
    1.8836
    1.8925
    1.8996
    1.8867
    1.8851
    1.9016
    1.8835
    1.8706
    1.9060
    1.9218
    1.9167
    1.9630
    2.0020
    1.9846
    2.0238
    2.0166
    2.0175
    1.9933
    1.9746
    1.9900
    1.9915
    2.0131
    1.9607
    1.9806
    1.9778
    1.9886
    1.9663
    1.9886
    1.9547
    1.9420
    1.9184
    2.0101
    2.0342
    2.0035
    2.0289
    2.0055
    2.0960
    2.1345
    2.1567
    2.1765
    2.2422
    2.2875
    2.3016
    2.3007
    2.3031
    2.3052
    2.3276
    2.3268
    2.3649
    2.3516
    2.3560
    2.3885
    2.4141
    2.4643
    2.4835
    2.5560
    2.6258
    2.6317
    2.6805
    2.7221
    2.7481
    2.7559
    2.7613
    2.7626
    2.8311
    2.8446
    2.8286
    2.7888
    2.8160
    2.8221
    2.8275
    2.8040
    2.8267
    2.8894
    2.9314
    2.9181
    2.9801
    2.9539
    2.9859
    2.9822
    2.9629
    2.9785
    2.9675
    3.0615
    3.0687
    3.0602
    3.1196
    3.1668
    3.2079
    3.1937
    3.2178
    3.2366
    3.2858
    3.2980
    3.3476
    3.3265
    3.3274
    3.3580
    3.3937
    3.4122
    3.4090
    3.4172
    3.4761
    3.5020
    3.5041
    3.5036
    3.5498
    3.5360
    3.5711
    3.5862
    3.6063
    3.6118
    3.6276
    3.5326
    3.5038
    3.4827
    3.4883
    3.5349
    3.4778
    3.5568
    3.5111
    3.4323
    3.4117
    3.4491
    3.3942
    3.3955
    3.3539
    3.3415
    3.3233
    3.3821
    3.3875
    3.3802
    3.3825
    3.4223
    3.4243
    3.4532
    3.4340
    3.4265
    3.4895
    3.4433
    3.4291
    3.3879
    3.3323
    3.3230
    3.2924
    3.3410
    3.3220
    3.3212
    3.2857
    3.2712
    3.2254
    3.2172
    3.2153
    3.1517
    3.1001
    3.0369
    3.0058
    2.9547
    2.9501
    2.9530
    2.9556
    2.9319
    2.9548
    2.9527
    2.9678
    2.9651
    2.9527
    2.8935
    2.8551
    2.8248
    2.7568
    2.7255
    2.7042
    2.6784
    2.6693
    2.6657
    2.6698
    2.6774
    2.6169
    2.5778
    2.5719
    2.5745
    2.5452
    2.4907
    2.4332
    2.4053
    2.3768
    2.3745
    2.3650
    2.3773
    2.3875
    2.3567
    2.3411
    2.3387
    2.3464
    2.3641
    2.3042
    2.2590
    2.2598
    2.2526
    2.2276
    2.2261
    2.2065
    2.2218
    2.2015
    2.1593
    2.1318
    2.1161
    2.1055
    2.0976
    2.0911
    2.0456
    2.0646
    2.0400
    2.0368
    2.0339
    2.0004
    2.0015
    2.0007
    1.9749
    1.9662
    1.9409
    1.9270
    1.9430
    1.9050
    1.8776
    1.8727
    1.8563
    1.8410
    1.8286
    1.8052
    1.8113
    1.7884
    1.7919
    1.7611
    1.7602
    1.7392
    1.7223
    1.6858
    1.6986
    1.6883
    1.6707
    1.6655
    1.6497
    1.6355
    1.6101
    1.5977
    1.5838
    1.5931
    1.5842
    1.5867
    1.5883
    1.5891
    1.5765
    1.5822
    1.5690
    1.5198
    1.5062
    1.4937
    1.4932
    1.4515
    1.4424
    1.4247
    1.4097
    1.4104
    1.4041
    1.3841
    1.3756
    1.3559
    1.3542
    1.3630
    1.3530
    1.3422
    1.3483
    1.3310
    1.3364
    1.3410
    1.3340
    1.3112
    1.3132
    1.3043
    1.3055
    1.2998
    1.2955
    1.2946
    1.2857
    1.2765
    1.2825
    1.2756
    1.2762
    1.2736
    1.2679
    1.2698
    1.2685
    1.2622
    1.2581
    1.2551
    1.2408
    1.2443
    1.2451
    1.2451
    1.2406
    1.2320
    1.2298
    1.2346
    1.2346
    1.2364
    1.2241
    1.2246
    1.2327
    1.2281
    1.2223
    1.2062
    1.1878
    1.1807
    1.1851
    1.1804
    1.1834
    1.1821
    1.1729
    1.1592
    1.1557
    1.1553
    1.1572
    1.1437
    1.1320
    1.1293
    1.1256
    1.1227
    1.1214
    1.1128
    1.1083
    1.1072
    1.1187
    1.1194
    1.1182
    1.1093
    1.1109
    1.1025
    1.0988
    1.0999
    1.1085
    1.0957
    1.0993
    1.0973
    1.0946
    1.0973
    1.1008
    1.0922
    1.0854
    1.0872
    1.0819
    1.0873
    1.0873
    1.0840
    1.0852
    1.0821
    1.0866
    1.0905
    1.0911
    1.0876
    1.0933
    1.0909
    1.0886
    1.0819
    1.0858
    1.0824
    1.0846
    1.0758
    1.0749
    1.0697
    1.0712
    1.0660
    1.0696
    1.0619
    1.0706
    1.0698
    1.0778
    1.0791
    1.0708
    1.0708
    1.0637
    1.0677
    1.0772
    1.0789
    1.0789
    1.0733
    1.0689
    1.0591
    1.0549
    1.0433
    1.0452
    1.0466
    1.0445
    1.0461
    1.0448
    1.0498
    1.0627
    1.0567
    1.0471
    1.0462
    1.0356
    1.0382
    1.0482
    1.0482
    1.0509
    1.0442
    1.0361
    1.0323
    1.0325
    1.0339
    1.0381
    1.0402
    1.0498
    1.0531
    1.0535
    1.0523
    1.0648
    1.0631
    1.0575
    1.0588
    1.0517
    1.0468
    1.0583
    1.0555
    1.0573
    1.0530
    1.0577
    1.0535
    1.0553
    1.0485
    1.0543
    1.0549
    1.0475
    1.0440
    1.0435
    1.0414
    1.0492
    1.0502
    1.0417
    1.0417
    1.0443
    1.0393
    1.0427
    1.0462
    1.0473
    1.0480
    1.0423
    1.0470
    1.0491
    1.0487
    1.0471
    1.0466
    1.0452
    1.0404
    1.0452
    1.0529
    1.0462
    1.0485
    1.0486
    1.0500
    1.0649
    1.0612
    1.0631
    1.0741
    1.0692
    1.0727
    1.0794
    1.0912
    1.1060
    1.1091
    1.1003
    1.1092
    1.1110
    1.1144
    1.1119
    1.1070
    1.1231
    1.1299
    1.1397
    1.1443
    1.1402
    1.1463
    1.1480
    1.1488
    1.1594
    1.1678
    1.1750
    1.1815
    1.1770
    1.1821
    1.1826
    1.1843
    1.1868
    1.1915
    1.1948
    1.2034
    1.2119
    1.2211
    1.2287
    1.2356
    1.2363
    1.2408
    1.2423
    1.2415
    1.2485
    1.2537
    1.2530
    1.2572
    1.2622
    1.2622
    1.2586
    1.2603
    1.2669
    1.2639
    1.2747
    1.2803
    1.2832
    1.2804
    1.2806
    1.2831
    1.2877
    1.2954
    1.2966
    1.2962
    1.2993
    1.2993
    1.3001
    1.3025
    1.3074
    1.3037
    1.3082
    1.3139
    1.3230
    1.3198
    1.3263
    1.3285
    1.3326
    1.3373
    1.3412
    1.3537
    1.3578
    1.3565
    1.3630
    1.3677
    1.3714
    1.3731
    1.3743
    1.3758
    1.3715
    1.3677
    1.3717
    1.3761
    1.3735
    1.3857
    1.3805
    1.3805
    1.3870
    1.3816
    1.3829
    1.3865
    1.3923
    1.3939
    1.3973
    1.3994
    1.3991
    1.4019
    1.4090
    1.4084
    1.4035
    1.4062
    1.4123
    1.4129
    1.4136
    1.4133
    1.4147
    1.4202
    1.4219
    1.4308
    1.4343
    1.4466
    1.4530
    1.4563
    1.4565
    1.4587
    1.4671
    1.4807
    1.4932
    1.5032
    1.5111
    1.5145
    1.5262
    1.5263
    1.5277
    1.5364
    1.5324
    1.5276
    1.5240
    1.5311
    1.5451
    1.5351
    1.5430
    1.5427
    1.5518
    1.5604
    1.5662
    1.5581
    1.5534
    1.5486
    1.5589
    1.5631
    1.5624
    1.5635
    1.5567
    1.5646
    1.5667
    1.5861
    1.5782
    1.5752
    1.5828
    1.5829
    1.5909
    1.6075
    1.6170
    1.6164
    1.6046
    1.6008
    1.6126
    1.6279
    1.6279
    1.6347
    1.6456
    1.6615
    1.6539
    1.6467
    1.6499
    1.6555
    1.6756
    1.6756
    1.6917
    1.6808
    1.6967
    1.6956
    1.7100
    1.7276
    1.7517
    1.7688
    1.7688
    1.7637
    1.7698
    1.7673
    1.8016
    1.7946
    1.8010
    1.8093
    1.7824
    1.8078
    1.8078
    1.8031
    1.7980
    1.7851
    1.8011
    1.7960
    1.7739
    1.7575
    1.7259
    1.7259
    1.7251
    1.7658
    1.7369
    1.7794
    1.8021
    1.7868
    1.8210
    1.8471
    1.8471
    1.7981
    1.8070
    1.7767
    1.8032
    1.8179
    1.8557
    1.8371
    1.8937
    1.8937
    1.9457
    1.9054
    1.9019
    1.8845
    1.9126
    1.9028
    1.9664
    1.9624
    1.9624
    1.9798
    1.9844
    1.9775
    1.9336
    1.9258
    1.8426
    1.8948
    1.8638
    1.8638
    1.8590
    1.8075
    1.7908
    1.8030
    1.7977
    1.7835
    1.7678
    1.7420
    1.7453
    1.7453
    1.7337
    1.7995
    1.7791
    1.7725
    1.8025
    1.8306
    1.8727
    1.9189
    1.9189
    1.9129
    1.9490
    1.9508
    1.9270
    1.9204
    1.8688
    1.8853
    1.9190
    1.9190
    1.8783
    1.9613
    1.8897
    1.9367
    1.9588
    1.9776
