   18.0262
   11.2939
    3.9971
    5.2416
    2.3915
    2.5309
    2.0920
    2.3781
    3.9069
    3.1719
    2.4431
    2.0535
    2.0011
    2.1427
    1.9682
    1.7083
    1.5162
    1.5446
    1.5520
    1.6252
    1.7821
    1.8149
    1.9649
    2.1846
    2.2483
    2.2789
    2.4758
    2.6717
    2.4434
    2.7345
    3.0343
    3.0578
    3.4366
    3.0890
    2.5883
    3.3133
    3.5822
    3.2577
    3.1661
    2.9326
    3.1435
    3.4105
    3.6452
    3.8672
    3.2263
    3.3301
    3.4561
    3.3050
    3.3749
    3.1704
    3.1073
    2.9323
    2.8924
    3.0108
    3.0534
    2.9153
    2.7949
    2.5729
    2.1878
    2.1550
    2.0370
    1.9645
    2.0134
    1.8361
    1.8125
    1.8879
    1.9845
    1.8543
    1.7772
    1.6935
    1.7317
    1.9674
    1.9446
    1.9665
    2.2181
    2.4022
    2.3431
    2.3767
    2.4004
    2.4149
    2.6089
    2.6230
    2.7791
    2.6043
    2.7005
    2.7600
    2.8591
    2.9671
    3.1445
    2.9097
    3.1813
    2.8565
    2.8919
    2.9959
    2.9619
    3.0455
    3.0667
    2.7893
    2.6993
    2.8193
    2.8872
    2.8667
    2.8795
    2.7505
    2.5869
    2.5845
    2.7246
    2.7316
    2.7265
    2.5898
    2.5201
    2.4645
    2.3977
    2.4164
    2.3034
    2.3436
    2.4185
    2.2120
    2.1300
    1.9149
    1.8607
    1.8602
    1.8143
    1.7825
    1.7707
    1.7104
    1.7363
    1.6848
    1.6787
    1.7636
    1.5912
    1.5056
    1.4837
    1.5043
    1.4079
    1.3898
    1.3773
    1.4247
    1.3868
    1.3540
    1.2799
    1.2920
    1.2756
    1.2646
    1.2458
    1.2363
    1.2235
    1.2156
    1.2563
    1.2500
    1.3249
    1.3671
    1.3512
    1.3004
    1.3092
    1.2834
    1.3105
    1.2865
    1.3475
    1.3123
    1.3099
    1.2848
    1.2597
    1.2800
    1.2567
    1.2437
    1.2673
    1.2813
    1.2816
    1.3671
    1.4280
    1.4680
    1.4176
    1.4106
    1.4013
    1.4278
    1.4332
    1.4583
    1.4458
    1.4569
    1.4954
    1.5532
    1.5661
    1.5969
    1.5490
    1.6469
    1.6691
    1.7665
    1.6983
    1.6966
    1.6129
    1.5919
    1.5253
    1.5807
    1.5445
    1.5457
    1.5603
    1.5459
    1.5635
    1.5593
    1.5998
    1.6370
    1.6428
    1.6505
    1.6198
    1.6068
    1.6513
    1.6849
    1.6903
    1.7072
    1.7361
    1.7398
    1.6584
    1.6265
    1.6195
    1.5997
    1.5642
    1.5656
    1.5924
    1.5604
    1.5289
    1.5792
    1.5665
    1.5693
    1.5566
    1.5164
    1.5371
    1.5540
    1.5618
    1.5717
    1.5692
    1.5515
    1.5573
    1.5296
    1.5266
    1.4894
    1.4666
    1.5011
    1.4981
    1.4688
    1.5156
    1.5270
    1.5679
    1.5778
    1.6275
    1.6127
    1.6125
    1.6147
    1.6398
    1.6458
    1.6590
    1.6218
    1.6004
    1.5940
    1.6089
    1.6022
    1.5879
    1.5926
    1.6058
    1.6141
    1.6006
    1.6151
    1.6255
    1.6547
    1.6265
    1.6327
    1.6307
    1.6463
    1.6856
    1.6822
    1.6630
    1.6715
    1.6960
    1.7299
    1.7498
    1.7277
    1.7771
    1.7742
    1.7975
    1.7712
    1.8026
    1.7960
    1.8274
    1.8482
    1.8263
    1.8224
    1.8136
    1.8071
    1.7938
    1.7877
    1.7957
    1.8087
    1.8215
    1.8535
    1.8507
    1.8437
    1.8197
    1.8368
    1.8399
    1.8525
    1.8803
    1.9124
    1.9091
    1.9057
    1.8935
    1.8813
    1.8237
    1.7966
    1.7809
    1.7905
    1.7860
    1.7928
    1.7757
    1.7240
    1.7177
    1.6884
    1.7086
    1.6809
    1.6746
    1.6612
    1.6600
    1.6516
    1.6570
    1.6623
    1.6378
    1.6348
    1.6299
    1.6288
    1.6372
    1.6340
    1.5864
    1.5748
    1.5247
    1.5291
    1.5604
    1.5412
    1.5246
    1.5258
    1.5318
    1.5361
    1.5383
    1.5383
    1.5324
    1.5280
    1.5136
    1.4918
    1.5128
    1.4897
    1.4943
    1.5063
    1.5107
    1.5054
    1.4958
    1.4757
    1.4865
    1.4854
    1.5020
    1.5111
    1.5376
    1.5143
    1.5164
    1.5132
    1.5061
    1.5000
    1.5026
    1.4907
    1.5015
    1.4802
    1.4793
    1.4632
    1.4603
    1.4564
    1.4604
    1.4907
    1.4862
    1.5039
    1.5114
    1.5107
    1.5043
    1.5128
    1.5160
    1.5288
    1.5147
    1.5499
    1.5459
    1.5511
    1.5691
    1.5687
    1.5807
    1.5821
    1.5908
    1.6250
    1.6060
    1.6304
    1.6202
    1.6639
    1.6674
    1.6816
    1.7067
    1.7381
    1.7492
    1.7502
    1.7480
    1.7589
    1.7676
    1.7651
    1.7724
    1.7979
    1.8434
    1.8575
    1.8588
    1.8320
    1.8385
    1.8420
    1.8422
    1.8463
    1.8716
    1.8813
    1.8856
    1.8772
    1.8737
    1.8741
    1.8576
    1.8882
    1.9127
    1.9226
    1.9348
    1.9421
    1.9315
    1.9211
    1.9295
    1.9444
    1.9567
    1.9763
    1.9655
    1.9804
    1.9605
    1.9861
    1.9752
    1.9657
    1.9626
    1.9806
    1.9958
    2.0151
    2.0008
    2.0288
    2.0270
    2.0306
    2.0459
    2.0392
    2.0273
    2.0154
    2.0395
    2.0342
    2.0151
    1.9784
    1.9797
    2.0268
    2.0177
    2.0189
    2.0185
    2.0144
    2.0029
    2.0375
    2.0406
    2.0356
    2.0382
    2.0392
    2.0464
    2.0310
    2.0113
    2.0060
    2.0066
    1.9794
    2.0028
    1.9834
    1.9803
    1.9611
    1.9754
    1.9749
    1.9520
    1.9369
    1.9010
    1.8743
    1.8782
    1.8523
    1.8436
    1.8419
    1.8571
    1.8760
    1.8745
    1.8629
    1.8628
    1.8595
    1.8594
    1.8859
    1.8787
    1.8996
    1.8696
    1.8767
    1.8882
    1.8750
    1.8472
    1.8461
    1.8545
    1.8679
    1.8565
    1.8614
    1.8759
    1.8546
    1.8546
    1.8741
    1.8466
    1.8357
    1.8311
    1.8167
    1.8072
    1.8190
    1.8539
    1.8385
    1.8539
    1.8578
    1.8669
    1.8600
    1.8628
    1.8458
    1.8590
    1.8889
    1.8945
    1.8942
    1.9370
    1.9407
    1.9384
    1.9114
    1.9079
    1.8952
    1.8979
    1.9016
    1.9053
    1.9142
    1.9269
    1.9263
    1.9432
    1.9306
    1.9317
    1.9353
    1.9223
    1.9115
    1.9212
    1.9131
    1.9046
    1.9042
    1.9272
    1.9449
    1.9340
    1.9384
    1.9340
    1.9453
    1.9436
    1.9776
    1.9815
    1.9647
    1.9663
    1.9580
    1.9589
    1.9908
    1.9980
    2.0021
    1.9914
    1.9859
    1.9991
    2.0082
    2.0271
    2.0443
    2.0479
    2.0121
    2.0015
    1.9978
    2.0065
    2.0224
    2.0362
    2.0441
    2.0623
    2.0767
    2.0794
    2.0786
    2.0844
    2.0766
    2.0851
    2.0799
    2.0804
    2.0847
    2.0964
    2.1055
    2.1208
    2.1362
    2.1375
    2.1362
    2.1268
    2.1664
    2.1690
    2.1694
    2.1704
    2.1867
    2.2305
    2.2616
    2.2713
    2.2785
    2.2973
    2.3122
    2.3298
    2.3629
    2.3951
    2.3823
    2.4027
    2.4022
    2.4174
    2.4215
    2.4384
    2.4497
    2.4668
    2.4684
    2.4638
    2.4612
    2.4634
    2.4378
    2.4045
    2.3999
    2.4015
    2.4074
    2.4026
    2.3965
    2.4036
    2.4244
    2.4094
    2.4003
    2.4055
    2.4135
    2.4377
    2.4374
    2.4038
    2.4173
    2.4392
    2.4314
    2.4213
    2.4370
    2.4510
    2.4641
    2.5000
    2.4968
    2.4997
    2.5086
    2.4987
    2.5135
    2.5373
    2.5288
    2.5290
    2.5284
    2.5449
    2.5378
    2.5609
    2.5471
    2.5403
    2.5373
    2.5284
    2.5270
    2.5036
    2.5070
    2.4820
    2.4805
    2.4856
    2.4879
    2.5168
    2.5382
    2.5618
    2.5658
    2.5758
    2.5368
    2.5372
    2.5121
    2.4987
    2.4896
    2.5041
    2.4838
    2.4656
    2.4863
    2.4867
    2.4904
    2.5064
    2.5036
    2.5289
    2.5268
    2.5290
    2.5222
    2.5157
    2.5085
    2.5128
    2.5100
    2.5154
    2.5191
    2.5097
    2.5079
    2.4802
    2.4828
    2.4802
    2.4852
    2.4996
    2.5068
    2.5078
    2.5254
    2.5260
    2.5185
    2.5063
    2.4894
    2.5071
    2.5199
    2.5337
    2.5388
    2.5290
    2.5151
    2.5091
    2.5084
    2.5130
    2.5008
    2.5084
    2.5169
    2.5384
    2.5538
    2.5472
    2.5366
    2.5340
    2.5351
    2.5318
    2.5273
    2.5133
    2.5175
    2.5188
    2.5512
    2.5547
    2.5570
    2.5401
    2.5300
    2.5294
    2.5446
    2.5449
    2.5434
    2.5327
    2.5350
    2.5357
    2.5377
    2.5223
    2.5063
    2.4959
    2.5076
    2.4811
    2.4604
    2.4624
    2.4541
    2.4427
    2.4234
    2.4276
    2.4207
    2.3900
    2.3692
    2.3631
    2.3688
    2.3730
    2.3828
    2.3944
    2.4001
    2.4054
    2.4048
    2.4064
    2.4229
    2.4110
    2.4242
    2.4067
    2.3952
    2.3890
    2.3803
    2.3696
    2.3634
    2.3605
    2.3435
    2.3381
    2.3379
    2.3258
    2.3360
    2.3328
    2.3598
    2.3645
    2.3658
    2.3687
    2.3693
    2.3730
    2.3779
    2.3675
    2.3709
    2.3747
    2.3832
    2.3826
    2.3752
    2.3798
    2.3737
    2.3751
    2.3798
    2.3757
    2.3863
    2.3731
    2.3658
    2.3720
    2.3699
    2.3837
    2.3691
    2.3601
    2.3571
    2.3425
    2.3315
    2.3334
    2.3303
    2.3316
    2.3360
    2.3359
    2.3192
    2.3163
    2.3084
    2.3044
    2.3054
    2.2944
    2.2943
    2.2994
    2.2897
    2.2930
    2.3051
    2.3045
    2.3131
    2.3091
    2.3124
    2.3147
    2.3275
    2.3172
    2.3209
    2.3208
    2.3209
    2.3209
    2.3165
    2.3166
    2.3071
    2.2970
    2.2812
    2.2757
    2.2621
    2.2623
    2.2706
    2.2874
    2.2851
    2.3100
    2.3282
    2.3297
    2.3272
    2.3312
    2.3314
    2.3503
    2.3431
    2.3333
    2.3329
    2.3276
    2.3198
    2.3255
    2.3131
    2.3131
    2.3026
    2.3121
    2.3237
    2.3325
    2.3218
    2.3181
    2.3113
    2.3060
    2.3060
    2.3084
    2.3077
    2.3195
    2.3271
    2.3371
    2.3423
    2.3329
    2.3056
    2.2974
    2.2975
    2.2813
    2.2793
    2.2832
    2.2740
    2.2596
    2.2611
    2.2654
    2.2589
    2.2591
    2.2754
    2.2461
    2.2288
    2.2230
    2.2312
    2.2314
    2.2423
    2.2580
    2.2580
    2.2621
    2.2543
    2.2420
    2.2555
    2.2395
    2.2391
    2.2219
    2.2170
    2.2170
    2.1983
    2.2125
    2.2099
    2.2179
    2.2023
    2.1941
    2.1940
    2.1931
    2.1931
    2.2007
    2.1753
    2.1664
    2.1088
    2.0890
    2.1007
    2.1257
    2.1248
    2.1248
    2.1160
    2.0990
    2.0645
    2.0562
    2.0764
    2.0938
    2.0856
    2.0524
    2.0147
    2.0147
    2.0541
    2.0917
    2.0847
    2.1147
    2.1209
    2.1946
    2.1977
    2.1945
    2.1945
    2.2402
    2.2317
    2.2253
    2.2591
    2.2401
    2.2013
    2.2771
    2.3265
    2.3265
    2.3534
    2.3298
    2.3246
    2.3162
    2.2924
    2.1952
    2.1563
    2.1034
    2.1034
    2.0761
    2.0514
    2.0173
    2.0026
    1.9425
    1.9058
    1.9466
    1.9424
    1.9424
    1.9431
    1.9867
    2.0255
    2.0189
    1.9896
    1.9376
    2.0175
    2.0841
    2.0841
    2.0909
    2.1153
    2.1525
    2.1792
    2.1148
    2.1053
    2.1775
    2.1353
    2.1428
    2.1428
    2.1285
    2.0915
    2.1029
    2.1644
    2.1074
    2.0623
    2.0849
    2.0822
    2.0822
    2.1257
    2.0267
    2.0174
    1.9989
    1.8787
    1.8642
    1.9052
    1.9206
    1.9206
    1.9081
    1.9364
    1.9989
    2.0395
    2.0646
    2.0848
