   18.5846
   19.7706
   19.0316
    3.9284
    1.8816
    1.6186
    2.2785
    3.9703
    1.7972
    2.6657
    2.8594
    2.4746
    1.6458
    1.3998
    1.8817
    2.9941
    3.2535
    2.1775
    1.8122
    1.3952
    0.8956
    0.9609
    1.0200
    1.3601
    1.5038
    1.6065
    1.8877
    1.9347
    2.2319
    2.0542
    2.1041
    2.5081
    2.6671
    2.7525
    2.6333
    2.2481
    2.4709
    2.7194
    2.8314
    2.9563
    3.4095
    3.3379
    2.9879
    3.3209
    3.9140
    4.0921
    3.5537
    3.4748
    2.6697
    2.4462
    2.2989
    2.0305
    2.0207
    1.8709
    1.8400
    1.6775
    1.3924
    1.1835
    1.1206
    1.0194
    0.9657
    0.9532
    0.9956
    0.9502
    0.9616
    1.0316
    0.9825
    1.1328
    1.1525
    1.2045
    1.3132
    1.3390
    1.2958
    1.4396
    1.5733
    1.6141
    1.5855
    1.6342
    1.5369
    1.6557
    1.5960
    1.5830
    1.4406
    1.4084
    1.3425
    1.1661
    1.1729
    1.0637
    1.0521
    0.9764
    0.9598
    0.9709
    0.9320
    0.9203
    0.8736
    0.8357
    0.8479
    0.8386
    0.8668
    0.8210
    0.7942
    0.7970
    0.7656
    0.7760
    0.8283
    0.8015
    0.8515
    0.9310
    0.9190
    0.9107
    0.9161
    0.9533
    1.0329
    1.0694
    1.1231
    1.1228
    1.1480
    1.1634
    1.1643
    1.1573
    1.1821
    1.1341
    1.1555
    1.1482
    1.1056
    1.1148
    1.2034
    1.2065
    1.2213
    1.2340
    1.3293
    1.3386
    1.3721
    1.3576
    1.3794
    1.3885
    1.3570
    1.3660
    1.2929
    1.3898
    1.3517
    1.3203
    1.3156
    1.2877
    1.2814
    1.3027
    1.3784
    1.3271
    1.3231
    1.3261
    1.3191
    1.3618
    1.4342
    1.4254
    1.4630
    1.4626
    1.4767
    1.5138
    1.5060
    1.4541
    1.4544
    1.4248
    1.3855
    1.3076
    1.3094
    1.2710
    1.2224
    1.1970
    1.2125
    1.2126
    1.1926
    1.2583
    1.2046
    1.2177
    1.2080
    1.2117
    1.1823
    1.1637
    1.1125
    1.1026
    1.1233
    1.1166
    1.1244
    1.1040
    1.0216
    1.0236
    1.0073
    1.0563
    1.0514
    1.0811
    1.0465
    1.0446
    1.0435
    1.0380
    1.0397
    0.9874
    0.9990
    0.9841
    0.9752
    0.9682
    0.9801
    0.9831
    1.0234
    1.0235
    1.0570
    1.0529
    1.0698
    1.0522
    1.0679
    1.0845
    1.0878
    1.0903
    1.0760
    1.0925
    1.1108
    1.0999
    1.0962
    1.1354
    1.1617
    1.1707
    1.2053
    1.2175
    1.2286
    1.2291
    1.2633
    1.2772
    1.2662
    1.2371
    1.2338
    1.2207
    1.2214
    1.2424
    1.2575
    1.2705
    1.2977
    1.2894
    1.2971
    1.3151
    1.3177
    1.3028
    1.3139
    1.3097
    1.3273
    1.3257
    1.3324
    1.3508
    1.3794
    1.3786
    1.3732
    1.4021
    1.4265
    1.4223
    1.4565
    1.4424
    1.3880
    1.4263
    1.4254
    1.4199
    1.4012
    1.3987
    1.3765
    1.3943
    1.3913
    1.4016
    1.3970
    1.3992
    1.4154
    1.4540
    1.4620
    1.4316
    1.4448
    1.4622
    1.4839
    1.4617
    1.4482
    1.4702
    1.4746
    1.4675
    1.4497
    1.4659
    1.4378
    1.4216
    1.4429
    1.4588
    1.4242
    1.4690
    1.4895
    1.5076
    1.5132
    1.5398
    1.5351
    1.5460
    1.5559
    1.5294
    1.5155
    1.5098
    1.5367
    1.5071
    1.5109
    1.4837
    1.4714
    1.4757
    1.4800
    1.4689
    1.4773
    1.4922
    1.4630
    1.4736
    1.4669
    1.4797
    1.5276
    1.5319
    1.5124
    1.5280
    1.5015
    1.4977
    1.5079
    1.5007
    1.5240
    1.5593
    1.5605
    1.6131
    1.6111
    1.6134
    1.6320
    1.6203
    1.6159
    1.6438
    1.6485
    1.6717
    1.6703
    1.6453
    1.6792
    1.6677
    1.6629
    1.6337
    1.6165
    1.6044
    1.6461
    1.6397
    1.6673
    1.6924
    1.6839
    1.6810
    1.6897
    1.6896
    1.7028
    1.6866
    1.6982
    1.6872
    1.7045
    1.7241
    1.7333
    1.7446
    1.7292
    1.7222
    1.7061
    1.7225
    1.7359
    1.7713
    1.7830
    1.7969
    1.8094
    1.8291
    1.8395
    1.8458
    1.8516
    1.8589
    1.8988
    1.9105
    1.9123
    1.9043
    1.9117
    1.9212
    1.9631
    1.9425
    1.9325
    1.9425
    1.9761
    1.9855
    1.9627
    1.9794
    2.0055
    2.0085
    1.9814
    1.9873
    2.0057
    1.9782
    1.9893
    2.0049
    1.9622
    1.9518
    1.9121
    1.9085
    1.9323
    1.9141
    1.9391
    1.9613
    1.9945
    2.0010
    2.0061
    1.9839
    1.9648
    1.9485
    1.9656
    1.9192
    1.9488
    1.9478
    1.9772
    1.9848
    1.9878
    1.9937
    1.9936
    2.0004
    2.0011
    2.0047
    1.9732
    1.9953
    1.9846
    1.9817
    2.0007
    1.9892
    1.9895
    2.0071
    2.0108
    2.0440
    2.0295
    2.0254
    2.0160
    1.9926
    1.9953
    1.9802
    2.0450
    2.0399
    2.0359
    2.0661
    2.0422
    2.0426
    2.0202
    2.0477
    2.0825
    2.0644
    2.0477
    2.0483
    2.0540
    2.0505
    2.0456
    2.0514
    2.0739
    2.0862
    2.0928
    2.1039
    2.0828
    2.0576
    2.0479
    2.0439
    2.0734
    2.0680
    2.0995
    2.1073
    2.1063
    2.1023
    2.1315
    2.1197
    2.0821
    2.1047
    2.1281
    2.1407
    2.1587
    2.1666
    2.1513
    2.1292
    2.1917
    2.2026
    2.2477
    2.2316
    2.2408
    2.2547
    2.2650
    2.2886
    2.3005
    2.2866
    2.2988
    2.2724
    2.2934
    2.2730
    2.2440
    2.2257
    2.2456
    2.2663
    2.2834
    2.2897
    2.3115
    2.3214
    2.3206
    2.3574
    2.3700
    2.3659
    2.3660
    2.3608
    2.3395
    2.3173
    2.3266
    2.3434
    2.3424
    2.3442
    2.3585
    2.3800
    2.4295
    2.4546
    2.4557
    2.4474
    2.4687
    2.4753
    2.4920
    2.4670
    2.5100
    2.5210
    2.5020
    2.4978
    2.5050
    2.5178
    2.5078
    2.5005
    2.4856
    2.4886
    2.5357
    2.5417
    2.5474
    2.5114
    2.4934
    2.4744
    2.4993
    2.5023
    2.5046
    2.4859
    2.4619
    2.4504
    2.4687
    2.4711
    2.5012
    2.4910
    2.4906
    2.5236
    2.5463
    2.5119
    2.5523
    2.6158
    2.6164
    2.6212
    2.6223
    2.6150
    2.6359
    2.6503
    2.5981
    2.5823
    2.5629
    2.5742
    2.5666
    2.5335
    2.5199
    2.5213
    2.5070
    2.4511
    2.4429
    2.4499
    2.4668
    2.4412
    2.4327
    2.4382
    2.4557
    2.4495
    2.4492
    2.4458
    2.4036
    2.4016
    2.3951
    2.3907
    2.3652
    2.3668
    2.3536
    2.3513
    2.3115
    2.2787
    2.2814
    2.2916
    2.2797
    2.2461
    2.2343
    2.2341
    2.2210
    2.2088
    2.2056
    2.2021
    2.1587
    2.1641
    2.0983
    2.0753
    2.0556
    2.0436
    2.0189
    2.0151
    2.0022
    1.9928
    1.9872
    1.9806
    1.9746
    1.9796
    1.9679
    1.9668
    1.9546
    1.9435
    1.9673
    1.9657
    1.9447
    1.9312
    1.9154
    1.8875
    1.8747
    1.8871
    1.8618
    1.8347
    1.8252
    1.7970
    1.7815
    1.7662
    1.7255
    1.6969
    1.7012
    1.6751
    1.6440
    1.6422
    1.6450
    1.6232
    1.6100
    1.5868
    1.5508
    1.5257
    1.5140
    1.5014
    1.4630
    1.4577
    1.4196
    1.4111
    1.4071
    1.3742
    1.3644
    1.3438
    1.3374
    1.3269
    1.3164
    1.3008
    1.2991
    1.2793
    1.2742
    1.2644
    1.2544
    1.2384
    1.2291
    1.2170
    1.2074
    1.2048
    1.2136
    1.2007
    1.2046
    1.2038
    1.2060
    1.2161
    1.2158
    1.2070
    1.2065
    1.2035
    1.1954
    1.1911
    1.1870
    1.1882
    1.1848
    1.1749
    1.1809
    1.1780
    1.1805
    1.1711
    1.1702
    1.1595
    1.1567
    1.1378
    1.1353
    1.1386
    1.1214
    1.1080
    1.0978
    1.0974
    1.0987
    1.0967
    1.0931
    1.0896
    1.0924
    1.0822
    1.0894
    1.0902
    1.0882
    1.0987
    1.0968
    1.0948
    1.0961
    1.0944
    1.0915
    1.0866
    1.0840
    1.0891
    1.0969
    1.1022
    1.0988
    1.0996
    1.0966
    1.1015
    1.1095
    1.1105
    1.1064
    1.1052
    1.1032
    1.1020
    1.0963
    1.1080
    1.1036
    1.1031
    1.1051
    1.0944
    1.0896
    1.0841
    1.0857
    1.0788
    1.0689
    1.0633
    1.0657
    1.0679
    1.0633
    1.0513
    1.0506
    1.0499
    1.0486
    1.0519
    1.0531
    1.0423
    1.0419
    1.0404
    1.0336
    1.0315
    1.0273
    1.0190
    1.0137
    1.0096
    1.0069
    1.0074
    1.0075
    1.0027
    1.0010
    0.9917
    0.9844
    0.9660
    0.9662
    0.9645
    0.9556
    0.9547
    0.9476
    0.9396
    0.9339
    0.9358
    0.9310
    0.9323
    0.9347
    0.9274
    0.9248
    0.9219
    0.9223
    0.9173
    0.9125
    0.9129
    0.9126
    0.9113
    0.9068
    0.9102
    0.9024
    0.9006
    0.8978
    0.8999
    0.8968
    0.8988
    0.9006
    0.9052
    0.9066
    0.9037
    0.9016
    0.9063
    0.9103
    0.9077
    0.9044
    0.9059
    0.9097
    0.9089
    0.9117
    0.9148
    0.9166
    0.9203
    0.9205
    0.9189
    0.9190
    0.9229
    0.9216
    0.9264
    0.9291
    0.9266
    0.9308
    0.9330
    0.9333
    0.9327
    0.9380
    0.9377
    0.9407
    0.9433
    0.9433
    0.9420
    0.9454
    0.9470
    0.9480
    0.9484
    0.9480
    0.9465
    0.9484
    0.9493
    0.9531
    0.9570
    0.9589
    0.9558
    0.9556
    0.9499
    0.9475
    0.9412
    0.9396
    0.9382
    0.9320
    0.9304
    0.9294
    0.9291
    0.9316
    0.9302
    0.9251
    0.9252
    0.9260
    0.9248
    0.9211
    0.9217
    0.9215
    0.9202
    0.9206
    0.9166
    0.9152
    0.9107
    0.9082
    0.9064
    0.9095
    0.9095
    0.9050
    0.9086
    0.9064
    0.9040
    0.9016
    0.9021
    0.9029
    0.9030
    0.9029
    0.8994
    0.8949
    0.8945
    0.8950
    0.8952
    0.8914
    0.8874
    0.8860
    0.8858
    0.8801
    0.8770
    0.8744
    0.8660
    0.8621
    0.8615
    0.8595
    0.8589
    0.8597
    0.8597
    0.8597
    0.8577
    0.8592
    0.8543
    0.8558
    0.8457
    0.8367
    0.8324
    0.8325
    0.8280
    0.8263
    0.8209
    0.8103
    0.8077
    0.8045
    0.8052
    0.8002
    0.8002
    0.7945
    0.7876
    0.7866
    0.7742
    0.7759
    0.7726
    0.7694
    0.7637
    0.7637
    0.7682
    0.7693
    0.7662
    0.7601
    0.7633
    0.7695
    0.7730
    0.7738
    0.7738
    0.7664
    0.7675
    0.7665
    0.7687
    0.7667
    0.7632
    0.7619
    0.7534
    0.7534
    0.7479
    0.7400
    0.7451
    0.7374
    0.7315
    0.7343
    0.7325
    0.7334
    0.7367
    0.7367
    0.7404
    0.7337
    0.7404
    0.7425
    0.7395
    0.7278
    0.7288
    0.7271
    0.7271
    0.7315
    0.7372
    0.7516
    0.7590
    0.7559
    0.7519
    0.7649
    0.7572
    0.7572
    0.7663
    0.7767
    0.7898
    0.7867
    0.7810
    0.7913
    0.7850
    0.7780
    0.7780
    0.7865
    0.7845
    0.7897
    0.7889
    0.7964
    0.8092
    0.8263
    0.8237
    0.8237
    0.8136
    0.8179
    0.8185
    0.8183
    0.8504
    0.8560
    0.8708
    0.8915
    0.8915
    0.8857
    0.8874
    0.8772
    0.8612
    0.8588
    0.8540
    0.8738
    0.8772
    0.8764
    0.8764
    0.8467
    0.8426
    0.8501
    0.8647
    0.8445
    0.8131
    0.8282
    0.8482
    0.8482
    0.8355
    0.8312
    0.8284
    0.8347
    0.8508
    0.8798
    0.8713
    0.8622
    0.8622
    0.8509
    0.8755
    0.8965
    0.8631
    0.8702
    0.8477
