    7.6195
    6.9371
    4.1587
    1.4994
    7.7627
    0.8584
    2.2148
    0.8781
    4.4120
    2.9741
    2.6821
    2.0801
    2.3467
    2.7977
    3.2960
    4.1295
    4.2957
    4.5340
    4.4429
    5.1130
    5.8169
    5.2460
    5.3811
    5.9945
    5.4321
    5.7589
    6.0854
    6.3398
    6.1803
    5.8635
    6.4741
    6.0979
    6.7004
    7.1043
    6.9339
    6.8246
    6.4121
    6.4008
    5.5030
    4.9538
    2.5735
    2.5081
    2.3381
    2.1732
    2.0540
    2.2663
    2.3878
    2.3014
    2.3362
    2.5662
    2.9789
    3.3558
    3.4016
    3.6085
    3.8067
    4.0290
    3.7028
    3.2405
    3.1290
    3.0688
    2.8474
    2.7241
    2.4056
    2.3675
    2.4022
    2.2829
    2.2205
    2.0924
    1.9002
    1.8229
    1.9381
    2.0864
    2.0394
    2.0172
    2.0414
    2.0478
    2.1456
    2.3440
    2.6198
    2.6646
    2.5445
    2.5215
    2.4851
    2.3625
    2.3258
    2.2892
    2.3479
    2.2946
    2.2129
    2.1747
    2.0721
    1.9927
    1.9823
    2.0214
    1.9036
    1.9193
    1.9704
    1.9656
    1.8607
    1.8382
    1.8687
    1.7614
    1.6664
    1.5892
    1.5178
    1.5098
    1.4720
    1.4205
    1.4632
    1.4968
    1.4733
    1.5279
    1.4922
    1.5216
    1.6114
    1.7154
    1.5702
    1.5890
    1.5966
    1.5542
    1.5103
    1.5082
    1.4811
    1.4538
    1.4726
    1.4554
    1.4737
    1.5064
    1.5096
    1.5705
    1.6151
    1.6300
    1.6809
    1.6964
    1.7046
    1.7382
    1.7400
    1.7896
    1.7999
    1.8570
    1.8352
    1.8451
    1.8290
    1.8479
    1.8595
    1.8389
    1.8293
    1.9469
    2.0548
    2.1513
    2.2775
    2.3534
    2.2854
    2.3736
    2.4636
    2.5219
    2.6152
    2.5782
    2.6041
    2.5785
    2.6244
    2.7488
    2.7342
    2.6252
    2.5252
    2.5007
    2.5979
    2.4745
    2.5468
    2.5613
    2.4814
    2.4990
    2.4396
    2.5215
    2.5622
    2.5151
    2.4455
    2.4820
    2.4926
    2.4973
    2.4857
    2.4385
    2.4342
    2.3951
    2.3980
    2.4346
    2.4303
    2.4627
    2.4334
    2.4680
    2.4761
    2.5901
    2.6187
    2.5517
    2.5957
    2.5070
    2.4321
    2.4550
    2.5139
    2.5429
    2.5452
    2.5225
    2.4529
    2.3841
    2.3064
    2.3004
    2.3428
    2.3423
    2.3362
    2.2056
    2.1396
    2.1507
    2.0825
    2.0618
    2.0635
    1.9491
    1.9753
    1.9592
    1.8936
    1.8190
    1.7418
    1.7156
    1.6816
    1.6795
    1.7199
    1.7076
    1.7169
    1.7374
    1.7091
    1.7177
    1.7039
    1.7204
    1.7280
    1.7479
    1.7478
    1.7559
    1.7645
    1.7481
    1.7571
    1.7349
    1.7631
    1.7549
    1.7273
    1.7478
    1.7300
    1.7314
    1.7568
    1.7432
    1.7755
    1.7871
    1.8079
    1.7930
    1.8150
    1.8488
    1.8598
    1.8751
    1.9011
    1.9117
    1.9243
    1.9128
    1.8779
    1.8749
    1.8867
    1.9299
    1.9815
    2.0047
    2.0228
    2.0230
    2.0546
    2.0793
    2.1047
    2.1694
    2.1608
    2.1854
    2.1980
    2.2224
    2.2902
    2.2976
    2.3033
    2.3400
    2.3753
    2.3748
    2.3426
    2.3722
    2.4116
    2.3856
    2.3775
    2.3781
    2.3821
    2.3836
    2.3920
    2.3895
    2.3978
    2.3862
    2.4047
    2.3950
    2.3685
    2.3674
    2.3787
    2.3983
    2.3718
    2.3665
    2.3574
    2.3223
    2.3358
    2.3826
    2.3783
    2.3694
    2.3649
    2.3480
    2.2901
    2.2769
    2.2798
    2.2239
    2.1849
    2.1863
    2.2184
    2.1986
    2.1852
    2.2138
    2.2211
    2.1947
    2.1655
    2.1472
    2.1608
    2.1856
    2.1257
    2.1424
    2.1928
    2.2148
    2.1845
    2.1597
    2.1714
    2.1718
    2.1409
    2.1581
    2.1537
    2.1421
    2.1183
    2.1174
    2.1193
    2.1104
    2.1193
    2.1061
    2.1129
    2.1048
    2.1334
    2.1214
    2.1119
    2.1408
    2.1620
    2.2072
    2.1890
    2.1796
    2.2101
    2.2274
    2.2425
    2.2633
    2.2747
    2.2517
    2.2293
    2.2376
    2.2592
    2.2589
    2.2726
    2.2606
    2.2774
    2.2932
    2.2610
    2.2574
    2.2738
    2.2455
    2.2402
    2.2495
    2.2030
    2.1834
    2.1921
    2.1747
    2.1735
    2.1737
    2.1588
    2.1501
    2.1626
    2.1437
    2.1392
    2.1288
    2.1514
    2.1421
    2.1591
    2.1819
    2.2208
    2.2375
    2.2592
    2.2812
    2.2581
    2.2924
    2.3005
    2.2757
    2.2773
    2.2859
    2.2873
    2.3032
    2.3098
    2.3245
    2.3461
    2.3627
    2.3463
    2.3736
    2.3423
    2.3617
    2.3694
    2.4214
    2.4250
    2.4147
    2.4153
    2.4044
    2.4387
    2.4681
    2.4677
    2.4766
    2.4810
    2.4948
    2.5210
    2.4700
    2.4891
    2.4900
    2.4775
    2.4669
    2.4516
    2.4747
    2.4589
    2.4172
    2.4276
    2.4359
    2.3742
    2.3631
    2.3728
    2.3419
    2.3602
    2.3407
    2.3291
    2.3384
    2.3211
    2.3115
    2.3191
    2.3475
    2.3368
    2.3306
    2.3284
    2.3135
    2.3237
    2.3107
    2.2808
    2.2422
    2.2552
    2.2499
    2.2446
    2.2080
    2.2045
    2.2177
    2.2478
    2.2456
    2.2390
    2.2484
    2.2731
    2.3050
    2.2722
    2.2684
    2.2549
    2.2610
    2.2729
    2.2966
    2.2789
    2.2863
    2.2746
    2.2759
    2.2395
    2.2443
    2.2403
    2.2426
    2.2584
    2.2366
    2.2274
    2.2158
    2.2328
    2.2351
    2.2439
    2.2067
    2.2270
    2.2349
    2.2264
    2.2378
    2.2272
    2.2446
    2.2591
    2.2504
    2.2446
    2.2796
    2.2767
    2.2815
    2.2982
    2.3188
    2.2977
    2.3279
    2.3378
    2.3274
    2.2872
    2.2205
    2.2069
    2.2103
    2.2330
    2.2366
    2.1800
    2.1532
    2.1497
    2.1464
    2.1409
    2.1520
    2.1414
    2.1328
    2.0944
    2.0746
    2.0976
    2.0865
    2.0469
    2.0436
    2.0200
    2.0061
    1.9981
    1.9973
    1.9600
    1.9582
    1.9205
    1.9356
    1.9278
    1.9233
    1.8940
    1.8890
    1.9065
    1.9192
    1.9106
    1.9078
    1.8881
    1.8960
    1.9143
    1.8956
    1.8755
    1.8596
    1.8432
    1.8385
    1.8325
    1.8505
    1.8402
    1.8341
    1.8262
    1.8165
    1.7842
    1.7879
    1.7823
    1.7804
    1.7939
    1.7830
    1.7881
    1.7915
    1.7736
    1.7555
    1.7361
    1.7260
    1.7361
    1.7287
    1.7425
    1.7527
    1.7375
    1.7291
    1.7380
    1.7398
    1.7371
    1.7434
    1.7538
    1.7601
    1.7498
    1.7300
    1.7331
    1.7453
    1.7313
    1.7333
    1.7528
    1.7322
    1.7447
    1.7383
    1.7362
    1.7222
    1.6953
    1.7074
    1.7120
    1.7213
    1.7274
    1.7102
    1.7042
    1.7078
    1.7203
    1.7108
    1.7115
    1.7111
    1.6938
    1.7018
    1.7099
    1.7068
    1.7304
    1.7367
    1.7367
    1.7289
    1.7554
    1.7699
    1.7787
    1.7663
    1.7630
    1.7601
    1.7575
    1.7405
    1.7572
    1.7407
    1.7528
    1.7527
    1.7558
    1.7689
    1.7597
    1.7496
    1.7822
    1.7910
    1.7916
    1.7891
    1.7927
    1.7998
    1.8113
    1.8012
    1.8195
    1.8101
    1.8073
    1.8290
    1.8322
    1.8417
    1.8246
    1.8218
    1.8501
    1.8550
    1.8665
    1.8639
    1.8505
    1.8362
    1.8323
    1.8237
    1.8209
    1.8397
    1.8403
    1.8455
    1.8550
    1.8661
    1.8498
    1.8650
    1.8788
    1.8999
    1.9016
    1.9163
    1.9202
    1.9311
    1.9276
    1.9489
    1.9430
    1.9554
    1.9631
    1.9724
    1.9639
    1.9422
    1.9487
    1.9493
    1.9392
    1.9267
    1.9304
    1.9281
    1.9296
    1.9323
    1.9250
    1.9257
    1.9239
    1.9041
    1.9211
    1.9280
    1.9446
    1.9646
    1.9822
    1.9917
    2.0051
    1.9970
    1.9617
    1.9727
    1.9747
    1.9883
    1.9845
    1.9695
    1.9891
    1.9803
    1.9913
    2.0025
    1.9934
    1.9976
    2.0064
    1.9952
    1.9584
    1.9523
    1.9483
    1.9454
    1.9443
    1.9354
    1.9360
    1.9434
    1.9463
    1.9433
    1.9270
    1.9390
    1.9192
    1.9145
    1.9162
    1.9154
    1.9126
    1.9169
    1.9471
    1.9499
    1.9481
    1.9489
    1.9512
    1.9602
    1.9758
    1.9715
    1.9865
    1.9673
    1.9763
    1.9669
    1.9465
    1.9375
    1.9235
    1.9031
    1.9102
    1.9159
    1.9189
    1.9183
    1.9225
    1.9015
    1.8961
    1.8892
    1.8789
    1.8822
    1.8741
    1.8684
    1.8764
    1.8805
    1.8803
    1.8903
    1.8923
    1.8858
    1.8956
    1.8955
    1.8917
    1.8844
    1.8872
    1.8907
    1.8856
    1.8918
    1.8931
    1.8887
    1.8858
    1.8731
    1.8691
    1.8754
    1.8643
    1.8669
    1.8761
    1.8856
    1.8894
    1.8907
    1.9040
    1.8983
    1.9004
    1.9109
    1.9079
    1.8937
    1.8908
    1.8845
    1.8844
    1.8781
    1.8838
    1.8914
    1.8923
    1.8878
    1.8916
    1.8822
    1.8825
    1.8854
    1.8834
    1.8775
    1.8789
    1.8676
    1.8699
    1.8763
    1.8848
    1.8819
    1.8843
    1.8871
    1.8820
    1.8873
    1.8861
    1.8680
    1.8774
    1.8771
    1.8737
    1.8730
    1.8780
    1.8913
    1.9038
    1.9071
    1.9136
    1.9129
    1.9131
    1.9052
    1.9127
    1.9170
    1.9245
    1.9215
    1.9177
    1.9226
    1.9136
    1.9052
    1.9035
    1.8998
    1.8997
    1.8982
    1.8938
    1.8926
    1.8856
    1.8872
    1.8752
    1.8836
    1.8645
    1.8643
    1.8731
    1.8672
    1.8690
    1.8733
    1.8878
    1.8841
    1.8915
    1.9022
    1.9022
    1.9073
    1.9078
    1.9043
    1.9049
    1.9003
    1.9011
    1.9047
    1.9124
    1.9125
    1.9153
    1.9203
    1.9262
    1.9147
    1.9083
    1.8988
    1.8822
    1.8767
    1.8765
    1.8755
    1.8651
    1.8697
    1.8788
    1.8974
    1.8869
    1.8848
    1.8756
    1.8753
    1.8781
    1.8893
    1.8785
    1.8989
    1.8928
    1.8842
    1.8769
    1.8862
    1.8802
    1.8802
    1.8623
    1.8744
    1.9130
    1.9178
    1.9220
    1.9227
    1.9358
    1.9513
    1.9512
    1.9745
    1.9749
    1.9677
    1.9577
    1.9696
    1.9851
    1.9915
    1.9846
    1.9842
    2.0085
    2.0284
    2.0338
    2.0291
    2.0334
    2.0266
    2.0003
    1.9887
    1.9887
    1.9819
    1.9772
    1.9719
    1.9645
    1.9530
    1.9416
    1.9463
    1.9377
    1.9377
    1.9161
    1.9358
    1.9268
    1.9363
    1.9572
    1.9712
    2.0251
    2.0671
    2.0671
    2.0550
    2.0431
    2.0525
    2.0543
    2.0740
    2.0936
    2.1362
    2.1641
    2.1743
    2.1743
    2.2152
    2.1841
    2.2153
    2.2455
    2.2935
    2.2839
    2.2698
    2.2742
    2.2742
    2.2602
    2.2572
    2.2936
    2.3073
    2.2810
    2.2805
    2.3603
    2.3707
    2.3707
    2.3540
    2.3553
    2.3550
    2.3424
    2.3220
    2.3073
    2.3432
    2.3874
    2.3874
    2.4368
    2.4146
    2.3666
    2.4219
    2.4516
    2.4555
    2.4195
    2.3833
    2.3833
    2.3934
    2.4001
    2.3649
    2.3717
    2.3509
    2.3867
    2.3551
    2.3073
    2.3073
    2.4452
    2.4798
    2.4709
    2.4857
    2.5747
    2.5715
    2.4589
    2.3719
    2.4069
    2.4069
    2.4058
    2.3416
    2.4387
    2.4374
    2.4260
    2.4374
    2.3900
    2.4501
    2.4501
    2.4405
    2.4179
    2.4907
    2.4972
    2.4863
    2.4912
    2.4548
    2.3883
    2.3883
    2.3926
    2.4214
    2.4466
    2.4126
    2.5133
    2.5022
