    3.0472
    3.0301
    2.9981
    2.5633
    2.7603
    2.8462
    2.7376
    2.7986
    2.3951
    2.3382
    2.2616
    2.1625
    2.0199
    1.9342
    1.7858
    1.6301
    1.3592
    1.2958
    1.5126
    1.5006
    1.4643
    1.6398
    1.6649
    1.4653
    1.6959
    1.6760
    1.7571
    1.7778
    1.8446
    1.9256
    2.0632
    2.1455
    2.2390
    2.3338
    2.4647
    2.5909
    2.7769
    2.9814
    2.9421
    2.9440
    2.9516
    3.1636
    3.1618
    3.0714
    2.9555
    2.8937
    2.7203
    2.5696
    2.3947
    2.2702
    2.3420
    2.2291
    1.9175
    1.8619
    1.9715
    2.0355
    2.1514
    2.6173
    2.7924
    2.8106
    2.7783
    2.6426
    2.3743
    2.4769
    2.4132
    2.5855
    2.5935
    2.8427
    2.8779
    2.8813
    2.8781
    2.5406
    2.4862
    2.5355
    2.5397
    2.6607
    2.7101
    3.0068
    2.9607
    2.9149
    3.0373
    2.9229
    2.9743
    3.1408
    3.3961
    3.1461
    3.0492
    2.9518
    3.1143
    3.4102
    3.5681
    3.6296
    3.4389
    3.3557
    3.1876
    3.1655
    3.0260
    3.0339
    3.1997
    3.2857
    3.1840
    3.1867
    3.1224
    2.9141
    2.9533
    2.8531
    2.9047
    2.7810
    2.5703
    2.3859
    2.3317
    2.1896
    2.1547
    2.1860
    2.0207
    1.9183
    1.9586
    1.9836
    1.9718
    1.9707
    1.8975
    1.9536
    1.9506
    1.9292
    1.9227
    1.8990
    1.8507
    1.8606
    1.8182
    1.7861
    1.7753
    1.7297
    1.6808
    1.6196
    1.5652
    1.5977
    1.6293
    1.5951
    1.6020
    1.5611
    1.6147
    1.6291
    1.5742
    1.5896
    1.5962
    1.6403
    1.6192
    1.6524
    1.6884
    1.7044
    1.6928
    1.7176
    1.6606
    1.7044
    1.6526
    1.6345
    1.6295
    1.5647
    1.5067
    1.5553
    1.5725
    1.5732
    1.5386
    1.4028
    1.3783
    1.3121
    1.2643
    1.2918
    1.2476
    1.2200
    1.2020
    1.1772
    1.1549
    1.1529
    1.1817
    1.1592
    1.2063
    1.2148
    1.2561
    1.2350
    1.2005
    1.2124
    1.1880
    1.1984
    1.2198
    1.2148
    1.1756
    1.1153
    1.1245
    1.1684
    1.1364
    1.0933
    1.0579
    1.0659
    1.0661
    1.0842
    1.0812
    1.0877
    1.1249
    1.1361
    1.1526
    1.1300
    1.1223
    1.0886
    1.0918
    1.0968
    1.1260
    1.0988
    1.1198
    1.1142
    1.0741
    1.0603
    1.0679
    1.1027
    1.0989
    1.0796
    1.0399
    1.0464
    1.0443
    1.0602
    1.0414
    1.0338
    1.0270
    1.0030
    0.9866
    0.9889
    1.0173
    0.9942
    1.0090
    1.0256
    1.0382
    1.0505
    1.0618
    1.0821
    1.0936
    1.1201
    1.0973
    1.0702
    1.0696
    1.0658
    1.0890
    1.0733
    1.0527
    1.0416
    1.0385
    1.0352
    1.0437
    1.0369
    1.0324
    1.0435
    1.0353
    1.0147
    1.0131
    1.0360
    1.0402
    1.0484
    1.0397
    1.0614
    1.0612
    1.0472
    1.0135
    1.0430
    1.0515
    1.0785
    1.1268
    1.1177
    1.0956
    1.0909
    1.0727
    1.0135
    0.9911
    1.0019
    1.0251
    1.0254
    1.0276
    1.0155
    0.9811
    0.9438
    0.9489
    0.9455
    0.9378
    0.9480
    0.9425
    0.9273
    0.9207
    0.9486
    0.9697
    0.9599
    0.9705
    0.9800
    1.0011
    0.9984
    0.9976
    1.0275
    1.0208
    1.0094
    1.0175
    1.0337
    1.0408
    1.0437
    1.0384
    1.0318
    1.0833
    1.0818
    1.0987
    1.1140
    1.1054
    1.0963
    1.1127
    1.1294
    1.1133
    1.1111
    1.1164
    1.1326
    1.1083
    1.0680
    1.0577
    1.0403
    0.9538
    0.9178
    0.9264
    0.9128
    0.9039
    0.8876
    0.8736
    0.8458
    0.8035
    0.8004
    0.7817
    0.7641
    0.7469
    0.7241
    0.7125
    0.6940
    0.6916
    0.7044
    0.7094
    0.7092
    0.7102
    0.7075
    0.7023
    0.7143
    0.7120
    0.7046
    0.6967
    0.6936
    0.6941
    0.6989
    0.6893
    0.6853
    0.6900
    0.6769
    0.6736
    0.6614
    0.6486
    0.6439
    0.6427
    0.6418
    0.6442
    0.6289
    0.6122
    0.6042
    0.6096
    0.6025
    0.5937
    0.5817
    0.5824
    0.5787
    0.5713
    0.5674
    0.5564
    0.5462
    0.5461
    0.5327
    0.5235
    0.5224
    0.5166
    0.5186
    0.5197
    0.5150
    0.5075
    0.4995
    0.5008
    0.5004
    0.5059
    0.4992
    0.5010
    0.5056
    0.5037
    0.5011
    0.5053
    0.5104
    0.5115
    0.5063
    0.5104
    0.5032
    0.4976
    0.5063
    0.5148
    0.5159
    0.5138
    0.5274
    0.5401
    0.5464
    0.5415
    0.5384
    0.5368
    0.5430
    0.5485
    0.5620
    0.5681
    0.5855
    0.5861
    0.5891
    0.6008
    0.6062
    0.6166
    0.6295
    0.6366
    0.6421
    0.6484
    0.6499
    0.6514
    0.6459
    0.6483
    0.6479
    0.6490
    0.6489
    0.6557
    0.6538
    0.6543
    0.6467
    0.6499
    0.6558
    0.6618
    0.6603
    0.6707
    0.6709
    0.6795
    0.6879
    0.6844
    0.6860
    0.6896
    0.6906
    0.6966
    0.7095
    0.7191
    0.7181
    0.7175
    0.7312
    0.7420
    0.7348
    0.7415
    0.7460
    0.7456
    0.7452
    0.7372
    0.7344
    0.7394
    0.7415
    0.7483
    0.7570
    0.7576
    0.7647
    0.7738
    0.7816
    0.7842
    0.7815
    0.7974
    0.8066
    0.8273
    0.8283
    0.8332
    0.8378
    0.8449
    0.8495
    0.8465
    0.8432
    0.8506
    0.8457
    0.8462
    0.8468
    0.8410
    0.8455
    0.8461
    0.8474
    0.8539
    0.8528
    0.8561
    0.8358
    0.8464
    0.8494
    0.8500
    0.8507
    0.8470
    0.8500
    0.8598
    0.8619
    0.8754
    0.8852
    0.8891
    0.8806
    0.8855
    0.8954
    0.8988
    0.9067
    0.9082
    0.9060
    0.8991
    0.9060
    0.9123
    0.9232
    0.9244
    0.9267
    0.9153
    0.9079
    0.9044
    0.9063
    0.9052
    0.9075
    0.9065
    0.9017
    0.9042
    0.9097
    0.9092
    0.9046
    0.9011
    0.8928
    0.8918
    0.8868
    0.8888
    0.8903
    0.8859
    0.8873
    0.8859
    0.8826
    0.8792
    0.8765
    0.8685
    0.8742
    0.8774
    0.8779
    0.8838
    0.8902
    0.8896
    0.8876
    0.8791
    0.8836
    0.8881
    0.8899
    0.8826
    0.8865
    0.8931
    0.8900
    0.8991
    0.8961
    0.8970
    0.9009
    0.9074
    0.9098
    0.9127
    0.9110
    0.9060
    0.9008
    0.9028
    0.8958
    0.8864
    0.8764
    0.8739
    0.8763
    0.8740
    0.8798
    0.8908
    0.9045
    0.9017
    0.9024
    0.9030
    0.9008
    0.9029
    0.9108
    0.9143
    0.9166
    0.9221
    0.9130
    0.9060
    0.8901
    0.8931
    0.8958
    0.9050
    0.8982
    0.8884
    0.8868
    0.8783
    0.8806
    0.8801
    0.8804
    0.8948
    0.8863
    0.8820
    0.8784
    0.8814
    0.8900
    0.8856
    0.8795
    0.8854
    0.8893
    0.8851
    0.8835
    0.8896
    0.8897
    0.8922
    0.8935
    0.8824
    0.8816
    0.8787
    0.8757
    0.8843
    0.8891
    0.8848
    0.8805
    0.8850
    0.8949
    0.8999
    0.9023
    0.9024
    0.8946
    0.8933
    0.8897
    0.8953
    0.9019
    0.9069
    0.9137
    0.9178
    0.9191
    0.9274
    0.9239
    0.9292
    0.9344
    0.9403
    0.9460
    0.9578
    0.9593
    0.9565
    0.9647
    0.9696
    0.9754
    0.9858
    1.0028
    1.0090
    1.0203
    1.0298
    1.0340
    1.0301
    1.0309
    1.0317
    1.0267
    1.0287
    1.0311
    1.0293
    1.0329
    1.0259
    1.0327
    1.0403
    1.0545
    1.0675
    1.0778
    1.0852
    1.0969
    1.0971
    1.1048
    1.1043
    1.1000
    1.1047
    1.1121
    1.1140
    1.1192
    1.1308
    1.1425
    1.1559
    1.1735
    1.1802
    1.1839
    1.1898
    1.1912
    1.1960
    1.2051
    1.2124
    1.2148
    1.2291
    1.2395
    1.2460
    1.2453
    1.2454
    1.2528
    1.2643
    1.2772
    1.2820
    1.2716
    1.2866
    1.3169
    1.3345
    1.3412
    1.3407
    1.3442
    1.3519
    1.3587
    1.3581
    1.3600
    1.3673
    1.3799
    1.3980
    1.4149
    1.4281
    1.4401
    1.4430
    1.4527
    1.4577
    1.4673
    1.4948
    1.5044
    1.5273
    1.5392
    1.5479
    1.5652
    1.5781
    1.5980
    1.6274
    1.6306
    1.6322
    1.6159
    1.6165
    1.6279
    1.6250
    1.6430
    1.6631
    1.6770
    1.6926
    1.7195
    1.7324
    1.7498
    1.7722
    1.7937
    1.8159
    1.8506
    1.8633
    1.8651
    1.8652
    1.8716
    1.8854
    1.8949
    1.8966
    1.9006
    1.9074
    1.9248
    1.9215
    1.9303
    1.9541
    1.9666
    1.9845
    1.9944
    2.0059
    2.0234
    2.0285
    2.0442
    2.0663
    2.0849
    2.0986
    2.1365
    2.1406
    2.1391
    2.1323
    2.1494
    2.1629
    2.1756
    2.2079
    2.2196
    2.2331
    2.2510
    2.2462
    2.2402
    2.2534
    2.2595
    2.2696
    2.2573
    2.2580
    2.2591
    2.2708
    2.2967
    2.2960
    2.3062
    2.3083
    2.3056
    2.3026
    2.3030
    2.3145
    2.3087
    2.3117
    2.3212
    2.3262
    2.3250
    2.3398
    2.3438
    2.3479
    2.3482
    2.3465
    2.3488
    2.3563
    2.3515
    2.3641
    2.3777
    2.3836
    2.3871
    2.3822
    2.3876
    2.3832
    2.3868
    2.3748
    2.3853
    2.3862
    2.3852
    2.3876
    2.4043
    2.4189
    2.4170
    2.4165
    2.4305
    2.4599
    2.4719
    2.4730
    2.4830
    2.4883
    2.5183
    2.5385
    2.5451
    2.5484
    2.5542
    2.5645
    2.5725
    2.5799
    2.5909
    2.5825
    2.6032
    2.6148
    2.6151
    2.6232
    2.6372
    2.6629
    2.6615
    2.6553
    2.6694
    2.6844
    2.6832
    2.6841
    2.6875
    2.6979
    2.6825
    2.6716
    2.6714
    2.6722
    2.6732
    2.6772
    2.6775
    2.6856
    2.6931
    2.7006
    2.7061
    2.7152
    2.7152
    2.7146
    2.7032
    2.7033
    2.7217
    2.7339
    2.7447
    2.7574
    2.7586
    2.7407
    2.7707
    2.8224
    2.8223
    2.8213
    2.7941
    2.7924
    2.8087
    2.8399
    2.8631
    2.8833
    2.8919
    2.8835
    2.8834
    2.8934
    2.9081
    2.9261
    2.9480
    2.9362
    2.9311
    2.9184
    2.9193
    2.9191
    2.9220
    2.9308
    2.9414
    2.9600
    2.9864
    2.9906
    2.9781
    2.9631
    2.9629
    2.9228
    2.9200
    2.9189
    2.9236
    2.9032
    2.8825
    2.8757
    2.8516
    2.8516
    2.8785
    2.8811
    2.9575
    2.9887
    2.9727
    2.9803
    2.9467
    2.9103
    2.9103
    2.9445
    2.9538
    2.9528
    2.9396
    2.9150
    2.8767
    2.8524
    2.7952
    2.7952
    2.7387
    2.7169
    2.7060
    2.7038
    2.7031
    2.7217
    2.7265
    2.7207
    2.7251
    2.7251
    2.7132
    2.7153
    2.7347
    2.7265
    2.7140
    2.7599
    2.7963
    2.7700
    2.7700
    2.7262
    2.7186
    2.7766
    2.7946
    2.7734
    2.7685
    2.7692
    2.7434
    2.7434
    2.7478
    2.7234
    2.7132
    2.7070
    2.6454
    2.6657
    2.6822
    2.7381
    2.7381
    2.7538
    2.7485
    2.7445
    2.6821
    2.7094
    2.7082
    2.6996
    2.6676
    2.6676
    2.6842
    2.7261
    2.7055
    2.7449
    2.7300
    2.7682
    2.8235
    2.8430
    2.8430
    2.8759
    2.8613
    2.8305
    2.8508
    2.8741
    2.8903
    2.9453
    2.9976
    3.0684
    3.0684
    3.1373
    3.0282
    3.1652
    3.1912
    3.1316
    3.1474
    3.1711
    3.1940
    3.1940
    3.2689
    3.3781
    3.3576
    3.4081
    3.4925
    3.5249
    3.3954
    3.4346
    3.4346
    3.4141
    3.4002
    3.4269
    3.2698
    3.2125
    3.2597
