    1.0776
    1.0754
    1.0995
    1.0952
    1.1498
    1.3668
    1.2607
    1.1111
    1.3062
    1.3821
    1.4836
    1.5073
    1.4765
    1.6638
    2.0349
    2.5416
    3.3659
    4.1874
    4.8143
    6.9616
    9.2472
    9.8695
    7.6887
    5.1766
    3.3811
    2.8973
    2.3243
    2.3214
    2.0070
    1.6818
    1.5136
    1.3957
    1.2885
    1.1897
    1.1023
    1.0461
    1.1193
    1.1887
    1.1350
    1.0563
    1.0712
    1.0382
    1.0799
    1.1163
    1.1657
    1.1859
    1.1391
    1.1679
    1.3587
    1.4072
    1.5686
    1.6068
    1.4921
    1.5631
    1.5879
    1.6515
    1.7321
    1.7299
    1.7305
    1.6879
    1.6485
    1.6018
    1.6480
    1.5714
    1.5718
    1.5802
    1.7392
    1.6861
    1.6084
    1.5283
    1.4518
    1.3355
    1.3141
    1.3282
    1.2730
    1.2523
    1.2172
    1.1714
    1.2336
    1.1656
    1.1228
    1.1521
    1.1567
    1.1625
    1.1167
    1.1047
    1.1270
    1.1165
    1.1189
    1.2286
    1.2927
    1.2928
    1.2782
    1.3130
    1.3738
    1.3929
    1.4543
    1.5340
    1.5149
    1.5268
    1.5283
    1.6552
    1.5898
    1.4931
    1.4611
    1.4567
    1.4264
    1.4008
    1.3537
    1.3352
    1.3440
    1.3478
    1.3585
    1.2820
    1.1898
    1.2389
    1.2543
    1.2776
    1.2560
    1.2264
    1.2504
    1.2691
    1.3166
    1.3349
    1.2718
    1.3145
    1.3304
    1.2764
    1.2621
    1.2701
    1.2602
    1.2958
    1.3317
    1.3531
    1.3928
    1.4051
    1.3974
    1.3653
    1.3451
    1.3081
    1.3053
    1.2988
    1.2989
    1.3432
    1.2979
    1.2156
    1.2462
    1.2540
    1.2713
    1.2582
    1.2755
    1.2377
    1.2116
    1.2099
    1.2108
    1.2574
    1.2305
    1.2915
    1.3155
    1.3209
    1.3747
    1.4076
    1.5001
    1.5468
    1.5461
    1.5234
    1.5193
    1.4968
    1.5248
    1.5069
    1.4411
    1.4153
    1.4569
    1.4718
    1.5058
    1.4962
    1.4499
    1.4755
    1.5104
    1.3804
    1.3748
    1.4367
    1.4853
    1.4808
    1.4523
    1.4596
    1.4577
    1.4911
    1.5305
    1.5460
    1.5484
    1.5775
    1.6197
    1.6212
    1.6324
    1.5546
    1.5405
    1.5568
    1.5316
    1.4786
    1.4526
    1.4615
    1.4782
    1.5173
    1.4927
    1.4382
    1.4052
    1.3958
    1.4033
    1.3673
    1.3463
    1.3410
    1.3356
    1.3177
    1.3511
    1.3371
    1.3517
    1.3519
    1.3542
    1.3549
    1.3133
    1.3125
    1.3316
    1.3394
    1.3320
    1.3519
    1.3666
    1.3546
    1.3291
    1.3657
    1.3573
    1.3545
    1.3413
    1.3520
    1.3218
    1.2854
    1.2655
    1.2471
    1.2317
    1.2117
    1.2471
    1.2591
    1.2649
    1.2984
    1.2998
    1.3024
    1.3101
    1.3043
    1.3099
    1.2905
    1.2948
    1.3283
    1.3412
    1.3357
    1.3374
    1.3185
    1.3177
    1.3106
    1.2819
    1.2987
    1.2991
    1.2923
    1.2604
    1.2613
    1.2585
    1.2414
    1.2250
    1.2052
    1.2054
    1.2147
    1.2239
    1.2429
    1.2388
    1.2531
    1.2333
    1.2461
    1.2586
    1.2663
    1.2520
    1.2646
    1.2544
    1.2323
    1.2089
    1.2339
    1.2460
    1.2413
    1.2260
    1.2246
    1.2316
    1.2203
    1.2217
    1.2248
    1.2415
    1.2820
    1.2973
    1.3012
    1.3525
    1.3786
    1.3774
    1.3970
    1.4195
    1.4324
    1.3936
    1.3817
    1.3643
    1.3620
    1.3374
    1.3484
    1.3724
    1.3837
    1.3514
    1.3593
    1.3524
    1.3617
    1.3553
    1.3293
    1.3030
    1.3097
    1.2887
    1.2855
    1.2683
    1.2962
    1.3121
    1.3199
    1.3201
    1.3505
    1.3516
    1.3477
    1.3585
    1.3831
    1.3853
    1.4023
    1.4117
    1.4245
    1.4419
    1.4830
    1.5157
    1.4991
    1.4972
    1.4898
    1.4818
    1.4868
    1.4726
    1.4803
    1.4672
    1.4805
    1.4550
    1.4396
    1.4605
    1.4696
    1.4613
    1.4745
    1.4777
    1.4727
    1.4767
    1.4942
    1.4762
    1.5001
    1.5084
    1.4887
    1.4953
    1.5248
    1.5178
    1.5174
    1.5023
    1.5237
    1.5344
    1.5434
    1.5428
    1.5217
    1.5196
    1.5106
    1.5056
    1.4922
    1.4883
    1.4970
    1.4757
    1.5012
    1.5024
    1.5037
    1.5213
    1.5422
    1.5535
    1.5663
    1.5814
    1.5866
    1.5842
    1.5966
    1.6017
    1.5999
    1.6371
    1.6756
    1.6739
    1.6806
    1.6744
    1.6534
    1.6778
    1.6874
    1.6720
    1.6659
    1.6775
    1.6459
    1.6552
    1.6588
    1.6749
    1.6400
    1.6433
    1.6523
    1.6355
    1.6369
    1.6536
    1.6512
    1.6681
    1.6602
    1.6674
    1.6738
    1.6858
    1.7063
    1.7099
    1.7106
    1.7191
    1.7231
    1.7354
    1.7138
    1.7077
    1.7067
    1.7272
    1.7370
    1.7498
    1.7520
    1.7497
    1.7548
    1.7939
    1.8015
    1.8076
    1.7930
    1.7981
    1.8009
    1.8027
    1.8035
    1.8319
    1.8266
    1.8357
    1.8313
    1.8071
    1.8036
    1.8160
    1.8322
    1.8486
    1.8712
    1.8809
    1.8930
    1.9143
    1.9518
    1.9465
    1.9303
    1.9419
    1.9300
    1.9238
    1.9295
    1.9185
    1.9138
    1.9173
    1.9134
    1.9091
    1.8974
    1.8986
    1.9008
    1.8962
    1.8862
    1.8855
    1.8902
    1.9013
    1.9395
    1.9742
    1.9942
    2.0323
    2.0671
    2.0890
    2.0777
    2.0598
    2.0368
    2.0299
    2.0431
    2.0410
    2.0419
    2.0370
    2.0516
    2.0281
    1.9930
    1.9859
    1.9806
    1.9902
    1.9814
    1.9724
    1.9687
    1.9564
    1.9476
    1.9634
    1.9537
    1.9612
    2.0086
    2.0398
    2.0589
    2.0640
    2.0771
    2.1053
    2.1141
    2.0879
    2.0994
    2.0973
    2.0991
    2.1097
    2.1029
    2.1025
    2.1007
    2.1102
    2.0910
    2.0902
    2.0827
    2.0981
    2.0750
    2.0603
    2.0200
    2.0052
    1.9760
    1.9752
    1.9985
    1.9894
    2.0062
    2.0323
    2.0386
    2.0344
    2.0012
    1.9975
    2.0069
    1.9995
    1.9836
    1.9824
    1.9895
    1.9875
    1.9773
    1.9875
    1.9844
    1.9702
    1.9659
    1.9697
    1.9566
    1.9606
    1.9466
    1.9438
    1.9327
    1.9278
    1.9330
    1.9440
    1.9299
    1.9388
    1.9372
    1.9383
    1.9360
    1.9537
    1.9652
    1.9634
    1.9607
    1.9672
    1.9700
    1.9657
    1.9696
    1.9617
    1.9618
    1.9628
    1.9783
    1.9856
    1.9855
    1.9751
    1.9666
    1.9754
    1.9627
    1.9682
    1.9368
    1.9410
    1.9442
    1.9382
    1.9573
    1.9460
    1.9478
    1.9457
    1.9354
    1.9394
    1.9402
    1.9481
    1.9673
    1.9836
    1.9845
    2.0010
    2.0112
    2.0311
    2.0221
    2.0144
    2.0119
    2.0158
    2.0117
    2.0170
    2.0317
    2.0332
    2.0600
    2.0609
    2.0771
    2.0934
    2.0719
    2.0654
    2.0747
    2.0759
    2.0500
    2.0579
    2.0600
    2.0717
    2.0769
    2.0771
    2.0858
    2.0816
    2.0973
    2.0773
    2.0750
    2.0692
    2.0871
    2.0834
    2.0850
    2.0795
    2.0920
    2.1086
    2.0994
    2.1100
    2.0967
    2.1082
    2.1156
    2.1047
    2.1027
    2.0922
    2.0905
    2.0937
    2.1037
    2.0866
    2.0883
    2.0997
    2.1005
    2.1056
    2.0979
    2.1133
    2.1154
    2.1157
    2.1197
    2.1200
    2.1294
    2.1542
    2.1474
    2.1632
    2.1671
    2.1624
    2.1887
    2.1976
    2.2096
    2.2160
    2.2287
    2.2104
    2.2319
    2.2230
    2.2084
    2.2179
    2.2090
    2.2101
    2.1930
    2.2138
    2.2088
    2.2175
    2.2256
    2.2385
    2.2297
    2.2293
    2.2195
    2.2206
    2.2362
    2.2345
    2.2448
    2.2554
    2.2632
    2.2730
    2.2801
    2.2837
    2.3016
    2.3059
    2.3092
    2.3240
    2.3296
    2.3576
    2.3686
    2.3715
    2.3806
    2.3897
    2.3928
    2.4174
    2.4157
    2.4355
    2.4457
    2.4471
    2.4457
    2.4453
    2.4332
    2.4565
    2.4468
    2.4512
    2.4361
    2.4542
    2.4536
    2.4543
    2.4340
    2.4509
    2.4478
    2.4343
    2.4157
    2.4039
    2.4142
    2.4175
    2.4277
    2.4274
    2.4463
    2.4430
    2.4450
    2.4440
    2.4363
    2.4504
    2.4401
    2.4347
    2.4440
    2.4507
    2.4435
    2.4534
    2.4584
    2.4562
    2.4616
    2.4654
    2.4804
    2.4924
    2.5028
    2.4973
    2.5031
    2.5046
    2.5119
    2.5132
    2.5124
    2.5096
    2.5328
    2.5245
    2.5184
    2.5190
    2.5207
    2.5090
    2.5124
    2.5012
    2.5013
    2.4875
    2.4944
    2.4735
    2.4653
    2.4489
    2.4455
    2.4464
    2.4476
    2.4468
    2.4465
    2.4442
    2.4373
    2.4355
    2.4322
    2.4268
    2.4261
    2.4313
    2.4321
    2.4295
    2.4355
    2.4282
    2.4296
    2.4302
    2.4211
    2.4336
    2.4345
    2.4361
    2.4191
    2.4191
    2.4207
    2.4162
    2.4192
    2.4158
    2.4082
    2.4026
    2.3996
    2.3864
    2.3819
    2.3835
    2.3687
    2.3590
    2.3570
    2.3608
    2.3655
    2.3719
    2.3706
    2.3676
    2.3715
    2.3680
    2.3780
    2.3843
    2.3744
    2.3742
    2.3700
    2.3700
    2.3692
    2.3716
    2.3611
    2.3638
    2.3626
    2.3524
    2.3563
    2.3493
    2.3480
    2.3442
    2.3266
    2.3288
    2.3242
    2.3214
    2.3272
    2.3083
    2.3129
    2.3085
    2.3125
    2.3128
    2.3170
    2.3069
    2.3141
    2.3038
    2.3040
    2.3078
    2.3013
    2.3058
    2.3060
    2.3091
    2.3072
    2.3218
    2.3202
    2.3258
    2.3162
    2.3153
    2.3093
    2.3093
    2.3176
    2.3167
    2.3177
    2.3304
    2.3264
    2.3150
    2.3233
    2.3131
    2.3133
    2.3082
    2.3073
    2.3084
    2.2983
    2.2917
    2.2867
    2.2767
    2.2755
    2.2757
    2.2748
    2.2693
    2.2677
    2.2628
    2.2480
    2.2395
    2.2361
    2.2258
    2.2260
    2.2124
    2.2104
    2.1903
    2.1889
    2.1766
    2.1687
    2.1580
    2.1578
    2.1550
    2.1551
    2.1490
    2.1548
    2.1314
    2.1424
    2.1413
    2.1311
    2.1418
    2.1171
    2.1175
    2.1249
    2.1219
    2.1418
    2.1263
    2.1269
    2.1410
    2.1388
    2.1495
    2.1497
    2.1710
    2.1544
    2.1514
    2.1426
    2.1421
    2.1191
    2.1256
    2.1184
    2.1184
    2.1245
    2.1233
    2.1442
    2.1404
    2.1522
    2.1556
    2.1360
    2.1364
    2.1364
    2.1236
    2.1146
    2.1068
    2.0976
    2.0995
    2.0838
    2.0960
    2.0547
    2.0547
    2.0229
    2.0057
    1.9893
    1.9942
    1.9693
    1.9426
    1.9253
    1.8988
    1.8908
    1.8908
    1.8851
    1.8541
    1.8204
    1.8207
    1.8322
    1.8234
    1.8062
    1.8050
    1.8050
    1.7844
    1.7908
    1.7883
    1.7557
    1.7734
    1.7596
    1.7942
    1.7767
    1.7767
    1.8056
    1.7937
    1.7598
    1.7813
    1.7550
    1.7594
    1.7481
    1.7278
    1.7278
    1.7495
    1.7415
    1.7937
    1.7893
    1.8023
    1.7662
    1.7180
    1.7050
    1.7050
    1.7190
    1.6798
    1.6714
    1.6443
    1.6536
    1.6775
    1.6343
    1.6269
    1.6269
    1.6114
    1.6262
    1.6677
    1.6476
    1.6529
    1.6326
    1.6569
    1.6900
    1.6319
    1.6319
    1.6284
    1.5848
    1.5803
    1.6365
    1.6511
    1.6416
    1.6729
    1.6951
    1.6951
    1.6780
    1.6802
    1.7016
    1.6243
    1.5986
    1.5882
    1.6114
    1.6281
    1.6281
    1.6032
    1.5650
    1.5099
    1.4436
    1.4537
    1.4404
