    2.3256
    1.9171
    1.4914
    1.0833
    0.5413
    3.6376
    2.4750
    5.7520
    2.3765
    2.5661
    2.6118
    1.9301
    2.0834
    3.1093
    2.7002
    3.1946
    2.3388
    2.5288
    2.0747
    1.8348
    1.8170
    1.8009
    1.5296
    1.7175
    1.8867
    1.6887
    2.1812
    2.3394
    2.7736
    3.0851
    3.4557
    3.7266
    4.3188
    3.9692
    3.7518
    3.8934
    4.2682
    5.2863
    6.2721
    6.1043
    6.7232
    6.1724
    5.9954
    6.6352
    5.0804
    5.7198
    4.6007
    4.7691
    4.7660
    4.1714
    3.3857
    3.5297
    3.8368
    3.9017
    3.9773
    4.0140
    4.6437
    2.8699
    2.7588
    2.4397
    2.3876
    2.0903
    1.6660
    1.3653
    1.3747
    1.0829
    1.0367
    0.9413
    0.8946
    0.8550
    0.7580
    0.7079
    0.7405
    0.8076
    0.7998
    0.8538
    0.8646
    0.8863
    0.9853
    1.0983
    1.1046
    1.1523
    1.1972
    1.4455
    1.4055
    1.6729
    1.7542
    1.9319
    2.2450
    2.1611
    2.1738
    2.1845
    2.1675
    2.1177
    2.2000
    2.2620
    2.1726
    2.2895
    2.2807
    2.2802
    2.2685
    2.2624
    2.2851
    2.3245
    2.3964
    2.4393
    2.4875
    2.3298
    2.3726
    2.4183
    2.3355
    2.2125
    2.1685
    2.2660
    2.3383
    2.3027
    2.3533
    2.4710
    2.3633
    2.2621
    2.2092
    2.2854
    2.2739
    2.3547
    2.2595
    2.2317
    2.1324
    2.1360
    2.1561
    2.0950
    2.0841
    2.0020
    1.9813
    1.9630
    1.9407
    1.9186
    1.9068
    1.8836
    1.8188
    1.8295
    1.8085
    1.8692
    1.8567
    1.7568
    1.8025
    1.7755
    1.7604
    1.7177
    1.6682
    1.6808
    1.7115
    1.6810
    1.6102
    1.5656
    1.5241
    1.5364
    1.4878
    1.5155
    1.5012
    1.5119
    1.4955
    1.4352
    1.4239
    1.3743
    1.3572
    1.3556
    1.3480
    1.3216
    1.3429
    1.3672
    1.3805
    1.3297
    1.3535
    1.3928
    1.3704
    1.3336
    1.3317
    1.3629
    1.3182
    1.3648
    1.4069
    1.3468
    1.3295
    1.3154
    1.2708
    1.2987
    1.2773
    1.2863
    1.2688
    1.2443
    1.2091
    1.2511
    1.2657
    1.2749
    1.2711
    1.2414
    1.2028
    1.2351
    1.2252
    1.2417
    1.2273
    1.2018
    1.2110
    1.2406
    1.2401
    1.2576
    1.2865
    1.3010
    1.3038
    1.3185
    1.2844
    1.2850
    1.2787
    1.2258
    1.2194
    1.2117
    1.1945
    1.1570
    1.1308
    1.1118
    1.1417
    1.1202
    1.1282
    1.1102
    1.1157
    1.1157
    1.1109
    1.0683
    1.1103
    1.1425
    1.1658
    1.1753
    1.1851
    1.1593
    1.1662
    1.1394
    1.1588
    1.1749
    1.2038
    1.1752
    1.1624
    1.1526
    1.1370
    1.1520
    1.1498
    1.1832
    1.1523
    1.1491
    1.1761
    1.1535
    1.1582
    1.1421
    1.1576
    1.1286
    1.1261
    1.1338
    1.1273
    1.1179
    1.1152
    1.0937
    1.0731
    1.0881
    1.0737
    1.0657
    1.0758
    1.0719
    1.0501
    1.0402
    1.0469
    1.0682
    1.0645
    1.0770
    1.0834
    1.1054
    1.1046
    1.1235
    1.1395
    1.1348
    1.1337
    1.1806
    1.1647
    1.1621
    1.1774
    1.1928
    1.2058
    1.1863
    1.2066
    1.1854
    1.2023
    1.1808
    1.1572
    1.1580
    1.1709
    1.1804
    1.1953
    1.2013
    1.2064
    1.1958
    1.1938
    1.1929
    1.1824
    1.2068
    1.2150
    1.2455
    1.2462
    1.2345
    1.2346
    1.2277
    1.2551
    1.2567
    1.2717
    1.2684
    1.2550
    1.2535
    1.2671
    1.2697
    1.2899
    1.2899
    1.3132
    1.3377
    1.3531
    1.3666
    1.3606
    1.3679
    1.3741
    1.3933
    1.4074
    1.4355
    1.4303
    1.4459
    1.4348
    1.4495
    1.4664
    1.4856
    1.5286
    1.5732
    1.5916
    1.6225
    1.6576
    1.6848
    1.7057
    1.7272
    1.7303
    1.7165
    1.7289
    1.7235
    1.7179
    1.7297
    1.7510
    1.8014
    1.8247
    1.8590
    1.8170
    1.8173
    1.8225
    1.8339
    1.8519
    1.8305
    1.8494
    1.8642
    1.9110
    1.9291
    1.9280
    1.9063
    1.9393
    1.9357
    1.9703
    1.9997
    1.9848
    1.9983
    2.0107
    2.0002
    2.0130
    2.0589
    2.0497
    2.0439
    2.0605
    2.0684
    2.0610
    2.0537
    2.0531
    2.0634
    2.0297
    2.0742
    2.0885
    2.1630
    2.1423
    2.1683
    2.1583
    2.1629
    2.1999
    2.2151
    2.2189
    2.2739
    2.3075
    2.3359
    2.3284
    2.2961
    2.2797
    2.3000
    2.3213
    2.3378
    2.3353
    2.3525
    2.3612
    2.3488
    2.3725
    2.4107
    2.4023
    2.3989
    2.4100
    2.4234
    2.4006
    2.4012
    2.3887
    2.4065
    2.4768
    2.4928
    2.5256
    2.5526
    2.5565
    2.5683
    2.5636
    2.5537
    2.6073
    2.6015
    2.5700
    2.5755
    2.5777
    2.5919
    2.5988
    2.6294
    2.6263
    2.6549
    2.6659
    2.6992
    2.7173
    2.7273
    2.7230
    2.7048
    2.6808
    2.6873
    2.6936
    2.6887
    2.7333
    2.7691
    2.7988
    2.7917
    2.7645
    2.7524
    2.7719
    2.7496
    2.7221
    2.7349
    2.6813
    2.6552
    2.6689
    2.6780
    2.6473
    2.6322
    2.6462
    2.6318
    2.6339
    2.6457
    2.6581
    2.6974
    2.7060
    2.6898
    2.6928
    2.6516
    2.5951
    2.6232
    2.6087
    2.6642
    2.6767
    2.6687
    2.6944
    2.7151
    2.7132
    2.7229
    2.7494
    2.7787
    2.7536
    2.7471
    2.7530
    2.7058
    2.6883
    2.6980
    2.6885
    2.7091
    2.6952
    2.6589
    2.6765
    2.6755
    2.6899
    2.6451
    2.6488
    2.6377
    2.5995
    2.6122
    2.6577
    2.6279
    2.6246
    2.6521
    2.6505
    2.6303
    2.5768
    2.5722
    2.5291
    2.5536
    2.5565
    2.5574
    2.5057
    2.5160
    2.5060
    2.5450
    2.5386
    2.5373
    2.5109
    2.5387
    2.5128
    2.5357
    2.5381
    2.5099
    2.5017
    2.4860
    2.4827
    2.4437
    2.3960
    2.3765
    2.3570
    2.3436
    2.3290
    2.3238
    2.3172
    2.3084
    2.2862
    2.2778
    2.2849
    2.2603
    2.2372
    2.2318
    2.1895
    2.1826
    2.1685
    2.1778
    2.1860
    2.1378
    2.1324
    2.1330
    2.1363
    2.1320
    2.1251
    2.1315
    2.1245
    2.1307
    2.1103
    2.0950
    2.0719
    2.0760
    2.0491
    2.0608
    2.0421
    2.0199
    2.0251
    1.9784
    1.9845
    1.9870
    1.9752
    1.9756
    1.9652
    1.9861
    2.0044
    2.0148
    1.9955
    1.9690
    1.9407
    1.9291
    1.9139
    1.8919
    1.8887
    1.8669
    1.8434
    1.8368
    1.8345
    1.8143
    1.8203
    1.7898
    1.7756
    1.7706
    1.7468
    1.7292
    1.7312
    1.7116
    1.7202
    1.7254
    1.7266
    1.6919
    1.6786
    1.6756
    1.6748
    1.6543
    1.6507
    1.6445
    1.6167
    1.6168
    1.6067
    1.6082
    1.5920
    1.5855
    1.5757
    1.5787
    1.5642
    1.5647
    1.5641
    1.5601
    1.5519
    1.5421
    1.5385
    1.5323
    1.5072
    1.5014
    1.5017
    1.5081
    1.5148
    1.5137
    1.5175
    1.5025
    1.4941
    1.4757
    1.4608
    1.4602
    1.4587
    1.4345
    1.4264
    1.4126
    1.4119
    1.4092
    1.4067
    1.3937
    1.3903
    1.3749
    1.3555
    1.3434
    1.3233
    1.3345
    1.3324
    1.3232
    1.3140
    1.2954
    1.2976
    1.2804
    1.2771
    1.2606
    1.2399
    1.2424
    1.2363
    1.2270
    1.2275
    1.2258
    1.2241
    1.2053
    1.2030
    1.2040
    1.2086
    1.2117
    1.2204
    1.2166
    1.2138
    1.2211
    1.2118
    1.2132
    1.2093
    1.1986
    1.1816
    1.1863
    1.1915
    1.1869
    1.1877
    1.1749
    1.1715
    1.1776
    1.1730
    1.1720
    1.1682
    1.1761
    1.1710
    1.1714
    1.1595
    1.1591
    1.1591
    1.1609
    1.1513
    1.1492
    1.1418
    1.1385
    1.1484
    1.1446
    1.1379
    1.1351
    1.1284
    1.1296
    1.1185
    1.1225
    1.1158
    1.1104
    1.1036
    1.0856
    1.0850
    1.0825
    1.0769
    1.0770
    1.0955
    1.0937
    1.0992
    1.0933
    1.0935
    1.0798
    1.0712
    1.0608
    1.0557
    1.0519
    1.0485
    1.0462
    1.0459
    1.0502
    1.0661
    1.0620
    1.0659
    1.0728
    1.0774
    1.0820
    1.0924
    1.1017
    1.1075
    1.0930
    1.0880
    1.0780
    1.0746
    1.0678
    1.0707
    1.0720
    1.0773
    1.0825
    1.0906
    1.1002
    1.1034
    1.1171
    1.1124
    1.1137
    1.1098
    1.1057
    1.1055
    1.1098
    1.1161
    1.1149
    1.1089
    1.1073
    1.1145
    1.1089
    1.1064
    1.1132
    1.1207
    1.1145
    1.1160
    1.1096
    1.1117
    1.1165
    1.1214
    1.1269
    1.1353
    1.1398
    1.1373
    1.1356
    1.1347
    1.1237
    1.1246
    1.1201
    1.1222
    1.1206
    1.1319
    1.1360
    1.1375
    1.1364
    1.1342
    1.1271
    1.1229
    1.1166
    1.1172
    1.1114
    1.1203
    1.1328
    1.1249
    1.1220
    1.1278
    1.1312
    1.1329
    1.1351
    1.1452
    1.1456
    1.1546
    1.1570
    1.1562
    1.1644
    1.1663
    1.1733
    1.1746
    1.1796
    1.1950
    1.1976
    1.2083
    1.2166
    1.2052
    1.2109
    1.2088
    1.2102
    1.2085
    1.2134
    1.2192
    1.2170
    1.2292
    1.2289
    1.2290
    1.2444
    1.2474
    1.2589
    1.2593
    1.2590
    1.2597
    1.2588
    1.2596
    1.2636
    1.2781
    1.2808
    1.2809
    1.2789
    1.2772
    1.2753
    1.2734
    1.2648
    1.2661
    1.2676
    1.2671
    1.2671
    1.2609
    1.2696
    1.2680
    1.2695
    1.2740
    1.2851
    1.2803
    1.2772
    1.2775
    1.2755
    1.2753
    1.2751
    1.2810
    1.2833
    1.2798
    1.2806
    1.2904
    1.2910
    1.2876
    1.2839
    1.2821
    1.2811
    1.2820
    1.2888
    1.2917
    1.2958
    1.2961
    1.2932
    1.3004
    1.2969
    1.2944
    1.3053
    1.3048
    1.2939
    1.2958
    1.2961
    1.3043
    1.3079
    1.3108
    1.3110
    1.3086
    1.3311
    1.3296
    1.3319
    1.3427
    1.3430
    1.3571
    1.3754
    1.3751
    1.3892
    1.3826
    1.3937
    1.3896
    1.3777
    1.3784
    1.3792
    1.3731
    1.3774
    1.3808
    1.4004
    1.4238
    1.4228
    1.4352
    1.4356
    1.4407
    1.4425
    1.4421
    1.4504
    1.4552
    1.4581
    1.4482
    1.4426
    1.4426
    1.4592
    1.4609
    1.4487
    1.4434
    1.4339
    1.4198
    1.4017
    1.4026
    1.4026
    1.3987
    1.4280
    1.4421
    1.4685
    1.4737
    1.4959
    1.5025
    1.5066
    1.5066
    1.4964
    1.4897
    1.4887
    1.4888
    1.4804
    1.4809
    1.4598
    1.4668
    1.4562
    1.4562
    1.4532
    1.4709
    1.4783
    1.4763
    1.4803
    1.4688
    1.4826
    1.4797
    1.4797
    1.5143
    1.4920
    1.4978
    1.5258
    1.5479
    1.5412
    1.5261
    1.5321
    1.5321
    1.5465
    1.5612
    1.5801
    1.5615
    1.5882
    1.5671
    1.5433
    1.5076
    1.5076
    1.4927
    1.5175
    1.5309
    1.5358
    1.5932
    1.6272
    1.6425
    1.6812
    1.6812
    1.7073
    1.7372
    1.6734
    1.7024
    1.6964
    1.6791
    1.7310
    1.7158
    1.7158
    1.7617
    1.8525
    1.9033
    1.9255
    1.9289
    1.9023
    1.8574
    1.9018
    1.9610
    1.9610
    2.1115
    2.0956
    2.0935
    2.1140
    2.1117
    2.1267
    2.1203
    2.1179
    2.1179
    2.0978
    2.1045
    2.1287
    2.0791
    2.0771
    2.0777
    2.0864
    2.1322
    2.1322
    2.1476
    2.0293
    2.0740
    2.0174
    2.0260
    2.1350
