    1.2527
    1.2523
    1.7824
    1.9332
    2.5131
    1.1807
    1.7785
   11.9682
    2.2814
    1.7647
    1.7622
    1.8169
    2.3511
    2.8736
    2.6303
    2.1849
    2.6261
    3.2794
    3.7054
    3.8360
    3.0452
    3.4559
    3.1970
    2.4436
    2.6879
    3.0803
    2.4212
    2.3105
    1.9850
    2.1996
    1.6340
    1.1876
    1.1409
    1.1021
    1.0641
    0.8914
    1.0714
    1.0113
    0.9583
    1.0002
    0.9472
    0.8868
    0.8538
    0.8589
    0.9745
    1.0201
    0.8221
    0.8446
    0.7529
    0.8554
    0.9315
    0.8966
    0.9453
    0.9013
    0.8907
    0.8165
    0.7827
    0.8580
    0.8101
    0.8630
    0.8745
    0.8473
    0.8277
    0.8016
    0.7929
    0.8116
    0.7687
    0.7662
    0.7844
    0.8332
    0.8835
    0.9102
    0.8395
    0.8305
    0.8890
    0.8423
    0.9286
    1.0167
    1.0681
    1.1114
    1.2370
    1.2348
    1.2081
    1.1276
    1.2045
    1.2633
    1.2510
    1.1596
    1.1095
    0.9854
    0.9108
    0.9241
    0.9303
    0.9707
    0.9827
    0.9323
    0.8884
    0.9595
    0.9590
    0.9716
    0.9759
    0.9610
    0.8934
    0.8983
    0.8763
    0.8968
    0.9173
    0.9785
    0.9686
    0.9668
    0.9964
    0.9767
    1.1030
    1.1467
    1.2133
    1.1486
    1.1635
    1.1030
    1.0427
    1.0167
    1.0901
    1.0251
    0.9484
    0.9319
    0.9137
    0.9047
    0.9295
    0.9929
    0.9682
    1.0070
    0.9761
    1.0154
    1.0491
    1.0560
    1.0419
    0.9970
    1.0059
    1.0323
    1.0697
    1.0764
    1.0467
    1.0357
    1.0537
    1.0561
    1.0161
    1.0127
    0.9905
    1.0112
    1.0266
    1.0409
    1.0612
    1.0800
    1.1247
    1.1016
    1.1004
    1.0952
    1.1032
    1.1050
    1.1034
    1.0889
    1.0695
    1.0845
    1.0896
    1.0925
    1.1141
    1.1510
    1.1437
    1.1245
    1.1207
    1.1106
    1.1028
    1.0838
    1.0720
    1.0661
    1.0324
    1.0158
    1.0042
    1.0325
    1.0537
    0.9887
    0.9967
    1.0329
    1.0563
    1.0370
    1.0653
    1.0572
    1.0343
    1.0359
    1.0541
    1.0693
    1.0222
    1.0368
    1.0496
    1.0984
    1.1133
    1.0943
    1.0793
    1.0585
    1.0392
    1.0618
    1.0778
    1.0836
    1.0884
    1.1150
    1.1654
    1.1559
    1.1522
    1.1590
    1.1477
    1.1670
    1.1767
    1.1804
    1.1736
    1.1770
    1.1699
    1.1900
    1.1881
    1.2147
    1.1899
    1.2127
    1.2134
    1.2646
    1.3056
    1.3209
    1.3209
    1.3593
    1.3743
    1.3883
    1.4314
    1.4429
    1.4836
    1.5287
    1.5038
    1.5128
    1.5670
    1.5049
    1.5129
    1.4763
    1.4343
    1.4477
    1.4608
    1.4432
    1.4474
    1.4641
    1.4180
    1.4043
    1.4068
    1.3732
    1.3845
    1.3933
    1.3819
    1.3736
    1.3749
    1.3748
    1.3597
    1.3625
    1.3523
    1.3347
    1.3463
    1.3425
    1.3103
    1.3087
    1.3299
    1.3347
    1.3312
    1.3361
    1.3608
    1.3787
    1.3835
    1.4019
    1.4355
    1.4438
    1.4100
    1.3918
    1.3848
    1.3942
    1.3897
    1.3685
    1.3893
    1.3787
    1.3580
    1.3528
    1.3468
    1.3242
    1.3238
    1.3084
    1.3101
    1.3005
    1.2899
    1.2955
    1.2971
    1.3003
    1.2974
    1.2932
    1.2833
    1.2745
    1.3193
    1.3345
    1.3158
    1.3404
    1.3408
    1.3110
    1.3205
    1.3461
    1.3455
    1.3336
    1.3298
    1.3354
    1.3478
    1.3662
    1.4131
    1.4063
    1.4267
    1.4262
    1.4495
    1.4451
    1.4610
    1.4596
    1.4365
    1.4832
    1.4981
    1.5201
    1.5085
    1.4961
    1.5237
    1.5087
    1.5319
    1.5705
    1.5934
    1.5998
    1.5958
    1.5977
    1.6047
    1.6327
    1.6621
    1.6552
    1.6451
    1.6436
    1.6557
    1.6684
    1.6371
    1.5720
    1.5714
    1.6091
    1.6197
    1.6190
    1.6195
    1.6268
    1.6172
    1.6226
    1.6537
    1.6136
    1.6096
    1.6139
    1.6012
    1.6239
    1.6170
    1.6252
    1.6220
    1.5977
    1.6318
    1.6336
    1.6288
    1.6303
    1.6423
    1.6298
    1.6446
    1.6408
    1.6621
    1.6582
    1.6835
    1.6746
    1.6636
    1.6408
    1.6537
    1.6329
    1.6518
    1.6470
    1.6765
    1.6752
    1.6774
    1.6449
    1.6348
    1.6578
    1.6750
    1.6708
    1.6631
    1.6772
    1.6566
    1.6611
    1.6549
    1.6226
    1.6298
    1.6217
    1.6385
    1.6359
    1.6167
    1.6223
    1.6178
    1.6339
    1.6162
    1.6194
    1.6020
    1.5873
    1.5951
    1.5760
    1.5838
    1.5992
    1.5941
    1.6123
    1.6225
    1.6152
    1.6126
    1.6005
    1.5823
    1.5984
    1.5649
    1.5583
    1.5647
    1.5491
    1.5322
    1.5250
    1.4899
    1.4709
    1.4560
    1.4543
    1.4741
    1.4644
    1.4748
    1.4943
    1.5160
    1.4974
    1.5021
    1.5104
    1.5122
    1.5252
    1.5403
    1.5339
    1.5523
    1.5425
    1.5521
    1.5474
    1.5555
    1.5659
    1.5644
    1.5556
    1.5489
    1.5321
    1.5406
    1.5061
    1.4985
    1.5174
    1.5367
    1.5345
    1.5496
    1.5166
    1.5143
    1.5072
    1.4993
    1.4940
    1.4898
    1.4717
    1.4585
    1.4672
    1.4639
    1.4662
    1.4659
    1.4712
    1.4724
    1.4858
    1.5016
    1.4914
    1.5053
    1.5124
    1.5101
    1.5038
    1.5022
    1.4832
    1.4683
    1.4686
    1.4656
    1.4398
    1.4298
    1.3991
    1.3725
    1.3700
    1.3596
    1.3616
    1.3409
    1.3290
    1.3051
    1.3008
    1.3015
    1.3025
    1.2878
    1.2939
    1.3046
    1.3008
    1.3253
    1.3286
    1.3282
    1.3233
    1.3153
    1.3219
    1.3216
    1.3233
    1.3316
    1.3407
    1.3469
    1.3362
    1.3408
    1.3363
    1.3485
    1.3480
    1.3466
    1.3406
    1.3350
    1.3401
    1.3442
    1.3516
    1.3410
    1.3480
    1.3294
    1.3214
    1.3222
    1.3195
    1.3116
    1.3000
    1.3005
    1.2976
    1.3029
    1.3037
    1.3110
    1.3206
    1.3164
    1.3133
    1.2985
    1.2863
    1.2803
    1.2737
    1.2734
    1.2565
    1.2290
    1.2258
    1.2373
    1.2434
    1.2318
    1.2523
    1.2422
    1.2455
    1.2213
    1.2283
    1.2185
    1.2158
    1.2121
    1.2203
    1.2256
    1.2403
    1.2593
    1.2712
    1.2703
    1.2729
    1.2902
    1.2948
    1.2949
    1.2987
    1.3073
    1.3048
    1.2995
    1.2934
    1.2867
    1.2934
    1.2774
    1.2812
    1.2847
    1.2872
    1.2930
    1.3018
    1.3174
    1.3111
    1.3176
    1.3150
    1.3254
    1.3227
    1.3170
    1.3248
    1.3250
    1.3295
    1.3196
    1.3161
    1.3170
    1.3134
    1.3141
    1.3328
    1.3349
    1.3344
    1.3417
    1.3337
    1.3348
    1.3443
    1.3432
    1.3563
    1.3631
    1.3768
    1.3820
    1.3910
    1.4001
    1.4002
    1.3947
    1.4077
    1.4054
    1.4074
    1.4040
    1.4047
    1.4078
    1.4182
    1.4057
    1.4160
    1.4267
    1.4309
    1.4264
    1.4327
    1.4565
    1.4596
    1.4687
    1.4635
    1.4644
    1.4626
    1.4448
    1.4433
    1.4526
    1.4632
    1.4655
    1.4671
    1.4738
    1.4780
    1.4891
    1.4829
    1.4853
    1.4867
    1.4869
    1.4824
    1.5024
    1.5012
    1.5056
    1.4923
    1.4899
    1.4914
    1.4867
    1.4884
    1.4867
    1.4917
    1.4702
    1.4583
    1.4401
    1.4441
    1.4480
    1.4454
    1.4631
    1.4634
    1.4574
    1.4702
    1.4835
    1.4924
    1.4899
    1.4914
    1.4997
    1.5016
    1.5087
    1.5273
    1.5339
    1.5365
    1.5355
    1.5475
    1.5582
    1.5705
    1.5711
    1.5513
    1.5566
    1.5596
    1.5624
    1.5593
    1.5654
    1.5804
    1.5795
    1.5782
    1.5653
    1.5671
    1.5655
    1.5606
    1.5528
    1.5551
    1.5529
    1.5655
    1.5643
    1.5647
    1.5675
    1.5780
    1.5819
    1.5800
    1.5851
    1.5837
    1.5705
    1.5625
    1.5571
    1.5530
    1.5621
    1.5686
    1.5668
    1.5662
    1.5645
    1.5603
    1.5670
    1.5605
    1.5622
    1.5684
    1.5858
    1.5919
    1.5982
    1.5995
    1.5971
    1.6040
    1.6076
    1.6201
    1.6389
    1.6448
    1.6597
    1.6647
    1.6616
    1.6774
    1.6844
    1.6789
    1.6914
    1.7006
    1.7050
    1.7088
    1.6999
    1.6979
    1.6918
    1.6899
    1.6938
    1.7066
    1.6996
    1.7000
    1.7059
    1.7156
    1.7037
    1.6980
    1.6829
    1.6796
    1.6809
    1.6888
    1.6917
    1.7090
    1.7084
    1.7155
    1.7250
    1.7282
    1.7541
    1.7595
    1.7749
    1.7705
    1.7851
    1.7895
    1.7921
    1.8036
    1.8211
    1.8249
    1.8390
    1.8537
    1.8547
    1.8624
    1.8821
    1.8845
    1.8928
    1.9014
    1.9200
    1.9200
    1.9188
    1.9192
    1.9193
    1.9320
    1.9450
    1.9298
    1.9260
    1.9337
    1.9176
    1.9219
    1.9160
    1.9200
    1.9325
    1.9361
    1.9386
    1.9502
    1.9499
    1.9402
    1.9444
    1.9525
    1.9528
    1.9510
    1.9571
    1.9535
    1.9612
    1.9642
    1.9749
    1.9754
    1.9759
    1.9774
    1.9884
    1.9757
    1.9824
    1.9833
    1.9895
    1.9970
    2.0033
    2.0022
    2.0227
    2.0286
    2.0332
    2.0439
    2.0444
    2.0673
    2.0659
    2.0812
    2.0814
    2.1037
    2.1087
    2.1085
    2.1287
    2.1198
    2.1230
    2.1345
    2.1277
    2.1217
    2.1224
    2.1309
    2.1343
    2.1445
    2.1493
    2.1526
    2.1475
    2.1493
    2.1433
    2.1438
    2.1384
    2.1367
    2.1417
    2.1416
    2.1375
    2.1371
    2.1442
    2.1505
    2.1503
    2.1693
    2.1939
    2.1918
    2.1967
    2.2038
    2.2159
    2.2350
    2.2411
    2.2411
    2.2584
    2.2557
    2.2619
    2.2816
    2.2824
    2.3008
    2.3041
    2.3104
    2.3103
    2.3231
    2.3330
    2.3482
    2.3525
    2.3538
    2.3688
    2.3669
    2.3668
    2.3666
    2.3628
    2.3632
    2.3614
    2.3615
    2.3684
    2.3764
    2.3705
    2.3757
    2.3895
    2.3892
    2.3802
    2.3770
    2.3675
    2.3743
    2.3582
    2.3966
    2.4192
    2.4230
    2.4223
    2.4494
    2.4490
    2.4501
    2.4366
    2.4284
    2.4331
    2.4413
    2.4343
    2.4341
    2.4582
    2.4595
    2.4756
    2.4569
    2.4274
    2.4315
    2.4228
    2.4077
    2.4077
    2.3912
    2.3949
    2.3971
    2.3749
    2.3909
    2.3855
    2.3775
    2.3779
    2.3779
    2.3822
    2.3855
    2.4341
    2.4382
    2.4763
    2.4867
    2.4687
    2.4695
    2.4695
    2.5061
    2.5553
    2.5521
    2.5580
    2.5540
    2.5855
    2.5844
    2.6428
    2.6772
    2.6772
    2.6814
    2.7051
    2.6828
    2.6850
    2.6572
    2.6805
    2.6541
    2.6553
    2.6553
    2.6518
    2.6015
    2.5950
    2.5710
    2.5202
    2.5313
    2.4983
    2.4920
    2.4920
    2.4753
    2.4912
    2.4724
    2.4411
    2.4935
    2.5095
    2.4554
    2.4713
    2.4713
    2.4779
    2.4764
    2.4825
    2.4631
    2.4359
    2.4274
    2.4216
    2.4403
    2.4403
    2.4733
    2.4854
    2.5142
    2.4887
    2.4631
    2.4740
    2.5920
    2.5680
    2.5680
    2.5417
    2.6333
    2.6419
    2.7428
    2.7194
    2.6386
    2.6682
    2.7638
    2.7819
    2.7819
    2.7382
    2.7276
    2.8019
    2.8073
    2.7651
    2.7911
    2.7754
    2.8189
    2.8189
    2.7430
    2.8006
    2.7858
    2.7940
    2.7227
    2.6878
    2.6931
    2.7248
    2.7248
    2.7655
    2.7116
    2.7512
    2.7017
    2.7445
    2.7564
