    0.9902
    0.8757
    0.5676
    2.0957
    1.8600
    6.7020
    1.7360
    1.1373
    1.2446
    1.3362
    1.5181
    2.5919
    2.8499
    3.5261
    2.8725
    1.9922
    1.8666
    2.5261
    2.0925
    2.4859
    2.3010
    3.5894
    2.5093
    2.4515
    2.4653
    1.8540
    1.5970
    2.0536
    2.1160
    1.5454
    1.5125
    1.3967
    1.2892
    1.3792
    1.0506
    0.9114
    0.8626
    0.8792
    0.8954
    1.0778
    0.9279
    1.0046
    0.9286
    0.8667
    0.8635
    0.8233
    0.8974
    0.8958
    0.9507
    0.8774
    0.7648
    0.9468
    0.8718
    0.9121
    0.9752
    0.9461
    1.0029
    1.0416
    1.0586
    1.0663
    0.9133
    0.8801
    0.8756
    0.9902
    0.9658
    0.9161
    0.9146
    0.8634
    0.8329
    0.8278
    0.8635
    0.8190
    0.7904
    0.8103
    0.7736
    0.7260
    0.7682
    0.8118
    0.8763
    0.8992
    0.9878
    1.1348
    1.1510
    1.1612
    1.1609
    1.2099
    1.2948
    1.3968
    1.3146
    1.2896
    1.3791
    1.3661
    1.3308
    1.3425
    1.2841
    1.3914
    1.4809
    1.4012
    1.3055
    1.2650
    1.2473
    1.1682
    1.1108
    1.0911
    1.0739
    1.0653
    1.1240
    1.1282
    1.0816
    1.0950
    1.0918
    1.1277
    1.1299
    1.1298
    1.1099
    1.1298
    1.1628
    1.1675
    1.2194
    1.2496
    1.2638
    1.1958
    1.2017
    1.1963
    1.2508
    1.2275
    1.2282
    1.3045
    1.2985
    1.2883
    1.2151
    1.2210
    1.2232
    1.2065
    1.1792
    1.1729
    1.1807
    1.1336
    1.1258
    1.1509
    1.1109
    1.1076
    1.1006
    1.1369
    1.1200
    1.0656
    1.0350
    1.0458
    1.0272
    1.0221
    1.0114
    0.9691
    0.9889
    0.9985
    0.9914
    0.9878
    0.9851
    0.9743
    1.0071
    1.0138
    0.9939
    0.9913
    0.9844
    1.0347
    1.0381
    1.0346
    1.0594
    1.0870
    1.0825
    1.0667
    1.1007
    1.0921
    1.1151
    1.0989
    1.0730
    1.0734
    1.0452
    1.0486
    1.0803
    1.1247
    1.1410
    1.1647
    1.1969
    1.2076
    1.2198
    1.2291
    1.2261
    1.1993
    1.2008
    1.1734
    1.2063
    1.2159
    1.2020
    1.2111
    1.2533
    1.2160
    1.2636
    1.3034
    1.3194
    1.2996
    1.2981
    1.2970
    1.3086
    1.2981
    1.2996
    1.3046
    1.2756
    1.3231
    1.3672
    1.5046
    1.8303
    2.0079
    2.0890
    2.1364
    2.1410
    2.1466
    2.1523
    2.1686
    2.1672
    2.1696
    2.1908
    2.1609
    2.1787
    2.1826
    2.0996
    2.1096
    2.1057
    2.0918
    2.0884
    2.0672
    2.0744
    2.0690
    2.0838
    2.0380
    1.9868
    2.0209
    2.0656
    2.0414
    2.0198
    2.0656
    2.0416
    2.0252
    2.0393
    2.0623
    1.9683
    1.9488
    1.9071
    1.8763
    1.7949
    1.8099
    1.7643
    1.7828
    1.7692
    1.7630
    1.7515
    1.6946
    1.6960
    1.7107
    1.6611
    1.6600
    1.6821
    1.6353
    1.6043
    1.5834
    1.4762
    1.4994
    1.4234
    1.3827
    1.3730
    1.3700
    1.3626
    1.3489
    1.3518
    1.3563
    1.3383
    1.3339
    1.3392
    1.3340
    1.3323
    1.3342
    1.3223
    1.3412
    1.3704
    1.3815
    1.3646
    1.3303
    1.3024
    1.2857
    1.2827
    1.3037
    1.3174
    1.3240
    1.3236
    1.3109
    1.3105
    1.3331
    1.3354
    1.3355
    1.3239
    1.3367
    1.3470
    1.3192
    1.3409
    1.3429
    1.3531
    1.3689
    1.3643
    1.3769
    1.3801
    1.3819
    1.4011
    1.3986
    1.4043
    1.4308
    1.4209
    1.4359
    1.4349
    1.4412
    1.4594
    1.4365
    1.4359
    1.4354
    1.4555
    1.4597
    1.4404
    1.4621
    1.4684
    1.4585
    1.4657
    1.4639
    1.4575
    1.4692
    1.4563
    1.4443
    1.3966
    1.4051
    1.4260
    1.4160
    1.4153
    1.4143
    1.4153
    1.3924
    1.4075
    1.3992
    1.4094
    1.4240
    1.4247
    1.4097
    1.3957
    1.3740
    1.3918
    1.4273
    1.4385
    1.4561
    1.4418
    1.4462
    1.4207
    1.4266
    1.4339
    1.4671
    1.4846
    1.5086
    1.5252
    1.4963
    1.4795
    1.4733
    1.4796
    1.4837
    1.4725
    1.5005
    1.5281
    1.5384
    1.5261
    1.5270
    1.5182
    1.5203
    1.5297
    1.5310
    1.5300
    1.5545
    1.5560
    1.5649
    1.5580
    1.5624
    1.5661
    1.5710
    1.5613
    1.5674
    1.5645
    1.5752
    1.5662
    1.5402
    1.5537
    1.5603
    1.5627
    1.5641
    1.5573
    1.5505
    1.5555
    1.5573
    1.5356
    1.5353
    1.5505
    1.5583
    1.5566
    1.5665
    1.5760
    1.5727
    1.5867
    1.5869
    1.5756
    1.5838
    1.5804
    1.5928
    1.5971
    1.6122
    1.6173
    1.6274
    1.6101
    1.6476
    1.6304
    1.6122
    1.5954
    1.5953
    1.5935
    1.6006
    1.5990
    1.6020
    1.5974
    1.6016
    1.5908
    1.5889
    1.5682
    1.5746
    1.5589
    1.5515
    1.5420
    1.5487
    1.5690
    1.5672
    1.5656
    1.5638
    1.5427
    1.5267
    1.5073
    1.4969
    1.4951
    1.4916
    1.4825
    1.4900
    1.4658
    1.4607
    1.4578
    1.4520
    1.4155
    1.4187
    1.4042
    1.3948
    1.3915
    1.3819
    1.3823
    1.3598
    1.3398
    1.3207
    1.3173
    1.2884
    1.2794
    1.2716
    1.2655
    1.2546
    1.2615
    1.2560
    1.2469
    1.2226
    1.2097
    1.2082
    1.2048
    1.2081
    1.1959
    1.1941
    1.1836
    1.1745
    1.1625
    1.1563
    1.1505
    1.1384
    1.1295
    1.1331
    1.1253
    1.1139
    1.1016
    1.0999
    1.1001
    1.1071
    1.0940
    1.0839
    1.0650
    1.0628
    1.0673
    1.0699
    1.0680
    1.0634
    1.0740
    1.0910
    1.1020
    1.1046
    1.0885
    1.0827
    1.0754
    1.0746
    1.0717
    1.0753
    1.0761
    1.0713
    1.0705
    1.0720
    1.0778
    1.0777
    1.0658
    1.0611
    1.0487
    1.0458
    1.0549
    1.0480
    1.0478
    1.0416
    1.0422
    1.0474
    1.0380
    1.0443
    1.0568
    1.0731
    1.0831
    1.0918
    1.0842
    1.0798
    1.0718
    1.0718
    1.0691
    1.0638
    1.0610
    1.0621
    1.0665
    1.0693
    1.0710
    1.0708
    1.0769
    1.0677
    1.0698
    1.0690
    1.0754
    1.0680
    1.0632
    1.0541
    1.0566
    1.0557
    1.0510
    1.0576
    1.0527
    1.0517
    1.0459
    1.0417
    1.0385
    1.0291
    1.0352
    1.0314
    1.0354
    1.0401
    1.0449
    1.0462
    1.0459
    1.0470
    1.0569
    1.0552
    1.0561
    1.0642
    1.0645
    1.0595
    1.0653
    1.0772
    1.0708
    1.0737
    1.0789
    1.0861
    1.0934
    1.1027
    1.1069
    1.1061
    1.1070
    1.1125
    1.1124
    1.1101
    1.1104
    1.1160
    1.1234
    1.1251
    1.1373
    1.1350
    1.1384
    1.1400
    1.1425
    1.1313
    1.1282
    1.1278
    1.1358
    1.1437
    1.1368
    1.1429
    1.1476
    1.1506
    1.1502
    1.1594
    1.1557
    1.1494
    1.1455
    1.1508
    1.1607
    1.1645
    1.1782
    1.1770
    1.1769
    1.1725
    1.1795
    1.1799
    1.1824
    1.1922
    1.1944
    1.1836
    1.1653
    1.1484
    1.1428
    1.1233
    1.1303
    1.1204
    1.1168
    1.1160
    1.1187
    1.1155
    1.1170
    1.1235
    1.1201
    1.1239
    1.1318
    1.1290
    1.1255
    1.1227
    1.1255
    1.1214
    1.1260
    1.1230
    1.1278
    1.1237
    1.1230
    1.1284
    1.1334
    1.1446
    1.1566
    1.1517
    1.1500
    1.1478
    1.1522
    1.1727
    1.1728
    1.1659
    1.1705
    1.1739
    1.1825
    1.1814
    1.1799
    1.1938
    1.1836
    1.1828
    1.1875
    1.2022
    1.2116
    1.2208
    1.2256
    1.2335
    1.2334
    1.2497
    1.2626
    1.2680
    1.2739
    1.2793
    1.2838
    1.2871
    1.3060
    1.3125
    1.3139
    1.3166
    1.3248
    1.3364
    1.3404
    1.3530
    1.3765
    1.3780
    1.3840
    1.4159
    1.4170
    1.4216
    1.4264
    1.4369
    1.4490
    1.4591
    1.4767
    1.4781
    1.4929
    1.4940
    1.5045
    1.5224
    1.5428
    1.5577
    1.5638
    1.5643
    1.5668
    1.5776
    1.5795
    1.5816
    1.5937
    1.6130
    1.6256
    1.6376
    1.6403
    1.6533
    1.6609
    1.6764
    1.7020
    1.7115
    1.7072
    1.6992
    1.7104
    1.7296
    1.7428
    1.7559
    1.7727
    1.7820
    1.7798
    1.7833
    1.7969
    1.8016
    1.8072
    1.8169
    1.8203
    1.8153
    1.8270
    1.8596
    1.8555
    1.8593
    1.8526
    1.8536
    1.8670
    1.8862
    1.8961
    1.9040
    1.9132
    1.9101
    1.9286
    1.9442
    1.9581
    1.9772
    1.9868
    1.9947
    1.9998
    2.0074
    2.0201
    2.0166
    2.0209
    2.0454
    2.0492
    2.0544
    2.0603
    2.0677
    2.0870
    2.0931
    2.1112
    2.1191
    2.1172
    2.1158
    2.1116
    2.1111
    2.1234
    2.1441
    2.1451
    2.1500
    2.1598
    2.1736
    2.1769
    2.1900
    2.1897
    2.2005
    2.2280
    2.2348
    2.2501
    2.2752
    2.2995
    2.3346
    2.3387
    2.3373
    2.3513
    2.3540
    2.3589
    2.3659
    2.3736
    2.3974
    2.4120
    2.4167
    2.4218
    2.4321
    2.4221
    2.4209
    2.4364
    2.4420
    2.4636
    2.4566
    2.4652
    2.4670
    2.4768
    2.4784
    2.4890
    2.4973
    2.5085
    2.5233
    2.5310
    2.5355
    2.5340
    2.5410
    2.5448
    2.5400
    2.5538
    2.5651
    2.5831
    2.5855
    2.5771
    2.5813
    2.5817
    2.5958
    2.6193
    2.6167
    2.6170
    2.6182
    2.6313
    2.6349
    2.6283
    2.6289
    2.6372
    2.6466
    2.6452
    2.6377
    2.6407
    2.6454
    2.6552
    2.6605
    2.6608
    2.6704
    2.6653
    2.6787
    2.6713
    2.6748
    2.6855
    2.6877
    2.6820
    2.6821
    2.6855
    2.7031
    2.7145
    2.7078
    2.7139
    2.7087
    2.7337
    2.7354
    2.7356
    2.7336
    2.7456
    2.7376
    2.7360
    2.7295
    2.7434
    2.7441
    2.7229
    2.7228
    2.7357
    2.7359
    2.7477
    2.7427
    2.7340
    2.7481
    2.7578
    2.7457
    2.7570
    2.7567
    2.7530
    2.7755
    2.7761
    2.7722
    2.7703
    2.7545
    2.7413
    2.7520
    2.7516
    2.7594
    2.7707
    2.7674
    2.7733
    2.7857
    2.7910
    2.7807
    2.7622
    2.7623
    2.7510
    2.7381
    2.7447
    2.7489
    2.7462
    2.7183
    2.7098
    2.6992
    2.6992
    2.7095
    2.7241
    2.7400
    2.7457
    2.7326
    2.7170
    2.6965
    2.6967
    2.6967
    2.6958
    2.6828
    2.6907
    2.6861
    2.6734
    2.6909
    2.6898
    2.6819
    2.6819
    2.6818
    2.7074
    2.7346
    2.7370
    2.6980
    2.7059
    2.7111
    2.7503
    2.7629
    2.7629
    2.7249
    2.7178
    2.6898
    2.6736
    2.6921
    2.6983
    2.7336
    2.6822
    2.6822
    2.6672
    2.6659
    2.6411
    2.6357
    2.6203
    2.5983
    2.6018
    2.5898
    2.5898
    2.5864
    2.6413
    2.6805
    2.6290
    2.6055
    2.6152
    2.6044
    2.6046
    2.6046
    2.6012
    2.5791
    2.6021
    2.5671
    2.5637
    2.5767
    2.6010
    2.6463
    2.6463
    2.6833
    2.6906
    2.6795
    2.6293
    2.6866
    2.6463
    2.7058
    2.7190
    2.7190
    2.6513
    2.7236
    2.6892
    2.6999
    2.7205
    2.6833
    2.7543
    2.7019
    2.8304
    2.8304
    2.8354
    2.8437
    2.8764
    2.8264
    2.8531
    2.8555
    2.8263
    2.7457
    2.7457
    2.7554
    2.7414
    2.7363
    2.6493
    2.7031
    2.6518
    2.5779
    2.6237
    2.6237
    2.6766
    2.7883
    2.7752
    2.7574
    2.9069
    2.8556
