    0.8759
    0.8733
    0.8847
    1.7573
    1.5767
    1.3417
    0.8226
    0.4973
    1.0106
    1.3783
    1.2264
    1.6558
    1.3171
    2.1265
    2.3682
    2.8280
    2.5614
    2.0512
    2.1142
    1.9935
    2.5016
    2.1032
    2.3294
    3.2532
    4.8419
    3.0989
    2.7787
    2.1119
    1.8359
    1.3529
    1.1484
    1.1582
    1.0764
    1.0575
    0.9421
    0.9266
    0.9176
    0.9490
    1.0389
    0.8935
    0.9489
    0.9036
    0.8216
    0.9101
    0.9171
    1.0036
    0.9694
    0.8956
    0.8860
    0.9334
    0.8695
    0.8436
    0.9290
    0.9691
    0.9133
    0.9487
    0.9818
    0.9484
    1.0216
    1.1531
    1.1568
    1.1977
    1.2700
    1.1332
    1.1006
    1.1728
    1.1638
    1.0788
    1.1895
    1.1271
    1.0661
    1.0233
    1.0008
    1.0223
    0.9643
    0.9090
    0.8807
    0.8796
    0.8289
    0.9156
    0.9098
    0.8791
    0.8713
    0.8521
    0.8325
    0.9229
    0.8841
    0.8798
    0.9483
    1.0239
    1.0490
    1.0193
    1.0319
    1.0160
    1.0056
    1.1037
    1.1224
    1.1896
    1.1581
    1.1237
    1.1498
    1.1204
    1.0747
    1.0811
    1.1353
    1.1687
    1.1824
    1.1709
    1.2058
    1.1968
    1.1926
    1.1402
    1.1623
    1.1552
    1.1160
    1.0999
    1.1007
    1.0533
    1.0944
    1.1338
    1.1213
    1.1202
    1.1239
    1.1576
    1.1751
    1.1906
    1.1003
    1.1018
    1.1092
    1.1235
    1.0293
    0.9660
    1.0008
    0.9974
    1.0081
    1.0305
    1.0660
    1.1071
    1.0181
    1.0484
    1.0536
    1.0403
    1.0316
    1.0270
    1.0187
    1.0108
    0.9954
    0.9984
    1.0136
    1.0708
    1.0977
    1.0695
    1.0908
    1.0872
    1.0728
    1.0999
    1.0917
    1.0922
    1.1173
    1.1648
    1.2091
    1.1631
    1.1507
    1.1388
    1.1097
    1.1169
    1.1441
    1.1575
    1.1452
    1.1255
    1.0877
    1.1231
    1.1023
    1.1409
    1.1166
    1.1875
    1.1808
    1.2099
    1.1867
    1.1941
    1.1642
    1.1703
    1.2277
    1.2005
    1.1862
    1.1963
    1.2256
    1.2839
    1.2501
    1.2583
    1.2418
    1.2427
    1.2683
    1.2890
    1.3016
    1.2843
    1.2776
    1.2940
    1.3203
    1.3251
    1.3305
    1.2816
    1.2864
    1.2854
    1.3023
    1.3385
    1.3698
    1.3653
    1.3555
    1.3292
    1.3400
    1.2816
    1.3022
    1.3030
    1.3183
    1.2775
    1.2617
    1.2200
    1.1955
    1.1846
    1.2130
    1.1915
    1.2327
    1.2510
    1.2715
    1.2961
    1.2843
    1.3075
    1.3292
    1.3421
    1.2762
    1.2925
    1.2930
    1.3087
    1.2728
    1.2628
    1.1986
    1.1965
    1.1909
    1.1867
    1.1770
    1.1573
    1.1511
    1.1522
    1.1392
    1.1426
    1.1757
    1.1707
    1.1744
    1.1757
    1.1803
    1.1776
    1.1688
    1.1683
    1.1547
    1.1752
    1.1893
    1.1862
    1.1972
    1.1809
    1.1859
    1.1897
    1.1884
    1.2125
    1.1913
    1.1824
    1.2210
    1.2179
    1.2283
    1.2558
    1.2554
    1.2872
    1.3049
    1.3183
    1.3187
    1.3322
    1.3205
    1.3505
    1.3599
    1.3477
    1.3218
    1.3068
    1.2787
    1.2692
    1.2704
    1.2650
    1.2633
    1.2531
    1.2477
    1.2536
    1.2904
    1.2932
    1.3208
    1.3145
    1.3019
    1.3055
    1.3114
    1.3305
    1.3558
    1.3564
    1.3587
    1.3564
    1.3446
    1.3601
    1.3714
    1.3761
    1.3659
    1.3833
    1.3968
    1.3835
    1.3733
    1.3657
    1.3657
    1.3660
    1.3518
    1.3319
    1.3284
    1.3090
    1.3435
    1.3428
    1.3465
    1.3426
    1.3172
    1.3208
    1.3183
    1.3046
    1.3373
    1.3260
    1.3281
    1.3277
    1.3204
    1.3270
    1.3094
    1.3277
    1.3510
    1.3238
    1.3086
    1.3097
    1.3029
    1.3109
    1.3064
    1.2978
    1.2631
    1.2613
    1.2745
    1.2722
    1.2697
    1.2899
    1.2786
    1.2741
    1.2662
    1.2722
    1.2928
    1.2895
    1.2826
    1.3077
    1.3178
    1.3219
    1.3249
    1.3375
    1.3420
    1.3510
    1.3460
    1.3355
    1.3400
    1.3300
    1.3356
    1.3301
    1.3048
    1.3280
    1.3436
    1.3464
    1.3777
    1.3769
    1.3931
    1.3906
    1.3972
    1.4003
    1.4002
    1.3960
    1.3919
    1.3974
    1.4101
    1.4133
    1.3926
    1.3936
    1.4033
    1.3780
    1.3869
    1.4063
    1.4098
    1.4031
    1.4019
    1.4016
    1.4007
    1.3967
    1.4025
    1.4212
    1.4061
    1.4195
    1.4233
    1.4090
    1.4075
    1.4149
    1.4048
    1.3993
    1.4246
    1.4176
    1.4421
    1.4501
    1.4238
    1.3969
    1.4221
    1.4278
    1.4544
    1.4427
    1.4500
    1.4605
    1.4576
    1.4681
    1.4669
    1.4477
    1.4382
    1.4507
    1.4691
    1.4659
    1.4864
    1.4878
    1.4925
    1.4833
    1.4941
    1.4880
    1.5155
    1.5029
    1.4990
    1.4893
    1.4659
    1.4649
    1.4811
    1.4790
    1.4847
    1.4725
    1.4805
    1.4692
    1.4483
    1.4609
    1.4760
    1.4524
    1.4437
    1.4494
    1.4462
    1.4346
    1.4353
    1.4320
    1.4418
    1.4385
    1.4443
    1.4714
    1.4550
    1.4602
    1.4575
    1.4501
    1.4327
    1.4576
    1.4666
    1.4498
    1.4361
    1.4397
    1.4306
    1.4278
    1.4255
    1.4219
    1.4395
    1.4262
    1.4288
    1.4402
    1.4460
    1.4555
    1.4612
    1.4633
    1.4639
    1.4746
    1.4806
    1.4876
    1.4957
    1.4804
    1.4616
    1.4542
    1.4635
    1.4514
    1.4398
    1.4391
    1.4458
    1.4330
    1.4343
    1.4509
    1.4613
    1.4585
    1.4412
    1.4345
    1.4157
    1.4296
    1.4423
    1.4476
    1.5014
    1.5101
    1.5364
    1.5451
    1.5403
    1.5331
    1.5536
    1.5502
    1.5519
    1.5491
    1.5263
    1.5252
    1.5115
    1.4961
    1.5054
    1.4918
    1.4869
    1.4678
    1.4714
    1.4842
    1.4842
    1.4775
    1.4685
    1.4621
    1.4644
    1.4763
    1.4815
    1.4887
    1.4860
    1.4952
    1.5126
    1.5026
    1.4917
    1.4945
    1.4812
    1.4759
    1.4790
    1.4859
    1.4844
    1.4921
    1.4950
    1.4924
    1.4971
    1.5073
    1.4998
    1.5004
    1.5270
    1.5257
    1.5289
    1.5394
    1.5373
    1.5457
    1.5588
    1.5506
    1.5356
    1.5582
    1.5808
    1.5740
    1.5487
    1.5601
    1.5505
    1.5560
    1.5469
    1.5573
    1.5572
    1.5737
    1.5516
    1.5621
    1.5519
    1.5559
    1.5613
    1.5554
    1.5474
    1.5494
    1.5685
    1.5540
    1.5593
    1.5725
    1.5803
    1.5616
    1.5507
    1.5595
    1.5526
    1.5624
    1.5838
    1.5852
    1.5899
    1.5918
    1.6049
    1.6076
    1.5982
    1.6072
    1.6114
    1.6273
    1.6332
    1.6223
    1.6162
    1.6098
    1.6118
    1.6149
    1.6264
    1.6304
    1.6323
    1.6343
    1.6380
    1.6432
    1.6454
    1.6544
    1.6622
    1.6765
    1.6668
    1.6664
    1.6735
    1.6812
    1.6799
    1.6852
    1.7081
    1.7319
    1.7304
    1.7199
    1.7123
    1.7107
    1.7134
    1.7067
    1.7275
    1.7424
    1.7522
    1.7500
    1.7552
    1.7612
    1.7618
    1.7370
    1.7202
    1.7195
    1.7088
    1.7102
    1.7126
    1.7132
    1.7220
    1.7197
    1.7150
    1.7222
    1.7289
    1.7539
    1.7606
    1.7683
    1.7747
    1.7955
    1.8120
    1.8223
    1.8388
    1.8526
    1.8733
    1.8578
    1.8714
    1.8689
    1.8778
    1.8995
    1.9045
    1.9170
    1.9283
    1.9263
    1.9321
    1.9373
    1.9535
    1.9608
    1.9566
    1.9695
    1.9494
    1.9430
    1.9550
    1.9728
    1.9644
    1.9890
    1.9855
    1.9744
    1.9909
    2.0053
    2.0196
    2.0138
    2.0106
    2.0140
    2.0224
    2.0194
    2.0264
    2.0261
    2.0236
    2.0445
    2.0430
    2.0431
    2.0558
    2.0583
    2.0566
    2.0651
    2.0766
    2.0653
    2.0542
    2.0612
    2.0692
    2.0965
    2.0895
    2.0990
    2.1094
    2.1091
    2.1387
    2.1407
    2.1399
    2.1534
    2.1685
    2.1789
    2.1942
    2.1955
    2.1900
    2.1938
    2.2298
    2.2272
    2.2257
    2.2364
    2.2516
    2.2416
    2.2413
    2.2619
    2.2907
    2.3067
    2.2897
    2.2991
    2.3175
    2.3194
    2.3145
    2.3211
    2.3173
    2.3492
    2.3625
    2.3533
    2.3777
    2.3827
    2.3705
    2.3554
    2.3673
    2.3831
    2.3824
    2.3655
    2.3577
    2.3367
    2.3370
    2.3430
    2.3369
    2.3177
    2.3126
    2.2933
    2.2921
    2.3040
    2.3122
    2.3254
    2.3270
    2.3435
    2.3415
    2.3473
    2.3466
    2.3417
    2.3406
    2.3359
    2.3352
    2.3456
    2.3453
    2.3453
    2.3475
    2.3488
    2.3604
    2.3607
    2.3778
    2.3729
    2.3693
    2.3825
    2.3984
    2.3936
    2.3778
    2.3767
    2.3656
    2.3741
    2.3791
    2.3948
    2.4057
    2.4059
    2.4067
    2.4031
    2.4136
    2.4134
    2.4097
    2.4081
    2.4073
    2.4140
    2.4175
    2.4082
    2.4089
    2.4134
    2.4131
    2.4091
    2.4310
    2.4278
    2.4489
    2.4524
    2.4556
    2.4613
    2.4655
    2.4727
    2.4706
    2.4793
    2.4849
    2.4770
    2.4758
    2.4745
    2.4659
    2.4726
    2.4645
    2.4621
    2.4595
    2.4693
    2.4704
    2.4719
    2.4710
    2.4555
    2.4520
    2.4439
    2.4701
    2.4606
    2.4674
    2.4602
    2.4753
    2.4489
    2.4483
    2.4511
    2.4467
    2.4545
    2.4566
    2.4427
    2.4516
    2.4445
    2.4379
    2.4375
    2.4450
    2.4471
    2.4459
    2.4704
    2.4761
    2.4709
    2.4629
    2.4641
    2.4635
    2.4735
    2.4636
    2.4711
    2.4862
    2.4752
    2.4592
    2.4546
    2.4647
    2.4648
    2.4721
    2.4713
    2.4780
    2.4720
    2.4805
    2.4783
    2.4876
    2.4885
    2.4887
    2.4925
    2.5009
    2.4905
    2.4909
    2.4867
    2.4821
    2.4893
    2.4748
    2.4750
    2.4689
    2.4799
    2.5097
    2.4999
    2.5123
    2.4944
    2.4920
    2.4803
    2.4671
    2.4672
    2.4468
    2.4601
    2.4503
    2.4611
    2.4637
    2.4747
    2.4828
    2.4616
    2.4618
    2.4588
    2.4340
    2.4259
    2.4416
    2.4275
    2.4241
    2.4048
    2.4068
    2.4072
    2.4219
    2.4407
    2.4162
    2.4319
    2.4372
    2.4189
    2.4020
    2.3802
    2.3802
    2.3658
    2.3924
    2.3850
    2.3732
    2.3775
    2.3784
    2.3623
    2.3719
    2.3719
    2.3794
    2.3399
    2.3403
    2.3432
    2.3181
    2.3305
    2.3543
    2.3637
    2.3637
    2.3326
    2.3241
    2.3061
    2.3361
    2.3715
    2.3828
    2.4397
    2.4750
    2.4409
    2.4409
    2.4746
    2.5116
    2.5495
    2.6070
    2.6462
    2.6233
    2.6101
    2.6131
    2.6131
    2.5868
    2.5909
    2.5993
    2.5460
    2.5594
    2.5343
    2.5206
    2.5491
    2.5491
    2.5545
    2.5495
    2.5353
    2.4746
    2.4612
    2.4849
    2.4874
    2.5146
    2.5146
    2.5366
    2.5265
    2.5050
    2.5010
    2.4982
    2.5573
    2.6535
    2.5366
    2.5366
    2.5301
    2.5672
    2.6651
    2.6233
    2.6264
    2.5600
    2.4848
    2.5029
    2.5029
    2.5085
    2.4686
    2.5010
    2.4922
    2.5664
    2.6122
    2.5658
    2.5824
    2.6343
    2.6343
    2.6253
    2.7116
    2.7467
    2.7275
    2.8984
    2.8145
    2.8118
    2.7341
    2.7341
    2.8234
    2.9493
    2.8883
    2.8850
    2.8306
    2.7747
    2.7260
    2.6614
    2.6614
    2.7088
    2.7492
    2.7695
    2.9635
    3.0457
    3.0632
