    5.3440
    4.2741
    3.3850
   16.3873
    6.0122
    2.8349
    2.6514
    3.6812
    1.8282
    2.4768
    3.0840
    3.0824
    2.0563
    1.7355
    1.4050
    1.5009
    1.3444
    1.4848
    1.3805
    1.6764
    1.9337
    1.9926
    2.0239
    2.8077
    2.3644
    2.3721
    2.4067
    2.2148
    2.6259
    2.6116
    2.8635
    3.7346
    2.7284
    2.7147
    2.8248
    2.1174
    1.8725
    1.7069
    1.7659
    1.6372
    1.3647
    1.3956
    1.1426
    1.0760
    1.1855
    1.2053
    1.1044
    1.1771
    1.2374
    1.1374
    1.0978
    1.1853
    1.0869
    1.0888
    1.0733
    1.0970
    1.0723
    1.0039
    1.0970
    1.1502
    1.2156
    1.1397
    1.1116
    1.2858
    1.3890
    1.3710
    1.4400
    1.5265
    1.5804
    1.6510
    1.6731
    1.6006
    1.6571
    1.7794
    1.8391
    1.7855
    1.7580
    1.8355
    1.9082
    1.8710
    1.9020
    1.8793
    1.8943
    1.8670
    1.7618
    1.6038
    1.6207
    1.6478
    1.6709
    1.9589
    2.0256
    2.0954
    2.1293
    2.1418
    2.1310
    2.0535
    2.2266
    2.1627
    2.2643
    2.1616
    2.1128
    2.0706
    2.2135
    2.3161
    2.3126
    2.3680
    2.6059
    2.8708
    2.7931
    2.7635
    2.7441
    2.7122
    2.5738
    2.6196
    2.7443
    2.5773
    2.4637
    2.4239
    2.3357
    2.2931
    2.4165
    2.3038
    2.2378
    2.3166
    2.2820
    2.3257
    2.3861
    2.4253
    2.4274
    2.3706
    2.4325
    2.4657
    2.4877
    2.4961
    2.3820
    2.5014
    2.4779
    2.4925
    2.4287
    2.3436
    2.2744
    2.2533
    2.1848
    2.2268
    2.1089
    2.1307
    2.0554
    1.9689
    2.0150
    2.0565
    2.0978
    2.1088
    2.1278
    2.1440
    2.1787
    2.1776
    2.1714
    2.1913
    2.2259
    2.0712
    2.0034
    2.0142
    2.0084
    1.8947
    1.9294
    1.9180
    1.8476
    1.8509
    1.8660
    1.8332
    1.8125
    1.8031
    1.7983
    1.8279
    1.7950
    1.8038
    1.8083
    1.7726
    1.7301
    1.5542
    1.5223
    1.4785
    1.4677
    1.5398
    1.5594
    1.5608
    1.5744
    1.5358
    1.5214
    1.5141
    1.4435
    1.4668
    1.5001
    1.4882
    1.4886
    1.5310
    1.5025
    1.4644
    1.4815
    1.4692
    1.5194
    1.5083
    1.5070
    1.5128
    1.4314
    1.4356
    1.3735
    1.2975
    1.2721
    1.2713
    1.2474
    1.2473
    1.2572
    1.2412
    1.2464
    1.2493
    1.2394
    1.2398
    1.2276
    1.2255
    1.2170
    1.1794
    1.1926
    1.2168
    1.2404
    1.2452
    1.2840
    1.3038
    1.3058
    1.3084
    1.3206
    1.2912
    1.2711
    1.2820
    1.2702
    1.2926
    1.2702
    1.2547
    1.2637
    1.2536
    1.2681
    1.2541
    1.2417
    1.2529
    1.2341
    1.2343
    1.2151
    1.2089
    1.2116
    1.2284
    1.2200
    1.2060
    1.2176
    1.2006
    1.1920
    1.1766
    1.1894
    1.2182
    1.2203
    1.2200
    1.2460
    1.2720
    1.2865
    1.3126
    1.3343
    1.3354
    1.3320
    1.3511
    1.3170
    1.3116
    1.2948
    1.2912
    1.3036
    1.2818
    1.2814
    1.2968
    1.2713
    1.2581
    1.2593
    1.2842
    1.2793
    1.2674
    1.2517
    1.2476
    1.2490
    1.2333
    1.2105
    1.2077
    1.2122
    1.2108
    1.1961
    1.1967
    1.2226
    1.2393
    1.2356
    1.2539
    1.2194
    1.2208
    1.2181
    1.2340
    1.2258
    1.2420
    1.2517
    1.2401
    1.2553
    1.2823
    1.2746
    1.2770
    1.2739
    1.2459
    1.2536
    1.2489
    1.2599
    1.2547
    1.2488
    1.2488
    1.2474
    1.2479
    1.2562
    1.2653
    1.2728
    1.2773
    1.2945
    1.2732
    1.2916
    1.2851
    1.2923
    1.2854
    1.2994
    1.2968
    1.3249
    1.3187
    1.2945
    1.3082
    1.3110
    1.2978
    1.3052
    1.3144
    1.3197
    1.3331
    1.3368
    1.3498
    1.3773
    1.3655
    1.3723
    1.3834
    1.3839
    1.4238
    1.4207
    1.4411
    1.4423
    1.4602
    1.4649
    1.4653
    1.4653
    1.4667
    1.4835
    1.4849
    1.4595
    1.4424
    1.4362
    1.4441
    1.4543
    1.4501
    1.4467
    1.4585
    1.4732
    1.4797
    1.4664
    1.4520
    1.4462
    1.4508
    1.4211
    1.4363
    1.4256
    1.4030
    1.4225
    1.4245
    1.4316
    1.4239
    1.4106
    1.3783
    1.3951
    1.3816
    1.3931
    1.3647
    1.3555
    1.3622
    1.3653
    1.3754
    1.3660
    1.3756
    1.3811
    1.3863
    1.3595
    1.3637
    1.3445
    1.3424
    1.3583
    1.3598
    1.3683
    1.3651
    1.3596
    1.3761
    1.3784
    1.3723
    1.3539
    1.3728
    1.3585
    1.3663
    1.3524
    1.3586
    1.3651
    1.3744
    1.3661
    1.3785
    1.3500
    1.3785
    1.3796
    1.3792
    1.3659
    1.3754
    1.3868
    1.3892
    1.3713
    1.3686
    1.3524
    1.3352
    1.3517
    1.3477
    1.3457
    1.3273
    1.3503
    1.3559
    1.3757
    1.3776
    1.3754
    1.3651
    1.3714
    1.3801
    1.3790
    1.3822
    1.3818
    1.3742
    1.3688
    1.3655
    1.3641
    1.3931
    1.3956
    1.3657
    1.3634
    1.3590
    1.3749
    1.3666
    1.3794
    1.3776
    1.3752
    1.3865
    1.4002
    1.4030
    1.4058
    1.4063
    1.4179
    1.4121
    1.4066
    1.4211
    1.4280
    1.4281
    1.4292
    1.4460
    1.4739
    1.4822
    1.5015
    1.5011
    1.5092
    1.5020
    1.5055
    1.5171
    1.5237
    1.5517
    1.5696
    1.5970
    1.6059
    1.6005
    1.6022
    1.5862
    1.6033
    1.5975
    1.5787
    1.5989
    1.6112
    1.6230
    1.6455
    1.6455
    1.6419
    1.6460
    1.6472
    1.6688
    1.6824
    1.7035
    1.7120
    1.6966
    1.6900
    1.6812
    1.6831
    1.6901
    1.6948
    1.7013
    1.7051
    1.7127
    1.7352
    1.7504
    1.7548
    1.7626
    1.7884
    1.7995
    1.8014
    1.8110
    1.8198
    1.8113
    1.8111
    1.8032
    1.8214
    1.8052
    1.8121
    1.8201
    1.7989
    1.8007
    1.7954
    1.8102
    1.8188
    1.8207
    1.8315
    1.8248
    1.8268
    1.8473
    1.8779
    1.8835
    1.9208
    1.9040
    1.8852
    1.8977
    1.9089
    1.9158
    1.9421
    1.9346
    1.9330
    1.9279
    1.9429
    1.9863
    2.0145
    2.0180
    2.0078
    2.0156
    2.0087
    2.0240
    2.0277
    2.0389
    2.0499
    2.0586
    2.0778
    2.1065
    2.1015
    2.0899
    2.0838
    2.1327
    2.1267
    2.1506
    2.1348
    2.1760
    2.1814
    2.2346
    2.2520
    2.2659
    2.2738
    2.2726
    2.2840
    2.2851
    2.2853
    2.2917
    2.3187
    2.3039
    2.3266
    2.3217
    2.3401
    2.3481
    2.3538
    2.3369
    2.3457
    2.3599
    2.3585
    2.3450
    2.3305
    2.3289
    2.3105
    2.3314
    2.3729
    2.3980
    2.4297
    2.4724
    2.4925
    2.5068
    2.5118
    2.5066
    2.4920
    2.5136
    2.5075
    2.5063
    2.4962
    2.5105
    2.5340
    2.5593
    2.5507
    2.5520
    2.5526
    2.5809
    2.5710
    2.5837
    2.5935
    2.5950
    2.5973
    2.5825
    2.6074
    2.5842
    2.5983
    2.6312
    2.6823
    2.7013
    2.7427
    2.7674
    2.7700
    2.7836
    2.7863
    2.7923
    2.8015
    2.7967
    2.8162
    2.8242
    2.8191
    2.8312
    2.8434
    2.8157
    2.8153
    2.8129
    2.8365
    2.8487
    2.8483
    2.8560
    2.8755
    2.8666
    2.8554
    2.8640
    2.8708
    2.8376
    2.8674
    2.8946
    2.9434
    2.9728
    2.9983
    2.9893
    3.0061
    3.0260
    3.0471
    3.0559
    3.0768
    3.1151
    3.1229
    3.1070
    3.1014
    3.1087
    3.1123
    3.1053
    3.1216
    3.1393
    3.1201
    3.1103
    3.1342
    3.1036
    3.1005
    3.0832
    3.1038
    3.1368
    3.1533
    3.1448
    3.1647
    3.1759
    3.2270
    3.2341
    3.2699
    3.2721
    3.2754
    3.2679
    3.2718
    3.2482
    3.2372
    3.2450
    3.2702
    3.2595
    3.2895
    3.2873
    3.2879
    3.2736
    3.2461
    3.2557
    3.2539
    3.2669
    3.2682
    3.2660
    3.2752
    3.2807
    3.3068
    3.3291
    3.3169
    3.3352
    3.3175
    3.3183
    3.3190
    3.2886
    3.3038
    3.2965
    3.2999
    3.2798
    3.2888
    3.2978
    3.3103
    3.3183
    3.2740
    3.2697
    3.2519
    3.2405
    3.2248
    3.1964
    3.1755
    3.1824
    3.1427
    3.1146
    3.1089
    3.1145
    3.1120
    3.1372
    3.1311
    3.1217
    3.1121
    3.0593
    3.0499
    3.0471
    3.0734
    3.0931
    3.0893
    3.0982
    3.0923
    3.0684
    3.0560
    3.0552
    3.0518
    3.0289
    3.0196
    2.9987
    3.0013
    2.9887
    2.9870
    3.0041
    3.0100
    2.9988
    3.0012
    3.0003
    3.0077
    3.0007
    2.9842
    2.9792
    2.9827
    2.9775
    2.9586
    2.9644
    2.9602
    2.9726
    2.9838
    2.9694
    2.9703
    2.9696
    2.9686
    2.9777
    2.9697
    2.9855
    2.9757
    2.9914
    2.9878
    2.9749
    2.9797
    2.9649
    2.9513
    2.9412
    2.9227
    2.9126
    2.9026
    2.9021
    2.9002
    2.8913
    2.8833
    2.8788
    2.8743
    2.8732
    2.8625
    2.8619
    2.8647
    2.8619
    2.8585
    2.8507
    2.8685
    2.8720
    2.8676
    2.8559
    2.8531
    2.8476
    2.8468
    2.8520
    2.8344
    2.8263
    2.8274
    2.8315
    2.8270
    2.8256
    2.8292
    2.8481
    2.8477
    2.8373
    2.8236
    2.8068
    2.7922
    2.7763
    2.7781
    2.7756
    2.7689
    2.7572
    2.7578
    2.7519
    2.7525
    2.7498
    2.7304
    2.7212
    2.7247
    2.7280
    2.7227
    2.7224
    2.7188
    2.7174
    2.7172
    2.7173
    2.7126
    2.7219
    2.7205
    2.7124
    2.7120
    2.7132
    2.7220
    2.7226
    2.7342
    2.7316
    2.7225
    2.7115
    2.7134
    2.7135
    2.7012
    2.6909
    2.6776
    2.6524
    2.6443
    2.6268
    2.6224
    2.6184
    2.6183
    2.6209
    2.6121
    2.6201
    2.6176
    2.6272
    2.6299
    2.6089
    2.6101
    2.6100
    2.5936
    2.5927
    2.5853
    2.5915
    2.5968
    2.5901
    2.5832
    2.5747
    2.5587
    2.5588
    2.5503
    2.5424
    2.5394
    2.5322
    2.5222
    2.5163
    2.5023
    2.4976
    2.4980
    2.4957
    2.5034
    2.4929
    2.4947
    2.5052
    2.4926
    2.4798
    2.4784
    2.4784
    2.4592
    2.4601
    2.4426
    2.4289
    2.4043
    2.3909
    2.4006
    2.4242
    2.4242
    2.4266
    2.4370
    2.4466
    2.4607
    2.4660
    2.4969
    2.4779
    2.5180
    2.5180
    2.5014
    2.5446
    2.5382
    2.5262
    2.5237
    2.4995
    2.4992
    2.4991
    2.4991
    2.5102
    2.5270
    2.5683
    2.5828
    2.6099
    2.5568
    2.5218
    2.5351
    2.4948
    2.4948
    2.4813
    2.4538
    2.5142
    2.5163
    2.5081
    2.4752
    2.4859
    2.4873
    2.4873
    2.5128
    2.4971
    2.4990
    2.5116
    2.5078
    2.4631
    2.4606
    2.4660
    2.4660
    2.4540
    2.4566
    2.4508
    2.4614
    2.4517
    2.4618
    2.4636
    2.4371
    2.4371
    2.4421
    2.5127
    2.5106
    2.5229
    2.4700
    2.4375
    2.4055
    2.4179
    2.4179
    2.3952
    2.3777
    2.3579
    2.3365
    2.3478
    2.3253
    2.2934
    2.2869
    2.2869
    2.2682
    2.2500
    2.2312
    2.1835
    2.1484
    2.1807
    2.1642
    2.1871
    2.1839
    2.1839
    2.1547
    2.2108
    2.2144
    2.2089
    2.2568
    2.2951
    2.3442
    2.3709
    2.3709
    2.3903
    2.3395
    2.4173
    2.3929
    2.4054
    2.4669
    2.4997
    2.5079
    2.5079
    2.4165
    2.3944
    2.3363
    2.3219
    2.3478
    2.3351
