    1.3624
    1.2976
    1.4099
    1.1080
    1.1386
    1.3386
    0.9159
    1.1047
    1.1069
    0.9662
    1.0748
    1.0593
    1.5634
    1.6682
    1.8069
    1.5981
    2.0237
    2.2401
    2.3053
    2.4485
    3.0528
    2.7598
    3.1043
    3.5851
    3.6850
    3.9568
    3.3159
    3.2486
    3.4891
    3.1129
    3.0487
    3.2276
    2.7726
    3.3269
    3.6297
    3.2475
    3.4696
    4.3694
    4.3911
    4.9097
    5.1965
    6.1319
    6.9991
    6.4339
    7.4630
    7.4854
    6.2165
    6.2225
    6.8160
    6.3664
    6.0118
    5.9775
    5.6925
    4.9352
    5.1180
    5.3404
    4.9925
    4.0849
    3.7041
    3.0630
    3.0232
    2.5206
    2.1867
    2.1192
    2.0865
    1.8988
    1.6910
    1.6381
    1.5587
    1.4183
    1.3118
    1.2807
    1.2401
    1.1551
    1.2173
    1.2043
    1.1181
    1.1595
    1.1966
    1.1461
    1.1078
    1.1062
    1.0864
    1.0562
    1.0596
    1.0033
    1.0013
    0.9903
    1.0165
    1.0174
    1.0071
    0.9527
    1.0085
    1.0058
    0.9936
    0.9864
    1.0144
    1.1161
    1.0915
    1.1112
    1.1298
    1.1100
    1.1701
    1.1384
    1.1987
    1.2007
    1.2404
    1.2790
    1.2284
    1.2199
    1.1890
    1.1957
    1.1802
    1.1880
    1.1403
    1.2062
    1.2255
    1.2283
    1.2260
    1.2175
    1.2268
    1.2293
    1.1871
    1.1500
    1.1975
    1.2102
    1.1856
    1.2289
    1.1704
    1.1772
    1.2120
    1.1887
    1.2079
    1.2072
    1.2283
    1.3051
    1.3163
    1.3525
    1.3061
    1.3372
    1.3732
    1.4125
    1.3927
    1.4638
    1.4938
    1.4765
    1.4536
    1.4125
    1.3177
    1.2946
    1.3033
    1.2779
    1.2637
    1.2665
    1.2204
    1.2015
    1.1873
    1.2010
    1.1848
    1.2240
    1.2183
    1.2014
    1.1619
    1.2037
    1.1939
    1.1870
    1.1536
    1.1789
    1.1505
    1.1257
    1.0988
    1.0778
    1.0577
    1.0621
    1.0414
    1.0585
    1.0579
    1.0661
    1.0597
    1.0688
    1.0539
    1.0454
    1.0523
    1.0332
    1.0351
    1.0550
    1.0564
    1.0799
    1.1024
    1.0798
    1.1143
    1.1256
    1.1187
    1.1001
    1.0974
    1.0976
    1.0917
    1.0831
    1.0692
    1.0794
    1.0611
    1.0732
    1.0704
    1.0962
    1.0948
    1.0851
    1.0831
    1.0868
    1.0861
    1.0862
    1.0720
    1.0667
    1.0962
    1.1270
    1.1153
    1.1181
    1.1448
    1.1607
    1.1702
    1.1746
    1.1499
    1.1327
    1.1268
    1.1188
    1.1286
    1.1263
    1.1348
    1.1359
    1.1376
    1.1446
    1.1285
    1.1519
    1.1453
    1.1371
    1.1441
    1.1257
    1.1118
    1.0959
    1.1021
    1.1147
    1.0992
    1.0875
    1.0881
    1.1177
    1.1726
    1.1809
    1.1792
    1.1879
    1.2031
    1.2297
    1.2078
    1.2019
    1.2225
    1.2313
    1.2294
    1.2404
    1.2165
    1.2218
    1.2274
    1.2576
    1.2620
    1.2544
    1.2551
    1.2583
    1.2824
    1.2356
    1.2566
    1.2600
    1.2573
    1.1832
    1.1875
    1.1861
    1.1863
    1.1932
    1.2014
    1.2107
    1.2303
    1.2795
    1.2802
    1.3120
    1.3053
    1.2914
    1.2925
    1.3013
    1.2743
    1.2481
    1.2560
    1.2533
    1.2553
    1.2735
    1.2760
    1.2610
    1.2576
    1.3040
    1.3025
    1.3083
    1.3477
    1.3582
    1.3658
    1.3747
    1.3888
    1.3618
    1.3842
    1.3785
    1.4004
    1.4115
    1.3768
    1.3304
    1.3085
    1.2934
    1.2923
    1.2870
    1.2740
    1.2783
    1.2647
    1.2778
    1.2832
    1.2652
    1.2538
    1.2674
    1.2662
    1.2628
    1.2558
    1.2776
    1.2831
    1.2937
    1.2967
    1.3033
    1.3150
    1.3302
    1.3498
    1.3519
    1.3704
    1.3725
    1.4014
    1.3975
    1.4010
    1.3944
    1.4256
    1.4247
    1.4519
    1.4541
    1.4659
    1.4718
    1.4737
    1.4732
    1.4606
    1.4476
    1.4453
    1.4681
    1.4418
    1.4864
    1.4689
    1.4779
    1.4974
    1.4983
    1.4907
    1.4914
    1.5115
    1.5387
    1.5330
    1.5316
    1.5258
    1.5237
    1.5133
    1.5187
    1.5176
    1.5524
    1.5707
    1.5308
    1.5164
    1.5283
    1.5262
    1.4868
    1.4743
    1.4581
    1.4483
    1.4387
    1.4162
    1.4375
    1.4154
    1.4210
    1.4173
    1.3949
    1.3925
    1.3873
    1.4229
    1.4664
    1.4773
    1.5035
    1.5115
    1.5208
    1.5311
    1.5539
    1.5570
    1.5478
    1.5651
    1.5714
    1.5457
    1.5678
    1.5579
    1.5532
    1.5343
    1.5316
    1.5148
    1.5299
    1.5199
    1.5199
    1.5058
    1.5059
    1.5004
    1.4619
    1.4358
    1.4266
    1.4148
    1.4018
    1.3783
    1.3803
    1.3658
    1.3478
    1.3452
    1.3627
    1.3678
    1.3596
    1.3553
    1.3584
    1.3518
    1.3586
    1.3533
    1.3454
    1.3296
    1.3393
    1.3323
    1.3239
    1.3247
    1.3227
    1.3273
    1.3212
    1.3169
    1.3121
    1.2896
    1.2910
    1.2883
    1.2744
    1.2812
    1.2719
    1.2667
    1.2573
    1.2729
    1.2710
    1.2676
    1.2678
    1.2774
    1.2651
    1.2736
    1.2811
    1.2843
    1.3141
    1.3080
    1.2964
    1.2920
    1.2900
    1.2931
    1.2667
    1.2593
    1.2909
    1.2730
    1.2642
    1.2710
    1.2760
    1.2939
    1.3015
    1.3226
    1.3211
    1.3436
    1.3642
    1.3637
    1.3691
    1.3635
    1.3765
    1.3576
    1.3624
    1.3818
    1.3826
    1.3917
    1.3890
    1.3926
    1.3908
    1.3814
    1.3771
    1.3820
    1.3707
    1.3766
    1.3533
    1.3357
    1.3407
    1.3294
    1.3180
    1.2942
    1.2854
    1.2778
    1.2864
    1.2646
    1.2786
    1.2883
    1.2889
    1.2811
    1.2785
    1.2675
    1.2879
    1.2737
    1.2935
    1.2899
    1.2987
    1.3077
    1.3056
    1.3085
    1.3158
    1.3309
    1.3490
    1.3423
    1.3535
    1.3677
    1.3680
    1.3706
    1.3832
    1.3698
    1.3696
    1.3867
    1.3909
    1.3653
    1.3498
    1.3540
    1.3559
    1.3603
    1.3508
    1.3435
    1.3428
    1.3142
    1.3089
    1.3075
    1.3077
    1.3244
    1.3172
    1.3201
    1.3164
    1.3134
    1.2987
    1.3041
    1.2988
    1.2876
    1.2791
    1.2801
    1.2723
    1.2727
    1.2740
    1.2798
    1.2660
    1.2555
    1.2548
    1.2513
    1.2725
    1.2802
    1.2730
    1.2625
    1.2591
    1.2518
    1.2594
    1.2598
    1.2573
    1.2553
    1.2559
    1.2598
    1.2430
    1.2450
    1.2410
    1.2286
    1.2131
    1.2081
    1.2045
    1.2024
    1.1997
    1.1773
    1.1820
    1.1805
    1.1712
    1.1676
    1.1282
    1.1348
    1.1343
    1.1227
    1.1113
    1.0985
    1.0957
    1.0891
    1.0772
    1.0636
    1.0538
    1.0398
    1.0284
    1.0233
    1.0252
    1.0350
    1.0209
    1.0119
    1.0180
    1.0159
    1.0182
    1.0077
    0.9921
    0.9816
    0.9768
    0.9624
    0.9560
    0.9542
    0.9497
    0.9466
    0.9410
    0.9321
    0.9347
    0.9298
    0.9273
    0.9356
    0.9307
    0.9223
    0.9192
    0.9238
    0.9253
    0.9297
    0.9301
    0.9285
    0.9234
    0.9250
    0.9334
    0.9258
    0.9217
    0.9282
    0.9274
    0.9251
    0.9271
    0.9345
    0.9331
    0.9353
    0.9420
    0.9357
    0.9359
    0.9282
    0.9204
    0.9082
    0.9078
    0.9087
    0.9005
    0.8975
    0.9061
    0.9072
    0.9067
    0.8972
    0.8953
    0.8750
    0.8827
    0.8746
    0.8700
    0.8619
    0.8687
    0.8659
    0.8625
    0.8601
    0.8657
    0.8665
    0.8761
    0.8845
    0.8789
    0.8692
    0.8691
    0.8767
    0.8750
    0.8804
    0.8929
    0.8897
    0.8933
    0.8898
    0.8882
    0.8842
    0.8862
    0.8852
    0.8769
    0.8763
    0.8752
    0.8780
    0.8801
    0.8789
    0.8711
    0.8706
    0.8778
    0.8921
    0.8910
    0.8912
    0.8968
    0.8937
    0.8968
    0.8933
    0.8892
    0.8849
    0.8941
    0.8973
    0.8989
    0.8971
    0.8847
    0.8816
    0.8871
    0.8836
    0.8854
    0.8908
    0.8956
    0.8962
    0.8957
    0.8978
    0.9036
    0.9063
    0.9130
    0.9107
    0.9096
    0.9136
    0.9089
    0.9159
    0.9197
    0.9206
    0.9377
    0.9466
    0.9484
    0.9573
    0.9700
    0.9651
    0.9670
    0.9787
    0.9784
    0.9802
    0.9939
    1.0054
    1.0228
    1.0491
    1.0526
    1.0535
    1.0650
    1.0736
    1.0896
    1.1010
    1.1088
    1.1046
    1.1191
    1.1254
    1.1301
    1.1332
    1.1447
    1.1451
    1.1386
    1.1446
    1.1480
    1.1374
    1.1274
    1.1203
    1.1275
    1.1292
    1.1310
    1.1320
    1.1376
    1.1495
    1.1541
    1.1545
    1.1581
    1.1608
    1.1623
    1.1658
    1.1631
    1.1623
    1.1681
    1.1649
    1.1663
    1.1674
    1.1679
    1.1655
    1.1663
    1.1605
    1.1692
    1.1680
    1.1789
    1.1836
    1.1870
    1.1807
    1.1784
    1.1804
    1.1805
    1.1777
    1.1800
    1.1834
    1.1904
    1.1900
    1.1882
    1.1896
    1.1959
    1.1924
    1.1903
    1.1909
    1.1933
    1.2004
    1.2023
    1.2060
    1.2044
    1.2075
    1.2060
    1.2065
    1.2034
    1.2042
    1.2027
    1.2055
    1.2054
    1.2110
    1.2233
    1.2249
    1.2239
    1.2194
    1.2184
    1.2165
    1.2134
    1.2113
    1.2130
    1.2159
    1.2228
    1.2261
    1.2301
    1.2237
    1.2260
    1.2330
    1.2343
    1.2340
    1.2358
    1.2343
    1.2374
    1.2355
    1.2387
    1.2344
    1.2371
    1.2371
    1.2372
    1.2352
    1.2340
    1.2358
    1.2430
    1.2439
    1.2379
    1.2438
    1.2399
    1.2405
    1.2440
    1.2436
    1.2493
    1.2469
    1.2512
    1.2547
    1.2632
    1.2590
    1.2589
    1.2595
    1.2685
    1.2709
    1.2701
    1.2725
    1.2690
    1.2701
    1.2725
    1.2726
    1.2735
    1.2765
    1.2747
    1.2689
    1.2705
    1.2749
    1.2774
    1.2798
    1.2799
    1.2819
    1.2799
    1.2781
    1.2821
    1.2920
    1.2949
    1.2935
    1.2897
    1.2896
    1.2895
    1.2915
    1.2970
    1.2927
    1.2902
    1.2954
    1.3027
    1.3006
    1.3007
    1.3004
    1.2993
    1.3015
    1.2985
    1.2937
    1.2920
    1.2906
    1.2876
    1.2845
    1.2845
    1.2829
    1.2810
    1.2825
    1.2923
    1.2851
    1.2791
    1.2799
    1.2826
    1.2826
    1.2712
    1.2649
    1.2652
    1.2612
    1.2474
    1.2605
    1.2593
    1.2555
    1.2555
    1.2598
    1.2667
    1.2664
    1.2491
    1.2340
    1.2209
    1.1974
    1.1898
    1.1898
    1.1896
    1.1784
    1.1782
    1.1633
    1.1437
    1.1320
    1.1175
    1.1297
    1.1196
    1.1196
    1.1178
    1.1272
    1.1087
    1.1073
    1.0980
    1.1056
    1.1186
    1.1129
    1.1129
    1.1025
    1.1178
    1.1397
    1.1471
    1.1650
    1.1534
    1.1624
    1.1515
    1.1515
    1.1480
    1.1350
    1.1153
    1.1253
    1.1218
    1.1310
    1.1216
    1.1252
    1.1252
    1.1336
    1.1344
    1.1432
    1.1528
    1.1543
    1.1514
    1.1854
    1.1966
    1.1966
    1.2005
    1.1988
    1.2014
    1.2197
    1.2558
    1.2560
    1.2591
    1.2717
    1.2717
    1.2487
    1.2462
    1.2556
    1.2955
    1.3008
    1.2978
    1.3237
    1.3513
    1.3535
    1.3535
    1.3491
    1.3501
    1.3536
    1.3642
    1.3847
    1.3850
    1.3821
    1.4140
    1.4140
    1.4022
    1.3979
    1.3748
    1.3916
    1.3554
    1.3631
    1.3308
    1.3376
    1.3376
    1.3369
    1.3405
    1.3076
    1.2864
    1.3006
    1.2944
