   10.8146
   10.7034
    7.6833
    8.6414
    8.9212
    2.5980
    1.6363
    9.3112
    2.5699
    2.3217
    2.7223
    1.3607
    1.3565
    1.2665
    3.1203
    2.8711
    1.3901
    1.4916
    1.6174
    1.8189
    1.8832
    2.7041
    2.8503
    3.1175
    3.6637
    4.2773
    3.5596
    3.6439
    3.7693
    3.6230
    4.1547
    3.4389
    3.9287
    4.4304
    4.6966
    4.3548
    4.6051
    4.6356
    4.4994
    5.8759
    5.7651
    5.5838
    5.5541
    5.0613
    4.6443
    4.5545
    4.3170
    4.3104
    4.2070
    3.5483
    3.5921
    3.4122
    3.6261
    3.5741
    3.7948
    4.2291
    4.4126
    4.2834
    3.8522
    3.7481
    3.3937
    2.6573
    2.4090
    1.9079
    1.7855
    1.8205
    1.7534
    1.7593
    1.5390
    1.3269
    1.2809
    1.3331
    1.2895
    1.3298
    1.3304
    1.3201
    1.3986
    1.3756
    1.3769
    1.4727
    1.4441
    1.5162
    1.5517
    1.5672
    1.5467
    1.4582
    1.4555
    1.5221
    1.5168
    1.5014
    1.5394
    1.4592
    1.5552
    1.4420
    1.4216
    1.4043
    1.3341
    1.3563
    1.4056
    1.4365
    1.4888
    1.5127
    1.4479
    1.3817
    1.3684
    1.3662
    1.3723
    1.4275
    1.4360
    1.3944
    1.3408
    1.3703
    1.3795
    1.2753
    1.1847
    1.2380
    1.1989
    1.2178
    1.2318
    1.2224
    1.2185
    1.2419
    1.2256
    1.2125
    1.1852
    1.1432
    1.1094
    1.0846
    1.0716
    1.0464
    1.0710
    1.0441
    1.0218
    1.0101
    1.0404
    1.0329
    1.0389
    1.0249
    1.0502
    1.0234
    1.0012
    0.9698
    0.9597
    1.0040
    0.9490
    0.9074
    0.8830
    0.8983
    0.9034
    0.8834
    0.8992
    0.8916
    0.8939
    0.9053
    0.9258
    0.9512
    0.9428
    0.9388
    0.9458
    0.9642
    0.9990
    1.0042
    1.0153
    1.0377
    1.0523
    1.0227
    1.0647
    1.1026
    1.1018
    1.1031
    1.0982
    1.1077
    1.1419
    1.1303
    1.1113
    1.0894
    1.1408
    1.1603
    1.2040
    1.2436
    1.2694
    1.3034
    1.3191
    1.2961
    1.3385
    1.3926
    1.3838
    1.3920
    1.4379
    1.4505
    1.4415
    1.4249
    1.4572
    1.4965
    1.5135
    1.4809
    1.4275
    1.4858
    1.5194
    1.4580
    1.4088
    1.4057
    1.4062
    1.4480
    1.3955
    1.4358
    1.3782
    1.3057
    1.2979
    1.2300
    1.1998
    1.1760
    1.1419
    1.1194
    1.0860
    1.0878
    1.1002
    1.0880
    1.0830
    1.0954
    1.1129
    1.1280
    1.1130
    1.1438
    1.1519
    1.1539
    1.1204
    1.0806
    1.0747
    1.0845
    1.0764
    1.0705
    1.0353
    1.0144
    1.0086
    0.9893
    0.9832
    0.9648
    0.9602
    0.9488
    0.9548
    0.9436
    0.9472
    0.9427
    0.9527
    0.9642
    0.9643
    0.9642
    0.9735
    0.9718
    0.9764
    0.9969
    1.0032
    1.0125
    1.0198
    1.0166
    1.0119
    1.0175
    1.0159
    1.0094
    1.0146
    1.0374
    1.0388
    1.0595
    1.0626
    1.0679
    1.0739
    1.0818
    1.0964
    1.1031
    1.1047
    1.1030
    1.1068
    1.1201
    1.1194
    1.1328
    1.1342
    1.1211
    1.1373
    1.1204
    1.1267
    1.1121
    1.1031
    1.0899
    1.0953
    1.1165
    1.1512
    1.1462
    1.1502
    1.1357
    1.1474
    1.1655
    1.1984
    1.1948
    1.2056
    1.2133
    1.2387
    1.2501
    1.2498
    1.2847
    1.2871
    1.3020
    1.2925
    1.2851
    1.3081
    1.2953
    1.2616
    1.2621
    1.2417
    1.2316
    1.2335
    1.2512
    1.2696
    1.2743
    1.2733
    1.2668
    1.2438
    1.2385
    1.2483
    1.2240
    1.2322
    1.2171
    1.2112
    1.2182
    1.2138
    1.2300
    1.2330
    1.2460
    1.2820
    1.2590
    1.2358
    1.2482
    1.2425
    1.2738
    1.2767
    1.2828
    1.2753
    1.2838
    1.2991
    1.3069
    1.2957
    1.3101
    1.3293
    1.3229
    1.3130
    1.3228
    1.3015
    1.2927
    1.3025
    1.2939
    1.3060
    1.3048
    1.3291
    1.3253
    1.3216
    1.3263
    1.3510
    1.3641
    1.3530
    1.3674
    1.3731
    1.3726
    1.3734
    1.3680
    1.3774
    1.3785
    1.3830
    1.3776
    1.3831
    1.3964
    1.4280
    1.4508
    1.4637
    1.4706
    1.4662
    1.4462
    1.4733
    1.4817
    1.5146
    1.5574
    1.5573
    1.5872
    1.6189
    1.6196
    1.6138
    1.6279
    1.6708
    1.6759
    1.6853
    1.6752
    1.6840
    1.6595
    1.6408
    1.6364
    1.6426
    1.6302
    1.6410
    1.6242
    1.6321
    1.6470
    1.6276
    1.6093
    1.6596
    1.6513
    1.6504
    1.6622
    1.6787
    1.6826
    1.6843
    1.6597
    1.6513
    1.6547
    1.6523
    1.6431
    1.6011
    1.6303
    1.6430
    1.6137
    1.5998
    1.5739
    1.5610
    1.5575
    1.5570
    1.5536
    1.5527
    1.5392
    1.5258
    1.5100
    1.5087
    1.5232
    1.5335
    1.5055
    1.5082
    1.4940
    1.4781
    1.4665
    1.4740
    1.4721
    1.4562
    1.4472
    1.4636
    1.4801
    1.4856
    1.4912
    1.4825
    1.4860
    1.4832
    1.4708
    1.4583
    1.4530
    1.4394
    1.4492
    1.4366
    1.4067
    1.3969
    1.3995
    1.4229
    1.4313
    1.4303
    1.4436
    1.4430
    1.4336
    1.4400
    1.4454
    1.4521
    1.4255
    1.4044
    1.4003
    1.3922
    1.3979
    1.4030
    1.4004
    1.4083
    1.4055
    1.3920
    1.3771
    1.3852
    1.3779
    1.3570
    1.3458
    1.3392
    1.3174
    1.3197
    1.3245
    1.3318
    1.3276
    1.3224
    1.3195
    1.3114
    1.3099
    1.3101
    1.3018
    1.3099
    1.3084
    1.3050
    1.2929
    1.2915
    1.2930
    1.2910
    1.2734
    1.2748
    1.2691
    1.2586
    1.2540
    1.2536
    1.2641
    1.2275
    1.2072
    1.2077
    1.2004
    1.1875
    1.1803
    1.1822
    1.1844
    1.1768
    1.1873
    1.2018
    1.2009
    1.2073
    1.2061
    1.2041
    1.2072
    1.2090
    1.2034
    1.1934
    1.1940
    1.2184
    1.2274
    1.2111
    1.2029
    1.2045
    1.1962
    1.2013
    1.1967
    1.2029
    1.2082
    1.2052
    1.1999
    1.2054
    1.2125
    1.2121
    1.2127
    1.2056
    1.2130
    1.2139
    1.2131
    1.2269
    1.2604
    1.2605
    1.2634
    1.2650
    1.2625
    1.2630
    1.2651
    1.2660
    1.2482
    1.2342
    1.2166
    1.2007
    1.2041
    1.2087
    1.2180
    1.2195
    1.2217
    1.2315
    1.2354
    1.2247
    1.2202
    1.2225
    1.2160
    1.2197
    1.2334
    1.2350
    1.2337
    1.2247
    1.2130
    1.2268
    1.2314
    1.2297
    1.2165
    1.2087
    1.2098
    1.1933
    1.1787
    1.1777
    1.1856
    1.1863
    1.1897
    1.1940
    1.1926
    1.1978
    1.1851
    1.1719
    1.1816
    1.1891
    1.1842
    1.1801
    1.1807
    1.1805
    1.1817
    1.1682
    1.1644
    1.1725
    1.1830
    1.1853
    1.1814
    1.1888
    1.1896
    1.1806
    1.1815
    1.1709
    1.1726
    1.1866
    1.1898
    1.1912
    1.2020
    1.1967
    1.1971
    1.1827
    1.1810
    1.1868
    1.1789
    1.1882
    1.1940
    1.2027
    1.1945
    1.1819
    1.1791
    1.1788
    1.1805
    1.1850
    1.1836
    1.1826
    1.1863
    1.1924
    1.1935
    1.1940
    1.2072
    1.2256
    1.2314
    1.2278
    1.2316
    1.2235
    1.2209
    1.2197
    1.2179
    1.2174
    1.2207
    1.2219
    1.2160
    1.2243
    1.2226
    1.2254
    1.2286
    1.2310
    1.2400
    1.2453
    1.2389
    1.2457
    1.2293
    1.2311
    1.2230
    1.2147
    1.2059
    1.2005
    1.2085
    1.2172
    1.2142
    1.2113
    1.2033
    1.2110
    1.2181
    1.2208
    1.2091
    1.1914
    1.1927
    1.1910
    1.1952
    1.1946
    1.1890
    1.1829
    1.1836
    1.1741
    1.1679
    1.1684
    1.1673
    1.1626
    1.1703
    1.1674
    1.1522
    1.1446
    1.1493
    1.1523
    1.1598
    1.1578
    1.1602
    1.1710
    1.1776
    1.1952
    1.1905
    1.1920
    1.1881
    1.1871
    1.1981
    1.2007
    1.2020
    1.2055
    1.1820
    1.1850
    1.1746
    1.1602
    1.1618
    1.1660
    1.1596
    1.1604
    1.1593
    1.1576
    1.1540
    1.1497
    1.1446
    1.1548
    1.1578
    1.1461
    1.1449
    1.1468
    1.1360
    1.1202
    1.1177
    1.1219
    1.1168
    1.1163
    1.1182
    1.1160
    1.1105
    1.1129
    1.1162
    1.1231
    1.1179
    1.1156
    1.1014
    1.1024
    1.1056
    1.1107
    1.1172
    1.1198
    1.1230
    1.1353
    1.1289
    1.1198
    1.1246
    1.1288
    1.1353
    1.1404
    1.1451
    1.1404
    1.1438
    1.1574
    1.1523
    1.1395
    1.1499
    1.1536
    1.1533
    1.1464
    1.1431
    1.1436
    1.1535
    1.1530
    1.1456
    1.1462
    1.1404
    1.1420
    1.1447
    1.1348
    1.1385
    1.1377
    1.1331
    1.1331
    1.1315
    1.1423
    1.1468
    1.1415
    1.1428
    1.1376
    1.1501
    1.1468
    1.1446
    1.1416
    1.1441
    1.1428
    1.1469
    1.1468
    1.1505
    1.1673
    1.1706
    1.1720
    1.1727
    1.1743
    1.1771
    1.1801
    1.1767
    1.1885
    1.1859
    1.1844
    1.1811
    1.1786
    1.1802
    1.1811
    1.1866
    1.1931
    1.2019
    1.2082
    1.2154
    1.2121
    1.2224
    1.2220
    1.2243
    1.2277
    1.2291
    1.2336
    1.2296
    1.2325
    1.2311
    1.2294
    1.2331
    1.2340
    1.2333
    1.2291
    1.2289
    1.2297
    1.2313
    1.2489
    1.2571
    1.2660
    1.2755
    1.2780
    1.2859
    1.2879
    1.2854
    1.2955
    1.3003
    1.3064
    1.3101
    1.3135
    1.3137
    1.3223
    1.3254
    1.3175
    1.3156
    1.3220
    1.3313
    1.3308
    1.3402
    1.3408
    1.3399
    1.3410
    1.3426
    1.3471
    1.3522
    1.3526
    1.3609
    1.3654
    1.3651
    1.3620
    1.3663
    1.3685
    1.3717
    1.3639
    1.3673
    1.3739
    1.3708
    1.3706
    1.3685
    1.3611
    1.3504
    1.3556
    1.3583
    1.3598
    1.3472
    1.3470
    1.3467
    1.3332
    1.3299
    1.3267
    1.3306
    1.3287
    1.3276
    1.3287
    1.3218
    1.3214
    1.3211
    1.3161
    1.3319
    1.3256
    1.3440
    1.3639
    1.3665
    1.3638
    1.3671
    1.3663
    1.3798
    1.3788
    1.3857
    1.3849
    1.3900
    1.3999
    1.4022
    1.4050
    1.4046
    1.4013
    1.4068
    1.4200
    1.4203
    1.4200
    1.4383
    1.4594
    1.4638
    1.4638
    1.4605
    1.4535
    1.4677
    1.4628
    1.4651
    1.4765
    1.4912
    1.4960
    1.4960
    1.5046
    1.5153
    1.5088
    1.5191
    1.5281
    1.5483
    1.5528
    1.5523
    1.5523
    1.5452
    1.5483
    1.5497
    1.5383
    1.5421
    1.5295
    1.5501
    1.5750
    1.5757
    1.5757
    1.5567
    1.5564
    1.5530
    1.5614
    1.5698
    1.5845
    1.5783
    1.5522
    1.5522
    1.5643
    1.5900
    1.5749
    1.5619
    1.5576
    1.5582
    1.5911
    1.6005
    1.6005
    1.6040
    1.5907
    1.6206
    1.6324
    1.6592
    1.6865
    1.7292
    1.7331
    1.7331
    1.7041
    1.7274
    1.7252
    1.7287
    1.7236
    1.7652
    1.7681
    1.7876
    1.7876
    1.7981
    1.7830
    1.8224
    1.8196
    1.8532
    1.8577
    1.8625
    1.8638
    1.8638
    1.8574
    1.8668
    1.8831
    1.9056
    1.9033
    1.9250
    1.9095
    1.8679
    1.8514
    1.8514
    1.8423
    1.8649
    1.9214
    1.9428
    1.9346
    1.9505
    1.9755
    1.9128
    1.9128
    1.8988
    1.9484
    1.9536
    2.0570
    2.1362
    2.1523
    2.1912
    2.2590
    2.2590
    2.2097
    2.1622
    2.1642
    2.1429
    2.0670
    2.0628
