    3.8903
    4.1059
    3.6263
    4.9701
    3.7049
    6.0619
    4.0857
    1.3072
    3.0364
    3.4829
    4.5966
    8.7180
   11.9017
    7.8020
    5.3915
    4.2165
    6.1719
    7.9430
    4.2646
    4.0982
    3.6429
    2.4543
    2.6944
    3.9125
    4.2254
    4.2070
    6.4396
    6.2315
    5.7116
    5.2956
    4.7078
    5.8325
    6.3509
    6.3711
    5.9943
    6.4618
    6.5091
    6.2913
    6.9691
    6.7296
    6.0558
    5.4500
    4.9257
    5.0083
    5.0999
    5.0541
    5.0049
    4.7780
    4.5005
    4.7457
    4.7013
    4.5647
    4.0512
    4.0399
    4.0070
    3.9070
    3.8044
    3.6569
    3.5193
    3.6333
    3.5085
    3.1287
    2.7886
    2.8199
    2.5910
    2.4379
    2.4526
    2.3384
    2.2471
    2.2152
    2.1342
    1.9045
    1.8700
    1.7757
    1.8153
    1.6913
    1.6811
    1.6288
    1.6194
    1.4938
    1.5101
    1.4160
    1.4100
    1.4198
    1.2519
    1.1181
    1.0580
    1.0090
    1.0268
    0.9082
    0.8836
    0.8637
    0.8608
    0.8265
    0.8197
    0.7878
    0.7629
    0.8179
    0.8439
    0.8866
    0.8795
    0.8944
    0.8844
    0.9188
    0.9708
    1.0405
    0.9731
    0.9867
    0.9829
    0.9646
    0.9554
    0.9484
    0.9770
    1.0397
    1.0471
    1.0485
    1.0562
    1.0821
    1.0660
    1.0733
    1.0987
    1.1083
    1.0764
    1.0857
    1.0818
    1.0661
    1.0822
    1.0823
    1.0524
    1.0849
    1.1096
    1.0861
    1.0591
    1.1368
    1.1465
    1.1464
    1.1232
    1.1121
    1.1287
    1.1446
    1.1722
    1.1999
    1.1749
    1.1875
    1.1990
    1.2129
    1.1823
    1.1931
    1.1961
    1.1755
    1.1576
    1.1474
    1.1718
    1.1684
    1.1764
    1.1809
    1.1834
    1.1898
    1.1576
    1.1767
    1.1560
    1.2142
    1.1393
    1.0911
    1.0872
    1.0647
    1.0767
    1.0898
    1.0850
    1.0779
    1.0722
    1.1071
    1.1303
    1.1415
    1.1189
    1.1189
    1.0820
    1.0680
    1.0411
    1.0508
    1.0234
    1.0209
    1.0094
    1.0352
    1.0457
    1.0532
    1.0468
    1.0599
    1.0928
    1.0857
    1.0788
    1.0580
    1.0501
    1.0389
    1.0421
    1.0400
    1.0171
    0.9985
    0.9971
    0.9887
    0.9819
    0.9879
    0.9993
    0.9598
    0.9687
    0.9555
    0.9813
    0.9705
    0.9837
    0.9724
    0.9838
    0.9801
    1.0038
    0.9864
    0.9999
    0.9820
    1.0043
    0.9945
    0.9886
    0.9868
    1.0088
    0.9947
    1.0291
    1.0494
    1.0540
    1.0473
    1.0566
    1.0484
    1.0084
    1.0066
    1.0029
    0.9951
    1.0013
    0.9841
    0.9766
    0.9638
    0.9608
    0.9704
    0.9909
    1.0156
    1.0274
    1.0314
    1.0339
    1.0370
    1.0242
    1.0123
    1.0307
    1.0355
    1.0479
    1.0619
    1.0674
    1.0794
    1.0680
    1.0844
    1.0887
    1.0912
    1.0857
    1.1100
    1.1387
    1.1561
    1.1695
    1.1661
    1.1507
    1.1512
    1.1309
    1.1331
    1.1235
    1.1158
    1.0952
    1.1048
    1.1002
    1.1112
    1.1030
    1.1224
    1.1360
    1.1423
    1.1546
    1.1451
    1.1455
    1.1460
    1.1355
    1.1081
    1.0994
    1.1094
    1.1004
    1.0629
    1.0751
    1.0877
    1.1202
    1.1214
    1.1306
    1.1343
    1.1312
    1.1316
    1.1469
    1.1386
    1.1649
    1.1680
    1.1946
    1.1933
    1.1917
    1.1766
    1.1726
    1.1672
    1.1695
    1.1873
    1.1877
    1.1931
    1.1837
    1.1856
    1.1826
    1.1947
    1.1982
    1.2009
    1.1995
    1.2022
    1.1942
    1.2084
    1.1973
    1.1904
    1.1880
    1.1829
    1.2013
    1.1970
    1.1817
    1.1663
    1.1566
    1.1436
    1.1568
    1.1549
    1.1610
    1.1748
    1.1712
    1.1859
    1.1833
    1.1964
    1.2103
    1.2332
    1.2314
    1.2292
    1.2439
    1.2403
    1.2328
    1.2449
    1.2395
    1.2256
    1.2395
    1.2330
    1.2398
    1.2589
    1.2874
    1.2969
    1.3061
    1.3152
    1.3450
    1.3680
    1.3506
    1.3568
    1.3843
    1.4050
    1.4330
    1.4485
    1.4371
    1.4278
    1.4542
    1.4378
    1.4577
    1.4551
    1.4586
    1.4540
    1.4798
    1.4757
    1.4939
    1.5005
    1.4995
    1.5419
    1.5660
    1.5786
    1.5747
    1.6106
    1.6449
    1.6627
    1.6784
    1.7075
    1.7064
    1.6759
    1.6766
    1.6733
    1.6849
    1.6858
    1.6670
    1.6745
    1.6607
    1.6575
    1.6520
    1.6518
    1.6419
    1.6479
    1.6635
    1.6541
    1.6372
    1.6625
    1.6847
    1.6966
    1.7084
    1.7065
    1.6963
    1.7028
    1.6839
    1.6927
    1.7156
    1.7411
    1.7487
    1.7497
    1.7537
    1.7815
    1.7884
    1.7958
    1.8050
    1.8076
    1.8156
    1.8131
    1.8318
    1.8256
    1.8082
    1.7849
    1.8228
    1.8210
    1.8159
    1.8284
    1.8067
    1.8006
    1.7955
    1.7672
    1.7616
    1.7746
    1.7775
    1.7913
    1.7960
    1.7977
    1.7744
    1.7604
    1.7728
    1.7750
    1.7920
    1.7989
    1.8117
    1.8168
    1.8314
    1.7989
    1.8063
    1.7885
    1.7799
    1.7812
    1.7780
    1.7417
    1.7521
    1.7486
    1.7243
    1.7027
    1.7245
    1.7223
    1.7235
    1.7399
    1.7316
    1.7413
    1.7197
    1.7024
    1.7052
    1.7101
    1.6979
    1.6873
    1.6676
    1.6402
    1.6251
    1.6130
    1.6210
    1.6180
    1.5861
    1.5606
    1.5379
    1.5329
    1.5297
    1.4997
    1.5030
    1.5087
    1.5138
    1.5213
    1.5355
    1.5425
    1.5632
    1.5764
    1.5732
    1.5768
    1.5554
    1.5470
    1.5489
    1.5541
    1.5584
    1.5543
    1.5504
    1.5408
    1.5376
    1.5412
    1.5324
    1.5439
    1.5089
    1.4966
    1.4855
    1.4796
    1.4757
    1.4826
    1.4919
    1.4885
    1.4845
    1.5097
    1.5095
    1.5030
    1.4858
    1.4873
    1.4884
    1.5004
    1.5020
    1.4715
    1.4586
    1.4524
    1.4486
    1.4322
    1.4369
    1.4207
    1.4298
    1.4207
    1.4002
    1.3920
    1.3795
    1.3754
    1.3686
    1.3494
    1.3620
    1.3513
    1.3515
    1.3355
    1.3513
    1.3543
    1.3494
    1.3562
    1.3569
    1.3477
    1.3382
    1.3331
    1.3244
    1.3131
    1.3086
    1.3038
    1.2986
    1.2800
    1.2715
    1.2723
    1.2736
    1.2711
    1.2700
    1.2607
    1.2200
    1.2053
    1.1971
    1.1994
    1.2156
    1.1950
    1.1950
    1.1920
    1.1928
    1.1899
    1.1840
    1.1898
    1.1856
    1.1774
    1.1667
    1.1551
    1.1573
    1.1423
    1.1387
    1.1098
    1.1038
    1.0966
    1.0907
    1.0777
    1.0823
    1.0733
    1.0744
    1.0776
    1.0712
    1.0683
    1.0584
    1.0556
    1.0607
    1.0604
    1.0606
    1.0597
    1.0509
    1.0457
    1.0376
    1.0359
    1.0363
    1.0334
    1.0226
    1.0308
    1.0169
    1.0256
    1.0248
    1.0243
    1.0242
    1.0209
    1.0190
    1.0153
    1.0151
    1.0136
    1.0125
    1.0149
    1.0146
    1.0135
    1.0098
    1.0082
    1.0174
    1.0141
    1.0132
    1.0074
    1.0105
    1.0141
    1.0255
    1.0235
    1.0224
    1.0205
    1.0153
    1.0192
    1.0287
    1.0422
    1.0415
    1.0436
    1.0377
    1.0334
    1.0364
    1.0384
    1.0405
    1.0458
    1.0417
    1.0361
    1.0383
    1.0412
    1.0295
    1.0244
    1.0365
    1.0239
    1.0250
    1.0328
    1.0287
    1.0345
    1.0210
    1.0170
    1.0099
    1.0133
    1.0250
    1.0247
    1.0159
    1.0187
    1.0207
    1.0191
    1.0207
    1.0211
    1.0177
    1.0162
    1.0126
    1.0099
    1.0104
    1.0185
    1.0228
    1.0282
    1.0440
    1.0417
    1.0433
    1.0545
    1.0553
    1.0557
    1.0670
    1.0654
    1.0663
    1.0677
    1.0674
    1.0775
    1.0856
    1.0920
    1.0901
    1.0950
    1.1046
    1.1076
    1.1063
    1.1098
    1.1111
    1.1132
    1.1100
    1.1128
    1.1216
    1.1186
    1.1093
    1.1027
    1.0987
    1.0972
    1.0892
    1.0902
    1.1034
    1.1006
    1.1169
    1.1240
    1.1345
    1.1269
    1.1322
    1.1455
    1.1478
    1.1526
    1.1639
    1.1734
    1.1735
    1.1816
    1.1925
    1.1963
    1.1958
    1.2015
    1.2235
    1.2336
    1.2351
    1.2476
    1.2604
    1.2642
    1.2855
    1.2870
    1.2977
    1.3041
    1.3157
    1.3348
    1.3335
    1.3373
    1.3443
    1.3510
    1.3616
    1.3691
    1.3748
    1.3861
    1.3985
    1.4097
    1.4075
    1.4197
    1.4329
    1.4396
    1.4362
    1.4463
    1.4541
    1.4638
    1.4723
    1.4815
    1.4925
    1.5120
    1.5215
    1.5409
    1.5499
    1.5610
    1.5810
    1.5764
    1.5845
    1.5944
    1.5996
    1.6035
    1.6100
    1.6250
    1.6250
    1.6358
    1.6418
    1.6481
    1.6499
    1.6572
    1.6489
    1.6465
    1.6524
    1.6557
    1.6650
    1.6769
    1.6725
    1.6778
    1.6893
    1.7051
    1.7087
    1.7022
    1.7054
    1.6991
    1.6970
    1.7157
    1.7229
    1.7348
    1.7550
    1.7564
    1.7599
    1.7567
    1.7456
    1.7480
    1.7558
    1.7696
    1.7875
    1.8063
    1.8147
    1.8130
    1.8292
    1.8329
    1.8458
    1.8526
    1.8760
    1.8854
    1.8964
    1.9049
    1.9123
    1.9320
    1.9457
    1.9343
    1.9685
    1.9740
    1.9854
    1.9779
    1.9847
    1.9955
    1.9970
    2.0221
    2.0419
    2.0614
    2.0689
    2.0686
    2.1000
    2.1175
    2.1203
    2.1456
    2.1513
    2.1690
    2.1727
    2.1876
    2.1940
    2.2074
    2.2132
    2.2144
    2.2432
    2.2745
    2.3137
    2.3339
    2.3432
    2.3507
    2.3709
    2.3389
    2.3390
    2.3622
    2.3672
    2.3751
    2.3507
    2.3649
    2.3750
    2.3691
    2.3725
    2.3721
    2.3760
    2.3997
    2.3977
    2.4143
    2.3967
    2.4008
    2.3980
    2.4176
    2.4179
    2.4218
    2.4090
    2.4206
    2.4320
    2.4746
    2.4756
    2.4870
    2.4867
    2.4868
    2.5147
    2.5365
    2.5452
    2.5847
    2.6169
    2.6699
    2.7016
    2.7463
    2.7689
    2.7678
    2.7882
    2.8052
    2.8333
    2.8701
    2.8642
    2.8817
    2.8973
    2.8749
    2.8724
    2.9021
    2.9091
    2.9067
    2.9182
    2.9304
    2.9518
    2.9449
    2.9362
    2.9360
    2.9604
    2.9562
    2.9456
    2.9695
    2.9962
    3.0121
    2.9898
    3.0186
    3.0186
    3.0494
    3.1125
    3.1049
    3.0979
    3.1017
    3.1098
    3.1669
    3.1333
    3.1333
    3.2179
    3.2407
    3.2439
    3.2129
    3.2393
    3.2573
    3.2782
    3.3110
    3.3110
    3.2702
    3.2880
    3.2815
    3.2910
    3.2799
    3.2759
    3.3031
    3.3533
    3.3160
    3.3160
    3.2927
    3.3191
    3.2883
    3.3318
    3.3131
    3.3032
    3.2743
    3.2664
    3.2664
    3.2639
    3.2410
    3.2402
    3.2257
    3.1790
    3.1717
    3.1522
    3.0718
    3.0718
    3.0453
    3.0751
    3.0962
    3.1447
    3.1576
    3.1417
    3.1543
    3.1359
    3.1359
    3.1145
    3.1859
    3.1423
    3.1847
    3.1803
    3.1779
    3.2064
    3.2487
    3.2487
    3.3622
    3.4547
    3.5103
    3.5401
    3.6033
    3.6210
    3.5907
    3.7065
    3.7065
    3.8654
    3.8918
    3.8389
    3.8617
    3.9170
    3.9337
    4.1073
    4.0802
    4.1600
    4.1600
    4.1002
    4.1396
    4.1681
    4.1260
    4.1975
    4.2204
    4.1836
    4.3052
    4.3052
    4.4475
    4.4215
    4.4085
    4.5052
    4.5845
    4.6619
    4.5410
    4.7670
    4.7670
    4.7632
    4.6150
    4.6706
    4.5279
    4.5279
    4.3595
