    2.1083
    2.1847
    2.0673
    1.3115
    7.1309
    2.4995
    1.5855
    4.1645
    1.7377
    1.4064
    1.2023
    0.8942
    0.9576
    1.0346
    1.9967
    3.3728
    2.9936
    3.5390
    2.8368
    2.5641
    2.7086
    3.1373
    3.2623
    4.9728
    4.0299
    4.1962
    4.4609
    4.1581
    3.9642
    3.1714
    3.1901
    2.3607
    1.7380
    1.3467
    1.4865
    1.4177
    1.4866
    1.3618
    1.3949
    1.5334
    1.7533
    2.0946
    1.7996
    1.4915
    1.5124
    1.4171
    1.4784
    1.5361
    1.3615
    1.2187
    1.2255
    1.1574
    1.0488
    1.1374
    1.1576
    1.2089
    1.1923
    1.0190
    1.0103
    1.0775
    1.2428
    1.2287
    1.3280
    1.2986
    1.3102
    1.3277
    1.3367
    1.2336
    1.2656
    1.2194
    1.2048
    1.2369
    1.4356
    1.3351
    1.3146
    1.2144
    1.0954
    1.1205
    1.0809
    1.1203
    1.0963
    1.1457
    1.1257
    1.0635
    1.0272
    0.9815
    0.9461
    0.9065
    0.9147
    0.9385
    0.9579
    0.9989
    0.9972
    1.0608
    1.0777
    1.0966
    1.1449
    1.0793
    1.1321
    1.1847
    1.2056
    1.2071
    1.2104
    1.1836
    1.1982
    1.2024
    1.1580
    1.2753
    1.2845
    1.2790
    1.3421
    1.3406
    1.3313
    1.3401
    1.2728
    1.2728
    1.2914
    1.2273
    1.1963
    1.1793
    1.1703
    1.1598
    1.1654
    1.1539
    1.1302
    1.0824
    1.0583
    1.0864
    1.0493
    1.0364
    1.0406
    0.9909
    1.0105
    1.0486
    1.0922
    1.0825
    1.1010
    1.1282
    1.0886
    1.0690
    1.0757
    1.0425
    1.0029
    0.9993
    1.0172
    0.9827
    0.9695
    0.9777
    0.9774
    0.9785
    0.9777
    0.9871
    0.9392
    0.9269
    0.9146
    0.9140
    0.9191
    0.8959
    0.8710
    0.8521
    0.8190
    0.8448
    0.8363
    0.8258
    0.8120
    0.8133
    0.8208
    0.7940
    0.7964
    0.8251
    0.8462
    0.8312
    0.7996
    0.8160
    0.8240
    0.8268
    0.8275
    0.8088
    0.8190
    0.8033
    0.8327
    0.8324
    0.8406
    0.8423
    0.8339
    0.8397
    0.8398
    0.8605
    0.8512
    0.8545
    0.8682
    0.9301
    0.9580
    0.9618
    0.9829
    1.0098
    1.0379
    1.0643
    1.1157
    1.1384
    1.1494
    1.1181
    1.1433
    1.1286
    1.1456
    1.1533
    1.1776
    1.1876
    1.1628
    1.1678
    1.1643
    1.1447
    1.1350
    1.1111
    1.0811
    1.0895
    1.0789
    1.0891
    1.0915
    1.0965
    1.1138
    1.1196
    1.0971
    1.1159
    1.0998
    1.1063
    1.1236
    1.1211
    1.1288
    1.1306
    1.1454
    1.1416
    1.1339
    1.1468
    1.1315
    1.1121
    1.1246
    1.0963
    1.1117
    1.1113
    1.1088
    1.0998
    1.0636
    1.0393
    1.0347
    1.0375
    1.0395
    1.0443
    1.0012
    0.9873
    0.9814
    0.9790
    0.9901
    0.9716
    0.9925
    1.0046
    1.0085
    1.0022
    0.9986
    1.0120
    1.0034
    1.0011
    1.0130
    0.9959
    0.9894
    0.9876
    1.0186
    1.0241
    1.0062
    1.0186
    1.0173
    1.0100
    0.9950
    0.9820
    0.9638
    0.9694
    0.9677
    0.9731
    0.9512
    0.9360
    0.9380
    0.9186
    0.9168
    0.9186
    0.9137
    0.9394
    0.9485
    0.9351
    0.9265
    0.9230
    0.9249
    0.9051
    0.9078
    0.8942
    0.8947
    0.8824
    0.8738
    0.8691
    0.8639
    0.8893
    0.8832
    0.8838
    0.8782
    0.8821
    0.8802
    0.8959
    0.9022
    0.8870
    0.8772
    0.8622
    0.8668
    0.8677
    0.8695
    0.8721
    0.8688
    0.8666
    0.8657
    0.8521
    0.8720
    0.8778
    0.8692
    0.8551
    0.8511
    0.8356
    0.8530
    0.8515
    0.8483
    0.8469
    0.8543
    0.8631
    0.8692
    0.8750
    0.8698
    0.8767
    0.8679
    0.8477
    0.8499
    0.8655
    0.8612
    0.8821
    0.8853
    0.8968
    0.8965
    0.9058
    0.9191
    0.9396
    0.9236
    0.9325
    0.9319
    0.9342
    0.9327
    0.9372
    0.9490
    0.9571
    0.9576
    0.9715
    0.9757
    0.9774
    0.9981
    1.0024
    0.9965
    1.0019
    1.0264
    1.0311
    1.0410
    1.0371
    1.0525
    1.0713
    1.0839
    1.0835
    1.0870
    1.0939
    1.1140
    1.1248
    1.1096
    1.1248
    1.1414
    1.1492
    1.1405
    1.1435
    1.1617
    1.1709
    1.1822
    1.1858
    1.1952
    1.2034
    1.2225
    1.2463
    1.2461
    1.2506
    1.2261
    1.2634
    1.2632
    1.2682
    1.2754
    1.2955
    1.3111
    1.3139
    1.3330
    1.3560
    1.3541
    1.3417
    1.3566
    1.3680
    1.3646
    1.3691
    1.3679
    1.3611
    1.3484
    1.3664
    1.3702
    1.3680
    1.3873
    1.4014
    1.4088
    1.4069
    1.3885
    1.3930
    1.4327
    1.4352
    1.4673
    1.4599
    1.4583
    1.4600
    1.4653
    1.4564
    1.4488
    1.4194
    1.4195
    1.4300
    1.4228
    1.4210
    1.4359
    1.4588
    1.4358
    1.4374
    1.4580
    1.4726
    1.5020
    1.5093
    1.5083
    1.5060
    1.5111
    1.5227
    1.5171
    1.5207
    1.5428
    1.5577
    1.5645
    1.5616
    1.5627
    1.5472
    1.5319
    1.5153
    1.5147
    1.5231
    1.5069
    1.5081
    1.5062
    1.4890
    1.4837
    1.4888
    1.5024
    1.5217
    1.5118
    1.5348
    1.5367
    1.5349
    1.5338
    1.5386
    1.5563
    1.5754
    1.5610
    1.5825
    1.5771
    1.5610
    1.5607
    1.5666
    1.5554
    1.5549
    1.5516
    1.5336
    1.5528
    1.5448
    1.5451
    1.5582
    1.5587
    1.5545
    1.5705
    1.5654
    1.5708
    1.5991
    1.5907
    1.5853
    1.5807
    1.5816
    1.5765
    1.5766
    1.5729
    1.5699
    1.5575
    1.5501
    1.5553
    1.5516
    1.5503
    1.5546
    1.5742
    1.5744
    1.5724
    1.5878
    1.6064
    1.6065
    1.6254
    1.6372
    1.6428
    1.6561
    1.6562
    1.6473
    1.6520
    1.6265
    1.6380
    1.6255
    1.6338
    1.6347
    1.6560
    1.6559
    1.6670
    1.6461
    1.6540
    1.6472
    1.6388
    1.6442
    1.6658
    1.6799
    1.6793
    1.6861
    1.6995
    1.7127
    1.7573
    1.7607
    1.7621
    1.7673
    1.7735
    1.7747
    1.7745
    1.7777
    1.7717
    1.7938
    1.7884
    1.7778
    1.7788
    1.7540
    1.7407
    1.7302
    1.7473
    1.7349
    1.7506
    1.7478
    1.7567
    1.7693
    1.7689
    1.7506
    1.7352
    1.7426
    1.7295
    1.7234
    1.7107
    1.7045
    1.7038
    1.7277
    1.7263
    1.7251
    1.7324
    1.7234
    1.7321
    1.7380
    1.7479
    1.7488
    1.7573
    1.7716
    1.7627
    1.7597
    1.7637
    1.7464
    1.7497
    1.7569
    1.7569
    1.7676
    1.7673
    1.7750
    1.7815
    1.7841
    1.7845
    1.7937
    1.7842
    1.7867
    1.7892
    1.7792
    1.7834
    1.7929
    1.8080
    1.8224
    1.8360
    1.8433
    1.8430
    1.8635
    1.8638
    1.8818
    1.8788
    1.8954
    1.9077
    1.9124
    1.9135
    1.9148
    1.9248
    1.9077
    1.9274
    1.9257
    1.9299
    1.9128
    1.9011
    1.9117
    1.9176
    1.9373
    1.9448
    1.9684
    1.9698
    1.9852
    1.9935
    1.9963
    2.0124
    2.0117
    2.0170
    2.0045
    2.0085
    2.0204
    2.0433
    2.0475
    2.0333
    2.0380
    2.0336
    2.0335
    2.0462
    2.0372
    2.0416
    2.0549
    2.0438
    2.0463
    2.0398
    2.0289
    2.0352
    2.0345
    2.0389
    2.0440
    2.0757
    2.0745
    2.0730
    2.0994
    2.0955
    2.0966
    2.1008
    2.1067
    2.1119
    2.0989
    2.1264
    2.1073
    2.1267
    2.1561
    2.1437
    2.1478
    2.1353
    2.1327
    2.1198
    2.1305
    2.1392
    2.1260
    2.1322
    2.1058
    2.1042
    2.1136
    2.1283
    2.1451
    2.1447
    2.1480
    2.1719
    2.2027
    2.1959
    2.2024
    2.2025
    2.2027
    2.1989
    2.2051
    2.2171
    2.2187
    2.2295
    2.2553
    2.2549
    2.2517
    2.2417
    2.2623
    2.2826
    2.2666
    2.2843
    2.2486
    2.2449
    2.2574
    2.2640
    2.2714
    2.2880
    2.2693
    2.2601
    2.2709
    2.2819
    2.2892
    2.3119
    2.3070
    2.3172
    2.3067
    2.3324
    2.3493
    2.3555
    2.3534
    2.3620
    2.3508
    2.3615
    2.3494
    2.3577
    2.3417
    2.3386
    2.3259
    2.3043
    2.3260
    2.3214
    2.3193
    2.3437
    2.3687
    2.3831
    2.3677
    2.3648
    2.3715
    2.3811
    2.3791
    2.3796
    2.3633
    2.3573
    2.3664
    2.3570
    2.3526
    2.3614
    2.3709
    2.3711
    2.3691
    2.3738
    2.3795
    2.3769
    2.3756
    2.3686
    2.3642
    2.3710
    2.3653
    2.3736
    2.3651
    2.3801
    2.3806
    2.3960
    2.3934
    2.3882
    2.3793
    2.3864
    2.3701
    2.3691
    2.3658
    2.3608
    2.3700
    2.3635
    2.3654
    2.3619
    2.3783
    2.3746
    2.3727
    2.3809
    2.3964
    2.3974
    2.4012
    2.4010
    2.3940
    2.3969
    2.3833
    2.3799
    2.3810
    2.3752
    2.3796
    2.3617
    2.3622
    2.3574
    2.3601
    2.3588
    2.3631
    2.3684
    2.3672
    2.3682
    2.3665
    2.3660
    2.3691
    2.3736
    2.3692
    2.3717
    2.3722
    2.3712
    2.3647
    2.3643
    2.3591
    2.3617
    2.3598
    2.3592
    2.3527
    2.3454
    2.3536
    2.3611
    2.3545
    2.3511
    2.3552
    2.3593
    2.3579
    2.3594
    2.3433
    2.3401
    2.3481
    2.3314
    2.3308
    2.3306
    2.3322
    2.3270
    2.3264
    2.3258
    2.3308
    2.3361
    2.3235
    2.3402
    2.3255
    2.3182
    2.3279
    2.3331
    2.3339
    2.3268
    2.3362
    2.3316
    2.3452
    2.3406
    2.3303
    2.3430
    2.3357
    2.3361
    2.3508
    2.3508
    2.3537
    2.3454
    2.3360
    2.3215
    2.3150
    2.3159
    2.3162
    2.2975
    2.2754
    2.2792
    2.2826
    2.2763
    2.2790
    2.2824
    2.2880
    2.2875
    2.2887
    2.2869
    2.2842
    2.2850
    2.2873
    2.2643
    2.2643
    2.2787
    2.2782
    2.2835
    2.2684
    2.2575
    2.2687
    2.2737
    2.2566
    2.2958
    2.2956
    2.2802
    2.2804
    2.2837
    2.3003
    2.2948
    2.3125
    2.3096
    2.3263
    2.3276
    2.3261
    2.3266
    2.3379
    2.3039
    2.3247
    2.3149
    2.3125
    2.3056
    2.2922
    2.2872
    2.2868
    2.2822
    2.2860
    2.2793
    2.2974
    2.2786
    2.2991
    2.2953
    2.2819
    2.2819
    2.3136
    2.3153
    2.3616
    2.3979
    2.3915
    2.3975
    2.4029
    2.3737
    2.3737
    2.3518
    2.3160
    2.2930
    2.3124
    2.3274
    2.3130
    2.2863
    2.3004
    2.3004
    2.2978
    2.2983
    2.3286
    2.3412
    2.3194
    2.3426
    2.3334
    2.3630
    2.3391
    2.3391
    2.3383
    2.3390
    2.3420
    2.3371
    2.3238
    2.3352
    2.3374
    2.3394
    2.3394
    2.3399
    2.3249
    2.3265
    2.3287
    2.2985
    2.3250
    2.2920
    2.2422
    2.2422
    2.2054
    2.1848
    2.2038
    2.2473
    2.2160
    2.1516
    2.2124
    2.1824
    2.1824
    2.1762
    2.2140
    2.1745
    2.1846
    2.1804
    2.2016
    2.1859
    2.1152
    2.1152
    2.1272
    2.1282
    2.1203
    2.1118
    2.0918
    2.0546
    2.0350
    2.0465
    2.0465
    2.0001
    1.9872
    1.9791
    1.9919
    1.9906
    2.0304
    1.9857
    2.0569
    2.0766
    2.0766
    2.0690
    2.0782
    2.0849
    2.0683
    2.0196
    2.0255
    2.0031
    1.9513
    1.9513
    1.9352
    1.8912
    1.8920
    1.8927
    1.8937
    1.8927
    1.8562
    1.8722
    1.8722
    1.8674
    1.8662
    1.8590
    1.8595
    1.9237
    1.8857
