    1.3365
    1.2933
    2.2167
    4.8977
    2.0923
    4.7924
    2.0688
    4.1368
    1.2074
    1.5357
    2.4589
    1.9042
    1.5573
    1.1291
    1.0754
    1.4042
    3.1689
    2.9865
    2.4782
    2.3374
    2.0972
    2.3950
    3.0115
    4.6415
    4.2821
    4.4777
    3.8109
    3.1172
    2.7645
    2.4568
    2.2593
    1.9742
    2.0843
    2.1733
    2.3191
    2.2880
    2.2330
    2.3650
    2.2026
    2.0677
    2.1377
    2.0549
    1.9769
    1.8585
    1.8626
    1.7313
    1.6820
    1.5547
    1.4500
    1.5545
    1.6907
    1.5901
    1.3053
    1.3901
    1.4186
    1.3688
    1.3419
    1.2563
    1.2977
    1.2712
    1.2582
    1.3256
    1.3898
    1.2772
    1.2982
    1.1536
    1.2916
    1.1592
    1.0829
    1.0587
    1.0731
    1.0652
    1.1146
    1.0774
    1.0328
    1.0183
    1.0346
    0.9595
    0.8449
    0.8457
    0.8042
    0.8315
    0.8267
    0.8636
    0.7903
    0.7982
    0.8357
    0.8586
    0.8245
    0.8301
    0.8119
    0.8594
    0.8943
    0.8736
    0.8742
    0.8984
    0.9336
    0.9904
    1.0497
    1.0756
    1.1123
    1.0931
    1.1119
    1.1025
    1.0904
    1.0739
    0.9993
    1.0683
    1.0615
    1.0805
    1.0985
    1.1025
    1.1152
    1.1474
    1.1102
    1.0696
    1.0077
    1.0094
    0.9925
    0.9767
    0.9439
    0.9088
    0.9275
    0.9446
    0.9250
    0.9208
    0.9228
    0.9450
    0.9533
    0.9408
    0.9559
    0.9717
    0.9650
    1.0166
    1.0134
    0.9804
    0.9763
    0.9694
    0.9322
    0.9119
    0.9104
    0.9341
    0.9025
    0.9244
    0.9148
    0.9039
    0.9075
    0.8932
    0.9206
    0.9544
    0.9688
    0.9547
    0.9536
    0.9508
    0.9578
    0.9458
    0.8958
    0.8912
    0.8963
    0.8561
    0.8684
    0.8711
    0.8643
    0.9142
    0.8950
    0.8672
    0.8423
    0.8626
    0.8731
    0.9161
    0.8976
    0.9055
    0.8918
    0.8999
    0.8896
    0.9060
    0.9056
    0.9132
    0.9150
    0.9108
    0.9230
    0.8942
    0.8978
    0.9001
    0.8885
    0.8746
    0.9176
    0.9189
    0.8957
    0.8809
    0.9095
    0.9034
    0.9165
    0.9131
    0.9000
    0.9218
    0.9421
    0.9700
    0.9662
    0.9912
    1.0031
    1.0185
    1.0380
    1.0424
    1.0391
    1.0178
    1.0182
    1.0476
    1.0868
    1.1089
    1.1472
    1.1385
    1.1299
    1.0842
    1.0969
    1.1303
    1.1603
    1.1764
    1.1927
    1.1660
    1.1651
    1.1621
    1.1514
    1.1293
    1.1269
    1.1428
    1.1591
    1.1401
    1.1501
    1.1507
    1.1493
    1.1643
    1.1802
    1.2011
    1.2082
    1.1958
    1.1932
    1.1979
    1.1942
    1.1813
    1.1725
    1.1735
    1.1961
    1.1881
    1.2093
    1.2163
    1.2149
    1.2050
    1.1692
    1.1639
    1.1704
    1.1370
    1.1449
    1.1410
    1.1243
    1.1218
    1.1031
    1.1249
    1.1324
    1.1428
    1.1434
    1.1187
    1.0839
    1.0917
    1.0617
    1.0419
    1.0185
    1.0242
    1.0206
    1.0612
    1.0643
    1.0545
    1.0284
    1.0182
    1.0286
    1.0099
    1.0362
    1.0204
    1.0147
    1.0178
    1.0276
    1.0411
    1.0393
    1.0302
    1.0345
    1.0341
    1.0335
    1.0148
    1.0405
    1.0282
    1.0132
    1.0010
    0.9903
    0.9942
    0.9807
    0.9866
    0.9825
    0.9855
    0.9784
    0.9737
    0.9804
    0.9912
    1.0144
    1.0208
    1.0312
    1.0091
    1.0120
    1.0072
    1.0174
    1.0077
    1.0129
    1.0144
    1.0089
    0.9942
    0.9795
    0.9869
    0.9909
    0.9930
    0.9960
    1.0023
    0.9901
    1.0141
    1.0220
    1.0401
    1.0241
    1.0261
    1.0139
    1.0097
    1.0073
    1.0107
    1.0129
    1.0115
    0.9937
    0.9931
    1.0236
    1.0505
    1.0474
    1.0385
    1.0289
    1.0410
    1.0225
    1.0311
    1.0314
    1.0316
    1.0459
    1.0355
    1.0463
    1.0367
    1.0297
    1.0319
    1.0363
    1.0449
    1.0484
    1.0537
    1.0484
    1.0406
    1.0436
    1.0530
    1.0618
    1.0856
    1.0803
    1.0828
    1.0945
    1.1027
    1.1077
    1.1307
    1.1254
    1.1380
    1.1355
    1.1401
    1.1382
    1.1484
    1.1315
    1.1315
    1.1216
    1.1249
    1.1382
    1.1225
    1.1106
    1.1241
    1.1125
    1.1093
    1.1295
    1.1512
    1.1552
    1.1632
    1.1530
    1.1609
    1.1506
    1.1630
    1.1610
    1.1778
    1.1762
    1.1813
    1.1793
    1.2070
    1.2121
    1.2162
    1.2354
    1.2370
    1.2261
    1.2356
    1.2204
    1.2095
    1.2331
    1.2171
    1.2109
    1.2099
    1.2094
    1.2125
    1.2205
    1.2245
    1.2173
    1.2218
    1.2408
    1.2547
    1.2519
    1.2623
    1.2668
    1.2667
    1.2735
    1.2748
    1.2803
    1.2814
    1.2697
    1.2788
    1.2731
    1.2637
    1.2665
    1.2563
    1.2535
    1.2452
    1.2510
    1.2662
    1.2328
    1.2231
    1.2108
    1.1805
    1.1886
    1.1686
    1.1333
    1.1321
    1.1149
    1.1147
    1.1025
    1.0949
    1.0810
    1.0753
    1.0723
    1.0763
    1.0787
    1.0830
    1.0617
    1.0562
    1.0624
    1.0529
    1.0523
    1.0478
    1.0579
    1.0639
    1.0377
    1.0336
    1.0391
    1.0376
    1.0428
    1.0465
    1.0343
    1.0335
    1.0338
    1.0318
    1.0272
    1.0219
    1.0403
    1.0459
    1.0537
    1.0639
    1.0786
    1.0941
    1.0981
    1.1015
    1.1034
    1.0983
    1.0788
    1.0729
    1.0661
    1.0743
    1.0722
    1.0669
    1.0666
    1.0655
    1.0615
    1.0672
    1.0651
    1.0744
    1.0741
    1.0778
    1.0837
    1.1007
    1.1059
    1.1044
    1.1029
    1.1027
    1.1116
    1.1205
    1.1294
    1.1337
    1.1417
    1.1412
    1.1503
    1.1428
    1.1393
    1.1505
    1.1491
    1.1499
    1.1732
    1.1875
    1.1914
    1.2025
    1.2084
    1.2143
    1.2188
    1.2057
    1.2300
    1.2399
    1.2504
    1.2435
    1.2482
    1.2657
    1.2756
    1.2692
    1.2684
    1.2740
    1.2719
    1.2785
    1.2798
    1.2980
    1.3079
    1.3222
    1.3353
    1.3419
    1.3352
    1.3353
    1.3446
    1.3492
    1.3574
    1.3568
    1.3569
    1.3766
    1.3927
    1.3979
    1.4053
    1.4351
    1.4369
    1.4560
    1.4775
    1.5079
    1.5290
    1.5473
    1.5603
    1.5655
    1.5814
    1.5998
    1.6383
    1.6718
    1.7030
    1.6898
    1.6892
    1.6975
    1.7067
    1.6991
    1.7144
    1.7174
    1.7131
    1.7215
    1.7311
    1.7431
    1.7370
    1.7357
    1.7439
    1.7356
    1.7708
    1.7910
    1.7968
    1.7871
    1.7873
    1.7930
    1.8073
    1.8004
    1.8394
    1.8484
    1.8422
    1.8611
    1.8766
    1.9053
    1.8986
    1.9053
    1.9046
    1.9027
    1.9136
    1.9176
    1.9075
    1.8940
    1.9122
    1.9244
    1.9417
    1.9309
    1.9360
    1.9311
    1.9424
    1.9514
    1.9612
    1.9442
    1.9623
    1.9898
    1.9989
    2.0035
    2.0155
    2.0102
    2.0320
    2.0422
    2.0434
    2.0364
    2.0554
    2.0697
    2.0866
    2.0915
    2.0700
    2.0810
    2.1044
    2.1137
    2.1227
    2.1173
    2.1060
    2.1064
    2.1168
    2.1308
    2.1354
    2.1281
    2.1392
    2.1755
    2.1925
    2.1639
    2.1781
    2.2101
    2.2089
    2.2296
    2.2277
    2.2224
    2.2240
    2.2203
    2.2063
    2.2125
    2.2161
    2.2129
    2.2281
    2.2369
    2.2429
    2.2557
    2.2569
    2.2679
    2.2661
    2.2693
    2.2925
    2.2989
    2.2899
    2.3075
    2.3234
    2.3695
    2.3767
    2.3617
    2.3667
    2.3834
    2.3831
    2.3720
    2.3589
    2.3426
    2.3494
    2.3469
    2.3610
    2.3660
    2.3787
    2.3909
    2.3909
    2.3785
    2.3996
    2.3944
    2.3865
    2.3836
    2.3836
    2.3786
    2.3879
    2.3767
    2.3793
    2.3794
    2.3695
    2.3728
    2.3776
    2.3835
    2.3854
    2.3841
    2.3903
    2.3882
    2.3839
    2.3798
    2.3899
    2.3903
    2.3948
    2.4149
    2.4102
    2.3881
    2.4076
    2.3866
    2.4243
    2.4096
    2.4052
    2.3916
    2.4038
    2.3858
    2.4094
    2.3878
    2.3898
    2.3919
    2.3980
    2.3837
    2.3954
    2.3597
    2.3972
    2.4011
    2.3980
    2.3960
    2.4107
    2.4015
    2.4035
    2.3771
    2.3778
    2.3775
    2.3926
    2.3904
    2.3561
    2.3551
    2.3574
    2.3475
    2.3548
    2.3344
    2.3528
    2.3561
    2.3547
    2.3408
    2.3457
    2.3530
    2.3456
    2.3484
    2.3492
    2.3534
    2.3434
    2.3421
    2.3488
    2.3578
    2.3409
    2.3313
    2.3223
    2.3201
    2.3076
    2.3130
    2.3174
    2.3266
    2.3427
    2.3433
    2.3497
    2.3462
    2.3573
    2.3610
    2.3477
    2.3479
    2.3389
    2.3370
    2.3382
    2.3364
    2.3282
    2.3224
    2.3197
    2.3235
    2.3177
    2.3179
    2.3164
    2.3125
    2.3122
    2.3224
    2.3223
    2.3304
    2.3212
    2.3277
    2.3320
    2.3302
    2.3247
    2.3314
    2.3439
    2.3462
    2.3430
    2.3372
    2.3326
    2.3371
    2.3316
    2.3347
    2.3386
    2.3287
    2.3272
    2.3205
    2.3445
    2.3446
    2.3372
    2.3375
    2.3288
    2.3302
    2.3373
    2.3362
    2.3299
    2.3254
    2.3232
    2.3330
    2.3296
    2.3215
    2.3277
    2.3259
    2.3269
    2.3163
    2.3088
    2.3127
    2.3000
    2.2948
    2.2881
    2.2838
    2.2868
    2.2834
    2.2837
    2.2796
    2.2744
    2.2719
    2.2615
    2.2560
    2.2366
    2.2364
    2.2380
    2.2379
    2.2453
    2.2400
    2.2332
    2.2308
    2.2434
    2.2472
    2.2515
    2.2492
    2.2491
    2.2523
    2.2441
    2.2332
    2.2323
    2.2238
    2.2249
    2.2313
    2.2369
    2.2369
    2.2266
    2.2312
    2.2253
    2.2337
    2.2354
    2.2364
    2.2409
    2.2385
    2.2384
    2.2428
    2.2407
    2.2422
    2.2455
    2.2456
    2.2441
    2.2392
    2.2354
    2.2352
    2.2266
    2.2242
    2.2206
    2.2136
    2.2059
    2.2144
    2.2161
    2.2043
    2.2015
    2.2013
    2.1960
    2.1703
    2.1654
    2.1806
    2.1630
    2.1529
    2.1565
    2.1320
    2.1318
    2.1514
    2.1509
    2.1586
    2.1392
    2.1620
    2.1607
    2.1309
    2.1628
    2.1627
    2.1607
    2.1615
    2.1653
    2.1823
    2.1640
    2.2068
    2.1900
    2.1610
    2.1610
    2.1583
    2.1521
    2.1642
    2.1483
    2.1558
    2.1459
    2.1854
    2.1908
    2.1908
    2.1753
    2.1885
    2.1614
    2.1668
    2.2182
    2.2212
    2.2227
    2.2240
    2.2240
    2.2061
    2.2541
    2.2474
    2.2222
    2.2205
    2.2229
    2.2529
    2.2432
    2.2158
    2.2158
    2.2216
    2.2535
    2.2065
    2.2236
    2.2185
    2.2224
    2.2402
    2.2254
    2.2254
    2.2122
    2.2254
    2.2338
    2.2621
    2.2958
    2.2681
    2.3252
    2.3413
    2.3413
    2.3454
    2.3176
    2.2827
    2.2853
    2.2957
    2.2734
    2.2895
    2.3160
    2.3160
    2.2975
    2.3355
    2.3251
    2.3535
    2.4128
    2.3868
    2.3736
    2.4324
    2.4324
    2.4674
    2.5167
    2.5489
    2.5692
    2.6248
    2.5680
    2.6405
    2.6632
    2.6632
    2.6458
    2.6217
    2.5683
    2.5760
    2.5662
    2.5661
    2.5608
    2.5991
    2.5015
    2.5015
    2.5634
    2.6345
    2.6607
    2.6002
    2.5690
    2.6214
    2.6622
    2.6153
    2.6153
    2.6691
    2.6870
    2.7124
    2.7113
    2.5296
    2.4761
    2.5196
    2.4698
    2.4698
    2.3313
    2.3200
    2.3080
    2.2472
    2.1553
    2.2240
