    9.7892
    7.4016
    4.1008
    2.9341
    3.1351
    1.0206
    4.8599
    2.3146
    1.6631
    1.5760
    1.6196
    1.6334
    1.7083
    1.4816
    1.3762
    1.2782
    1.1588
    1.0867
    1.1043
    1.0843
    1.0516
    1.0069
    1.0365
    1.0813
    1.1079
    1.3227
    1.2808
    1.3105
    1.2550
    1.2074
    1.2468
    1.1711
    1.1218
    1.4176
    1.4934
    1.9854
    1.8548
    2.0330
    2.5394
    2.8092
    2.8076
    3.2544
    2.5605
    2.3505
    2.6091
    2.9573
    2.5225
    2.5290
    2.4754
    2.3520
    2.3284
    2.2321
    2.0496
    2.0599
    2.2238
    2.3434
    2.0978
    2.1967
    2.2791
    2.2804
    2.1013
    1.9903
    2.0280
    2.0640
    2.0391
    2.0967
    2.1572
    2.3432
    2.3187
    2.0978
    2.1535
    1.9873
    1.8743
    2.0464
    2.0423
    2.0911
    2.1397
    2.0266
    1.8741
    1.8553
    1.7881
    1.7563
    1.8376
    1.9685
    1.9381
    1.7203
    1.6553
    1.6819
    1.7323
    1.8801
    1.8582
    1.6870
    1.5753
    1.5206
    1.5282
    1.4805
    1.4383
    1.5172
    1.4703
    1.4490
    1.3637
    1.3319
    1.3000
    1.3073
    1.2682
    1.1527
    1.0208
    0.9782
    0.9802
    0.9689
    0.9671
    0.9042
    0.8569
    0.8372
    0.8221
    0.8757
    0.8921
    0.9108
    0.9025
    0.9128
    0.9791
    0.9721
    0.9730
    0.9118
    0.9613
    0.9686
    0.9885
    0.9909
    0.9265
    0.9131
    0.8219
    0.8234
    0.8529
    0.8823
    0.9427
    0.9831
    1.0015
    0.9731
    0.9898
    1.0031
    1.0380
    0.9960
    0.9869
    0.9940
    0.9304
    0.9314
    0.8976
    0.8807
    0.8808
    0.8620
    0.8207
    0.7980
    0.8389
    0.8248
    0.8246
    0.8445
    0.8591
    0.8575
    0.8895
    0.8915
    0.8887
    0.9065
    0.9000
    0.9166
    0.9241
    0.9276
    0.8855
    0.8716
    0.8406
    0.8241
    0.8226
    0.8170
    0.8230
    0.8252
    0.8354
    0.8301
    0.8382
    0.8420
    0.8465
    0.8613
    0.8837
    0.9126
    0.9321
    0.9317
    0.9344
    0.9388
    0.9332
    0.8872
    0.8517
    0.8460
    0.8089
    0.7815
    0.7540
    0.7569
    0.7636
    0.7640
    0.7556
    0.7492
    0.7363
    0.7220
    0.7268
    0.7214
    0.7137
    0.7262
    0.7264
    0.7444
    0.7433
    0.7413
    0.7429
    0.7694
    0.7727
    0.7814
    0.8010
    0.8336
    0.8477
    0.8503
    0.8535
    0.8658
    0.8712
    0.8829
    0.8890
    0.9023
    0.8999
    0.9013
    0.9181
    0.9180
    0.9219
    0.9163
    0.9081
    0.9104
    0.9004
    0.9060
    0.9122
    0.9141
    0.9233
    0.9456
    0.9649
    1.0072
    1.0077
    1.0305
    1.0726
    1.1040
    1.1539
    1.1824
    1.2004
    1.2422
    1.2605
    1.2645
    1.2805
    1.3074
    1.3520
    1.3710
    1.3649
    1.4062
    1.4639
    1.4636
    1.4635
    1.5032
    1.5204
    1.5082
    1.5303
    1.5633
    1.6044
    1.6316
    1.6372
    1.6439
    1.6381
    1.6611
    1.6777
    1.6431
    1.6177
    1.6336
    1.6630
    1.6656
    1.6896
    1.6790
    1.6728
    1.7074
    1.7465
    1.7371
    1.7166
    1.7201
    1.6924
    1.7126
    1.7212
    1.7507
    1.7782
    1.8068
    1.8248
    1.8572
    1.9048
    1.9195
    1.9314
    1.9197
    1.9461
    1.9881
    1.9933
    2.0065
    2.0037
    1.9854
    1.9874
    2.0268
    2.0253
    2.0132
    2.0397
    2.0720
    2.0670
    2.0596
    2.0660
    2.0253
    2.0223
    2.0366
    2.0417
    2.0388
    2.0453
    2.0332
    2.0388
    2.0700
    2.0937
    2.1134
    2.1149
    2.0746
    2.0947
    2.1169
    2.0714
    2.0857
    2.1096
    2.1071
    2.1193
    2.1254
    2.1199
    2.1319
    2.1056
    2.1088
    2.1037
    2.1357
    2.1775
    2.1989
    2.2173
    2.2275
    2.2171
    2.2396
    2.1905
    2.1842
    2.1861
    2.1612
    2.1667
    2.1873
    2.1993
    2.2321
    2.2003
    2.1467
    2.1780
    2.2191
    2.2373
    2.2852
    2.2778
    2.2877
    2.2982
    2.2736
    2.2794
    2.2367
    2.2281
    2.2490
    2.2351
    2.1817
    2.1734
    2.1951
    2.2196
    2.2460
    2.2345
    2.2293
    2.2292
    2.2364
    2.2266
    2.2375
    2.2647
    2.3042
    2.3633
    2.3426
    2.3337
    2.2836
    2.3074
    2.2796
    2.2551
    2.2420
    2.2365
    2.2656
    2.2872
    2.3158
    2.3056
    2.3007
    2.2748
    2.2674
    2.2796
    2.2886
    2.2923
    2.2845
    2.2862
    2.2728
    2.2602
    2.2263
    2.2063
    2.2242
    2.2085
    2.2445
    2.2246
    2.2164
    2.2719
    2.2540
    2.2477
    2.2231
    2.1919
    2.1895
    2.1617
    2.1620
    2.1736
    2.2242
    2.2674
    2.2706
    2.2910
    2.2851
    2.2610
    2.2444
    2.2105
    2.2272
    2.2209
    2.2255
    2.2192
    2.2312
    2.2222
    2.2156
    2.2257
    2.2442
    2.2344
    2.2402
    2.2635
    2.2685
    2.2620
    2.2679
    2.2393
    2.2345
    2.2611
    2.2494
    2.2605
    2.2649
    2.2306
    2.1803
    2.1491
    2.1542
    2.1551
    2.1199
    2.1155
    2.1194
    2.1110
    2.1241
    2.1274
    2.1447
    2.1680
    2.1847
    2.1996
    2.2524
    2.2628
    2.2614
    2.2324
    2.2333
    2.2461
    2.2670
    2.2626
    2.2486
    2.2409
    2.2421
    2.2248
    2.2302
    2.2537
    2.2425
    2.2723
    2.2569
    2.2656
    2.2715
    2.3259
    2.2698
    2.2709
    2.2815
    2.2846
    2.2483
    2.2747
    2.2842
    2.2655
    2.2619
    2.2359
    2.2349
    2.2354
    2.2458
    2.2536
    2.2547
    2.2384
    2.2510
    2.2399
    2.2550
    2.2885
    2.3132
    2.3003
    2.3129
    2.3242
    2.3448
    2.3713
    2.3766
    2.3608
    2.3830
    2.4042
    2.4024
    2.4087
    2.4184
    2.3898
    2.3959
    2.4076
    2.4057
    2.4226
    2.4442
    2.4545
    2.4685
    2.4687
    2.4493
    2.4423
    2.4062
    2.4142
    2.3913
    2.4074
    2.3925
    2.3557
    2.3558
    2.3736
    2.3314
    2.3431
    2.3673
    2.3647
    2.3826
    2.4294
    2.4551
    2.4417
    2.4402
    2.4509
    2.4754
    2.4973
    2.4702
    2.4870
    2.4956
    2.4816
    2.4901
    2.4805
    2.4677
    2.4645
    2.4785
    2.4780
    2.5181
    2.5381
    2.5227
    2.5386
    2.5317
    2.5050
    2.5130
    2.5449
    2.5583
    2.5811
    2.6212
    2.6422
    2.6132
    2.6229
    2.6729
    2.6950
    2.6652
    2.6784
    2.6806
    2.6907
    2.6846
    2.6806
    2.6967
    2.6579
    2.6651
    2.6804
    2.6644
    2.6665
    2.6562
    2.6637
    2.6506
    2.6419
    2.6928
    2.6929
    2.6919
    2.6991
    2.7099
    2.6724
    2.6768
    2.7041
    2.6949
    2.6400
    2.6194
    2.6094
    2.6298
    2.6160
    2.5857
    2.5948
    2.5813
    2.5059
    2.5057
    2.5099
    2.5309
    2.5219
    2.5204
    2.5295
    2.5449
    2.5309
    2.5267
    2.4963
    2.4983
    2.4758
    2.4365
    2.4340
    2.4315
    2.4093
    2.4026
    2.3917
    2.3784
    2.3855
    2.3853
    2.3711
    2.3646
    2.3461
    2.3258
    2.3047
    2.2839
    2.2495
    2.2212
    2.2208
    2.2125
    2.2007
    2.1837
    2.1827
    2.1786
    2.1826
    2.1765
    2.1573
    2.1148
    2.0998
    2.0775
    2.0685
    2.0674
    2.0471
    2.0360
    2.0342
    2.0255
    2.0308
    2.0246
    2.0259
    2.0202
    2.0235
    2.0290
    2.0334
    2.0264
    2.0360
    2.0207
    2.0247
    2.0130
    2.0079
    1.9798
    1.9751
    1.9678
    1.9743
    1.9665
    1.9576
    1.9477
    1.9687
    1.9580
    1.9430
    1.9287
    1.9174
    1.9133
    1.9188
    1.9052
    1.8793
    1.8842
    1.8778
    1.8737
    1.8613
    1.8381
    1.8439
    1.8452
    1.8295
    1.8215
    1.8231
    1.8153
    1.8082
    1.8108
    1.8141
    1.8123
    1.8020
    1.7924
    1.7946
    1.7879
    1.7773
    1.7648
    1.7781
    1.7713
    1.7736
    1.7751
    1.7797
    1.7728
    1.7640
    1.7502
    1.7375
    1.7241
    1.7098
    1.7021
    1.7022
    1.6902
    1.6906
    1.6660
    1.6468
    1.6458
    1.6433
    1.6364
    1.6335
    1.6300
    1.6257
    1.6245
    1.6473
    1.6374
    1.6463
    1.6357
    1.6218
    1.5969
    1.5909
    1.5953
    1.5771
    1.5793
    1.5804
    1.5798
    1.5798
    1.5526
    1.5636
    1.5485
    1.5465
    1.5360
    1.5236
    1.5088
    1.5115
    1.4918
    1.4801
    1.4638
    1.4603
    1.4672
    1.4445
    1.4460
    1.4430
    1.4254
    1.4148
    1.4151
    1.4108
    1.3988
    1.4003
    1.4073
    1.4176
    1.4134
    1.4188
    1.4145
    1.4130
    1.4092
    1.4114
    1.4188
    1.4206
    1.4204
    1.4062
    1.4083
    1.4169
    1.4153
    1.4288
    1.4363
    1.4391
    1.4418
    1.4392
    1.4378
    1.4499
    1.4542
    1.4545
    1.4525
    1.4479
    1.4520
    1.4537
    1.4542
    1.4546
    1.4587
    1.4588
    1.4642
    1.4640
    1.4677
    1.4829
    1.4846
    1.4969
    1.4928
    1.4956
    1.4935
    1.4915
    1.4956
    1.4891
    1.4872
    1.4908
    1.4857
    1.4854
    1.4879
    1.5000
    1.5077
    1.5138
    1.5176
    1.5185
    1.5222
    1.5236
    1.5392
    1.5372
    1.5387
    1.5408
    1.5377
    1.5380
    1.5397
    1.5389
    1.5372
    1.5353
    1.5310
    1.5247
    1.5179
    1.5207
    1.5169
    1.5231
    1.5224
    1.5233
    1.5272
    1.5254
    1.5277
    1.5415
    1.5437
    1.5501
    1.5489
    1.5533
    1.5537
    1.5512
    1.5551
    1.5587
    1.5516
    1.5538
    1.5594
    1.5630
    1.5621
    1.5621
    1.5705
    1.5535
    1.5483
    1.5443
    1.5572
    1.5525
    1.5511
    1.5472
    1.5470
    1.5498
    1.5545
    1.5601
    1.5558
    1.5533
    1.5533
    1.5521
    1.5497
    1.5497
    1.5583
    1.5591
    1.5503
    1.5456
    1.5436
    1.5425
    1.5512
    1.5525
    1.5526
    1.5492
    1.5452
    1.5429
    1.5469
    1.5331
    1.5274
    1.5313
    1.5252
    1.5231
    1.5230
    1.5166
    1.5120
    1.5088
    1.5200
    1.5075
    1.5251
    1.5299
    1.5236
    1.5234
    1.5198
    1.5178
    1.5325
    1.5198
    1.5335
    1.5364
    1.5485
    1.5476
    1.5477
    1.5507
    1.5515
    1.5478
    1.5389
    1.5457
    1.5415
    1.5187
    1.5021
    1.5021
    1.5039
    1.4958
    1.5077
    1.5141
    1.5470
    1.5523
    1.5423
    1.5361
    1.5361
    1.5665
    1.5585
    1.5505
    1.5517
    1.5400
    1.5559
    1.5288
    1.5593
    1.5593
    1.5645
    1.5431
    1.5671
    1.5939
    1.6302
    1.6475
    1.6853
    1.6910
    1.6989
    1.6989
    1.7329
    1.7160
    1.7139
    1.7176
    1.7231
    1.7131
    1.7362
    1.7728
    1.7728
    1.7960
    1.7931
    1.8518
    1.8586
    1.8575
    1.8716
    1.8756
    1.8698
    1.8698
    1.8561
    1.8570
    1.8701
    1.8886
    1.8915
    1.8692
    1.8369
    1.8285
    1.8285
    1.7980
    1.8920
    1.8784
    1.8773
    1.8860
    1.9072
    1.8787
    1.8934
    1.8934
    1.9108
    1.8968
    1.9558
    1.9620
    1.9345
    1.8889
    1.9062
    1.9213
    1.9213
    1.9644
    1.9825
    1.9597
    1.9576
    1.9690
    1.9800
    1.9581
    1.9862
    2.0359
    2.0359
    1.9979
    2.0192
    2.0229
    1.9956
    1.9877
    2.0211
    2.0204
    1.9641
    1.9641
    1.9584
    1.9006
    1.9738
    1.9555
    1.9776
    2.0575
    1.9964
    2.0608
    2.0608
    2.0830
    2.1259
    2.1237
    2.1504
    2.1639
    2.1393
