    4.4264
    7.2971
    7.6407
    2.5930
    0.7558
    0.5897
    1.1767
    1.3108
    4.7972
    3.9707
    2.0197
    1.0973
    0.8249
    0.8766
    1.1134
    1.9933
    2.0308
    1.6632
    1.4646
    1.3159
    1.5156
    1.3514
    1.3192
    1.5401
    1.6602
    1.4239
    1.2054
    0.9927
    1.0885
    0.9585
    0.9609
    0.9071
    0.9634
    1.0157
    1.1096
    1.0462
    1.1526
    1.2169
    1.3387
    1.3576
    1.3758
    1.4363
    1.4380
    1.5220
    1.4562
    1.4540
    1.4354
    1.5488
    1.6827
    1.8803
    2.0106
    2.0737
    2.3452
    2.5162
    2.7230
    2.6746
    2.6929
    2.6499
    2.8362
    2.9794
    2.7657
    2.9197
    2.7613
    2.5479
    2.4613
    2.1805
    2.1226
    2.2095
    2.1573
    2.3340
    2.3702
    2.3730
    2.2701
    2.1354
    1.9944
    1.7641
    1.8947
    1.6379
    1.5401
    1.6482
    1.6623
    1.7009
    1.7573
    1.8294
    1.9336
    1.7682
    1.7519
    1.6190
    1.6182
    1.8812
    1.8914
    2.0027
    2.0013
    2.1065
    2.0150
    2.0341
    2.1717
    2.3709
    2.3939
    2.5401
    2.5598
    2.6495
    2.5556
    2.6170
    2.5780
    2.5627
    2.4769
    2.5002
    2.3795
    2.4189
    2.4523
    2.3626
    2.2350
    2.1361
    2.1916
    2.1447
    2.1679
    2.1433
    2.2468
    2.2760
    2.3058
    2.2393
    2.2517
    2.3852
    2.3585
    2.2799
    2.5037
    2.3943
    2.3683
    2.5195
    2.6013
    2.5950
    2.5768
    2.5821
    2.5247
    2.5885
    2.6912
    2.8013
    2.7930
    2.7737
    2.7874
    2.8887
    2.8589
    2.7672
    2.6650
    2.6668
    2.7095
    2.7270
    2.7411
    2.6699
    2.6754
    2.6160
    2.6410
    2.6081
    2.5698
    2.5251
    2.4132
    2.3602
    2.4403
    2.2845
    2.3783
    2.4134
    2.3575
    2.2515
    2.1856
    2.1569
    2.1289
    2.1127
    2.0767
    2.0703
    2.0529
    2.0542
    1.9510
    1.9200
    1.9361
    1.8395
    1.8641
    1.8522
    1.8655
    1.8734
    1.9033
    1.8774
    1.8722
    1.8623
    1.9217
    1.9762
    1.9729
    1.9872
    2.0065
    2.0232
    2.0670
    2.0348
    1.9635
    1.9846
    2.0222
    1.9446
    1.9268
    1.9505
    1.9373
    1.9049
    1.9409
    1.9343
    1.8761
    1.8560
    1.8338
    1.7665
    1.7653
    1.7337
    1.7320
    1.7578
    1.7221
    1.6967
    1.6216
    1.6176
    1.5412
    1.4945
    1.5246
    1.4785
    1.4697
    1.4115
    1.3255
    1.3232
    1.2950
    1.2131
    1.1900
    1.1897
    1.1785
    1.1306
    1.0937
    1.0728
    1.0539
    1.0693
    1.0593
    1.0117
    0.9937
    0.9697
    0.9305
    0.9051
    0.8582
    0.8337
    0.7895
    0.7841
    0.7854
    0.7658
    0.7340
    0.7454
    0.7169
    0.7223
    0.7173
    0.7025
    0.6838
    0.6782
    0.6603
    0.6379
    0.6184
    0.6083
    0.6108
    0.6007
    0.5839
    0.5875
    0.5889
    0.5910
    0.5831
    0.5722
    0.5585
    0.5458
    0.5455
    0.5445
    0.5352
    0.5210
    0.5261
    0.5204
    0.5060
    0.5000
    0.4971
    0.5073
    0.5109
    0.5097
    0.5058
    0.5051
    0.5112
    0.5127
    0.5173
    0.5104
    0.5077
    0.4987
    0.4993
    0.5148
    0.5224
    0.5283
    0.5315
    0.5283
    0.5257
    0.5264
    0.5306
    0.5241
    0.5233
    0.5322
    0.5332
    0.5356
    0.5384
    0.5328
    0.5411
    0.5487
    0.5513
    0.5490
    0.5572
    0.5705
    0.5738
    0.5744
    0.5727
    0.5718
    0.5727
    0.5769
    0.5786
    0.5854
    0.5834
    0.5855
    0.5958
    0.6053
    0.6096
    0.6161
    0.6207
    0.6230
    0.6270
    0.6385
    0.6311
    0.6292
    0.6328
    0.6367
    0.6458
    0.6565
    0.6715
    0.6835
    0.7146
    0.7248
    0.7330
    0.7500
    0.7718
    0.7760
    0.7973
    0.8059
    0.8177
    0.8346
    0.8552
    0.8668
    0.8549
    0.8685
    0.8777
    0.9006
    0.9090
    0.9222
    0.9240
    0.9146
    0.9238
    0.9136
    0.9338
    0.9321
    0.9583
    0.9657
    0.9886
    1.0081
    1.0023
    1.0052
    1.0087
    1.0105
    1.0107
    1.0242
    1.0441
    1.0532
    1.0637
    1.0655
    1.0884
    1.0921
    1.0928
    1.0758
    1.0799
    1.0837
    1.1017
    1.1367
    1.1210
    1.1445
    1.1613
    1.1725
    1.1735
    1.1870
    1.1944
    1.1971
    1.2045
    1.2144
    1.2522
    1.3058
    1.3172
    1.3339
    1.3428
    1.3268
    1.3565
    1.3737
    1.3940
    1.4038
    1.4109
    1.3996
    1.4144
    1.4172
    1.4256
    1.4602
    1.4694
    1.4938
    1.5177
    1.5378
    1.5628
    1.5952
    1.6057
    1.6139
    1.6143
    1.6168
    1.5978
    1.5862
    1.5802
    1.6086
    1.6088
    1.5956
    1.5911
    1.5736
    1.5787
    1.5604
    1.5626
    1.5646
    1.5441
    1.5421
    1.5462
    1.5709
    1.5526
    1.5363
    1.5164
    1.5149
    1.5256
    1.5210
    1.5093
    1.4965
    1.5200
    1.5094
    1.5031
    1.5040
    1.5284
    1.5411
    1.5509
    1.5632
    1.5574
    1.5482
    1.5609
    1.5571
    1.5608
    1.5602
    1.5728
    1.5620
    1.5787
    1.5749
    1.5771
    1.5620
    1.5662
    1.5614
    1.5504
    1.5253
    1.5323
    1.5279
    1.5248
    1.5336
    1.5286
    1.5440
    1.5590
    1.5588
    1.5807
    1.6054
    1.5954
    1.6032
    1.5805
    1.5872
    1.5976
    1.6024
    1.5874
    1.5763
    1.5671
    1.5673
    1.5736
    1.5783
    1.5817
    1.5783
    1.5807
    1.5791
    1.5715
    1.5720
    1.5426
    1.5530
    1.5723
    1.5808
    1.5722
    1.5755
    1.5826
    1.5895
    1.5915
    1.5888
    1.5932
    1.6007
    1.5940
    1.5784
    1.5725
    1.5485
    1.5476
    1.5548
    1.5510
    1.5383
    1.5394
    1.5470
    1.5667
    1.5689
    1.5647
    1.5701
    1.5635
    1.5540
    1.5468
    1.5390
    1.5363
    1.5261
    1.5272
    1.5078
    1.5036
    1.5007
    1.4998
    1.5049
    1.5172
    1.5294
    1.5384
    1.5412
    1.5440
    1.5532
    1.5676
    1.5572
    1.5651
    1.5681
    1.5748
    1.5764
    1.5835
    1.5595
    1.5741
    1.5690
    1.5702
    1.5820
    1.5796
    1.5656
    1.5673
    1.5647
    1.5686
    1.5766
    1.5828
    1.5840
    1.5908
    1.6090
    1.6127
    1.6051
    1.5908
    1.5775
    1.5921
    1.5835
    1.5733
    1.5718
    1.5788
    1.5626
    1.5659
    1.5540
    1.5567
    1.5790
    1.5645
    1.5418
    1.5336
    1.5471
    1.5248
    1.5199
    1.5257
    1.5212
    1.5022
    1.5077
    1.4938
    1.4909
    1.4632
    1.4434
    1.4387
    1.4494
    1.4384
    1.4168
    1.4378
    1.4262
    1.4156
    1.4097
    1.4139
    1.4147
    1.4220
    1.4094
    1.3968
    1.3934
    1.3881
    1.3858
    1.3745
    1.3885
    1.3715
    1.3749
    1.3547
    1.3640
    1.3647
    1.3513
    1.3403
    1.3431
    1.3310
    1.3186
    1.3214
    1.3046
    1.2641
    1.2669
    1.2629
    1.2606
    1.2741
    1.2679
    1.2483
    1.2544
    1.2502
    1.2558
    1.2455
    1.2525
    1.2454
    1.2404
    1.2371
    1.2346
    1.2388
    1.2247
    1.2253
    1.2249
    1.2321
    1.2354
    1.2351
    1.2441
    1.2485
    1.2421
    1.2404
    1.2330
    1.2395
    1.2456
    1.2391
    1.2282
    1.2178
    1.2085
    1.2056
    1.2177
    1.2028
    1.2035
    1.2058
    1.2107
    1.2015
    1.2172
    1.2244
    1.2238
    1.2322
    1.2341
    1.2472
    1.2622
    1.2608
    1.2580
    1.2520
    1.2569
    1.2525
    1.2560
    1.2575
    1.2530
    1.2536
    1.2505
    1.2430
    1.2426
    1.2413
    1.2511
    1.2370
    1.2255
    1.2332
    1.2419
    1.2465
    1.2430
    1.2503
    1.2541
    1.2555
    1.2648
    1.2669
    1.2522
    1.2578
    1.2730
    1.2775
    1.2662
    1.2770
    1.2696
    1.2742
    1.2814
    1.2762
    1.2568
    1.2554
    1.2498
    1.2467
    1.2450
    1.2576
    1.2626
    1.2669
    1.2722
    1.2767
    1.2767
    1.2823
    1.2935
    1.2941
    1.2908
    1.2922
    1.3048
    1.3019
    1.3038
    1.2998
    1.2984
    1.2869
    1.2912
    1.2939
    1.2948
    1.2905
    1.2936
    1.2972
    1.2897
    1.2776
    1.2826
    1.2702
    1.2688
    1.2661
    1.2622
    1.2539
    1.2537
    1.2628
    1.2721
    1.2783
    1.2802
    1.2867
    1.2937
    1.2918
    1.2785
    1.2659
    1.2650
    1.2689
    1.2698
    1.2620
    1.2634
    1.2659
    1.2693
    1.2587
    1.2546
    1.2609
    1.2577
    1.2636
    1.2606
    1.2597
    1.2612
    1.2535
    1.2478
    1.2642
    1.2650
    1.2777
    1.2767
    1.2705
    1.2867
    1.2903
    1.2914
    1.2871
    1.2890
    1.2906
    1.2897
    1.2906
    1.2923
    1.3181
    1.3123
    1.3098
    1.3117
    1.3120
    1.3088
    1.3060
    1.3012
    1.3070
    1.3043
    1.3022
    1.3033
    1.3014
    1.3010
    1.2993
    1.2987
    1.3028
    1.2952
    1.2947
    1.2971
    1.2909
    1.2884
    1.2964
    1.2871
    1.2817
    1.2797
    1.2663
    1.2632
    1.2601
    1.2598
    1.2591
    1.2549
    1.2612
    1.2587
    1.2630
    1.2597
    1.2566
    1.2539
    1.2547
    1.2529
    1.2539
    1.2549
    1.2590
    1.2626
    1.2570
    1.2629
    1.2618
    1.2600
    1.2590
    1.2565
    1.2573
    1.2659
    1.2542
    1.2484
    1.2493
    1.2452
    1.2471
    1.2453
    1.2448
    1.2397
    1.2306
    1.2295
    1.2277
    1.2294
    1.2272
    1.2251
    1.2310
    1.2310
    1.2211
    1.2144
    1.2121
    1.2109
    1.2098
    1.2098
    1.2062
    1.2059
    1.2059
    1.1975
    1.1960
    1.2077
    1.2138
    1.2079
    1.1969
    1.1875
    1.1852
    1.1849
    1.1828
    1.1801
    1.1763
    1.1773
    1.1675
    1.1664
    1.1789
    1.1715
    1.1715
    1.1583
    1.1575
    1.1633
    1.1577
    1.1494
    1.1547
    1.1496
    1.1415
    1.1415
    1.1417
    1.1582
    1.1525
    1.1586
    1.1613
    1.1543
    1.1558
    1.1424
    1.1354
    1.1353
    1.1333
    1.1329
    1.1192
    1.1193
    1.1177
    1.1102
    1.1007
    1.0983
    1.0981
    1.0984
    1.0949
    1.0841
    1.0836
    1.0829
    1.0892
    1.0805
    1.0769
    1.0769
    1.0812
    1.0739
    1.0798
    1.0744
    1.0767
    1.0675
    1.0654
    1.0635
    1.0635
    1.0732
    1.0821
    1.0766
    1.0937
    1.0998
    1.1020
    1.1054
    1.1226
    1.1226
    1.1256
    1.1335
    1.1323
    1.1288
    1.1179
    1.1000
    1.0967
    1.0859
    1.0859
    1.0866
    1.1074
    1.1191
    1.1247
    1.1295
    1.1213
    1.1193
    1.1285
    1.1178
    1.1178
    1.1165
    1.1177
    1.1054
    1.1076
    1.1175
    1.1121
    1.1135
    1.1162
    1.1162
    1.1225
    1.1272
    1.1045
    1.1050
    1.1265
    1.1361
    1.1058
    1.0914
    1.0914
    1.0770
    1.0688
    1.0799
    1.0678
    1.0378
    1.0318
    1.0225
    1.0198
    1.0198
    1.0120
    1.0115
    1.0249
    1.0113
    1.0059
    1.0113
    0.9776
    0.9944
    0.9944
    1.0084
    0.9940
    0.9840
    0.9647
    0.9703
    0.9567
    0.9770
    0.9618
    0.9618
    0.9504
    0.9603
    0.9145
    0.9129
    0.9231
    0.8956
    0.9034
    0.9036
    0.8857
    0.8857
    0.9231
    0.9081
    0.8946
    0.9112
    0.9129
    0.9187
    0.9629
    0.9765
    0.9765
    1.0080
    1.0333
    1.0993
    1.1278
    1.1845
    1.1825
    1.1906
    1.1882
    1.1882
    1.1825
    1.1556
    1.1487
    1.1203
    1.1334
    1.0958
