   13.1706
   13.9056
    1.5627
    1.6625
    1.3184
    0.2340
    1.1411
    0.4114
    0.8356
    0.9766
    1.0621
    1.2103
    1.0182
    1.0138
    1.0245
    1.0509
    0.9668
    1.0127
    1.0063
    1.0340
    1.0584
    1.0964
    1.0513
    1.0679
    1.1317
    1.1358
    1.1550
    1.1482
    1.1896
    1.2622
    1.2854
    1.3036
    1.2968
    1.3599
    1.4460
    1.5700
    1.5812
    1.6855
    1.8884
    2.0257
    2.0881
    2.3697
    2.1653
    2.2093
    1.7671
    1.8556
    1.8299
    1.7665
    1.7942
    1.8694
    1.9653
    1.8317
    1.7393
    1.7274
    1.7052
    1.6713
    1.7992
    1.8130
    1.8905
    1.8922
    1.6811
    1.6478
    1.6467
    1.5489
    1.6017
    1.6896
    1.6841
    1.6708
    1.7665
    1.7823
    1.7328
    1.8185
    1.9062
    2.1152
    2.0106
    2.0793
    2.3515
    2.3998
    2.2879
    2.4848
    2.5904
    2.4429
    2.4646
    2.6766
    3.1713
    3.3389
    3.5187
    3.7984
    4.2281
    4.2570
    4.5287
    4.4104
    4.3462
    4.2434
    4.3501
    4.3249
    4.0536
    4.0056
    4.2640
    4.3709
    4.5499
    4.4745
    4.6227
    4.5417
    4.7954
    5.0075
    5.1360
    4.9566
    4.9725
    4.8755
    4.5622
    4.5550
    4.6452
    4.5126
    4.4268
    4.4208
    4.5182
    4.7334
    4.9391
    4.8363
    4.7931
    4.9404
    4.9707
    5.0537
    4.7866
    4.7430
    4.8006
    4.7774
    4.5659
    4.3662
    4.2064
    3.9724
    3.7409
    3.5674
    3.4665
    3.4794
    3.3989
    3.3796
    3.4062
    3.5037
    3.3851
    3.3244
    3.2951
    3.2122
    3.1630
    3.2407
    3.0862
    2.9148
    2.8911
    2.8313
    2.8275
    2.8551
    2.8303
    2.8156
    2.6945
    2.5790
    2.5813
    2.5958
    2.4906
    2.4669
    2.4627
    2.4578
    2.3582
    2.2998
    2.2180
    2.1748
    2.1917
    2.1994
    2.1891
    2.1445
    2.0726
    1.9611
    1.8952
    1.8347
    1.8933
    1.7988
    1.6665
    1.6851
    1.6412
    1.6600
    1.6706
    1.6423
    1.5437
    1.5802
    1.5635
    1.5478
    1.5696
    1.5551
    1.5616
    1.5838
    1.5671
    1.5073
    1.5013
    1.5079
    1.5053
    1.5275
    1.4551
    1.4643
    1.4472
    1.4530
    1.4861
    1.4975
    1.4550
    1.4531
    1.4523
    1.3812
    1.3676
    1.3219
    1.2816
    1.2616
    1.2509
    1.2095
    1.1862
    1.1711
    1.1790
    1.2174
    1.2127
    1.2414
    1.2006
    1.2368
    1.1984
    1.2090
    1.2057
    1.1941
    1.2226
    1.2155
    1.2042
    1.1884
    1.1766
    1.1693
    1.1731
    1.1272
    1.1446
    1.1254
    1.1204
    1.0951
    1.0887
    1.0699
    1.0544
    1.0110
    1.0243
    1.0232
    1.0241
    1.0111
    0.9435
    0.9174
    0.8889
    0.8855
    0.8883
    0.8866
    0.8721
    0.8591
    0.8419
    0.8230
    0.8283
    0.8249
    0.8131
    0.8138
    0.7906
    0.7985
    0.7921
    0.8033
    0.7996
    0.8030
    0.7983
    0.7920
    0.8020
    0.7892
    0.7696
    0.7819
    0.7775
    0.7712
    0.7772
    0.7670
    0.7645
    0.7630
    0.7483
    0.7503
    0.7665
    0.7601
    0.7500
    0.7493
    0.7390
    0.7341
    0.7368
    0.7261
    0.7280
    0.7205
    0.7210
    0.7158
    0.7135
    0.7199
    0.7078
    0.7090
    0.7107
    0.7091
    0.7126
    0.7217
    0.7231
    0.7231
    0.7296
    0.7382
    0.7379
    0.7235
    0.7207
    0.7185
    0.7119
    0.7258
    0.7397
    0.7497
    0.7666
    0.7687
    0.7658
    0.7576
    0.7507
    0.7682
    0.7715
    0.7912
    0.8149
    0.8296
    0.8321
    0.8370
    0.8464
    0.8687
    0.8730
    0.8915
    0.8994
    0.9068
    0.8961
    0.8997
    0.9115
    0.9204
    0.9118
    0.9190
    0.9394
    0.9324
    0.9496
    0.9861
    0.9936
    0.9886
    0.9838
    1.0065
    1.0155
    1.0179
    1.0214
    1.0340
    1.0680
    1.0977
    1.0938
    1.0849
    1.0918
    1.0749
    1.0932
    1.1261
    1.1305
    1.1389
    1.1622
    1.1578
    1.1555
    1.1812
    1.1950
    1.1854
    1.1937
    1.1999
    1.2042
    1.2095
    1.2117
    1.2102
    1.2182
    1.2214
    1.2333
    1.2439
    1.2535
    1.2448
    1.2238
    1.2230
    1.2134
    1.2043
    1.2124
    1.2150
    1.2216
    1.2266
    1.2494
    1.2746
    1.2910
    1.3000
    1.3172
    1.3048
    1.3181
    1.3187
    1.3352
    1.3393
    1.3462
    1.3650
    1.3788
    1.4131
    1.4183
    1.4055
    1.4402
    1.4604
    1.4833
    1.4821
    1.4694
    1.4966
    1.5063
    1.4972
    1.5021
    1.5055
    1.5291
    1.5211
    1.5010
    1.4997
    1.5021
    1.5028
    1.5133
    1.5261
    1.5170
    1.5174
    1.5237
    1.5094
    1.5130
    1.5126
    1.4888
    1.4978
    1.4836
    1.4680
    1.4435
    1.4626
    1.4643
    1.4488
    1.4348
    1.4363
    1.4421
    1.4337
    1.4357
    1.4473
    1.4193
    1.4066
    1.4292
    1.4195
    1.4092
    1.4044
    1.4302
    1.4419
    1.4423
    1.4377
    1.4463
    1.4522
    1.4471
    1.4626
    1.4511
    1.4619
    1.4652
    1.4452
    1.4538
    1.4725
    1.4660
    1.4678
    1.4671
    1.4777
    1.4915
    1.4897
    1.4892
    1.4977
    1.5099
    1.5021
    1.5065
    1.4973
    1.4876
    1.5039
    1.5000
    1.5030
    1.5063
    1.5120
    1.5269
    1.5378
    1.5377
    1.5416
    1.5297
    1.5123
    1.5119
    1.4788
    1.4634
    1.4503
    1.4364
    1.4396
    1.4204
    1.4216
    1.4249
    1.4190
    1.4152
    1.4169
    1.4160
    1.3970
    1.4105
    1.3975
    1.3893
    1.3747
    1.3632
    1.3683
    1.3593
    1.3380
    1.3167
    1.3233
    1.3081
    1.2819
    1.2728
    1.2675
    1.2351
    1.2257
    1.2265
    1.2184
    1.2212
    1.2069
    1.1882
    1.1796
    1.1898
    1.2010
    1.2260
    1.2274
    1.2297
    1.2329
    1.2479
    1.2448
    1.2450
    1.2423
    1.2282
    1.2347
    1.2350
    1.2370
    1.2379
    1.2210
    1.2198
    1.2186
    1.2262
    1.2348
    1.2379
    1.2416
    1.2305
    1.2298
    1.2309
    1.2347
    1.2427
    1.2351
    1.2292
    1.2327
    1.2343
    1.2387
    1.2331
    1.2395
    1.2352
    1.2386
    1.2295
    1.2355
    1.2300
    1.2434
    1.2386
    1.2263
    1.2119
    1.2168
    1.2092
    1.2088
    1.1996
    1.2009
    1.1992
    1.2018
    1.1929
    1.2052
    1.2002
    1.1923
    1.1852
    1.1781
    1.1789
    1.1607
    1.1666
    1.1756
    1.1719
    1.1736
    1.1707
    1.1560
    1.1472
    1.1426
    1.1372
    1.1374
    1.1305
    1.1285
    1.1271
    1.1398
    1.1369
    1.1386
    1.1286
    1.1192
    1.1188
    1.1300
    1.1266
    1.1229
    1.1153
    1.1130
    1.1079
    1.1071
    1.1042
    1.1016
    1.1064
    1.1216
    1.1307
    1.1253
    1.1311
    1.1363
    1.1345
    1.1357
    1.1270
    1.1243
    1.1275
    1.1301
    1.1350
    1.1388
    1.1770
    1.1918
    1.1938
    1.1860
    1.1908
    1.1957
    1.1773
    1.1770
    1.1820
    1.1806
    1.1847
    1.1802
    1.1857
    1.1877
    1.1915
    1.1999
    1.1998
    1.2034
    1.2043
    1.2113
    1.2256
    1.2266
    1.2280
    1.2442
    1.2647
    1.2734
    1.2783
    1.2828
    1.2961
    1.2965
    1.3084
    1.3260
    1.3300
    1.3249
    1.3238
    1.3191
    1.3183
    1.3171
    1.3126
    1.3204
    1.3144
    1.3089
    1.2980
    1.2962
    1.2903
    1.2861
    1.2823
    1.2982
    1.2998
    1.3046
    1.2958
    1.2915
    1.2955
    1.3025
    1.3139
    1.3171
    1.3234
    1.3144
    1.3102
    1.3132
    1.3257
    1.3265
    1.3308
    1.3355
    1.3381
    1.3405
    1.3390
    1.3343
    1.3347
    1.3248
    1.3137
    1.3092
    1.3015
    1.2896
    1.2882
    1.2815
    1.2696
    1.2762
    1.2661
    1.2610
    1.2566
    1.2467
    1.2467
    1.2436
    1.2459
    1.2513
    1.2333
    1.2309
    1.2223
    1.2237
    1.2187
    1.2085
    1.2099
    1.2078
    1.2015
    1.1991
    1.1934
    1.1902
    1.1914
    1.1837
    1.1733
    1.1729
    1.1650
    1.1629
    1.1653
    1.1569
    1.1592
    1.1564
    1.1576
    1.1531
    1.1525
    1.1494
    1.1483
    1.1494
    1.1467
    1.1465
    1.1413
    1.1368
    1.1356
    1.1324
    1.1275
    1.1234
    1.1250
    1.1188
    1.1231
    1.1178
    1.1209
    1.1238
    1.1455
    1.1514
    1.1516
    1.1576
    1.1597
    1.1568
    1.1580
    1.1572
    1.1551
    1.1497
    1.1453
    1.1422
    1.1379
    1.1292
    1.1264
    1.1106
    1.1104
    1.1090
    1.1032
    1.0943
    1.0824
    1.0703
    1.0572
    1.0528
    1.0497
    1.0492
    1.0426
    1.0408
    1.0363
    1.0280
    1.0174
    1.0105
    0.9899
    0.9844
    0.9814
    0.9763
    0.9790
    0.9801
    0.9788
    0.9749
    0.9756
    0.9747
    0.9727
    0.9695
    0.9684
    0.9660
    0.9658
    0.9634
    0.9606
    0.9597
    0.9592
    0.9563
    0.9534
    0.9501
    0.9469
    0.9427
    0.9392
    0.9364
    0.9324
    0.9324
    0.9295
    0.9212
    0.9205
    0.9131
    0.9092
    0.9076
    0.9062
    0.8993
    0.8928
    0.8929
    0.8919
    0.8919
    0.8852
    0.8831
    0.8837
    0.8822
    0.8797
    0.8760
    0.8699
    0.8694
    0.8679
    0.8657
    0.8613
    0.8597
    0.8584
    0.8581
    0.8567
    0.8556
    0.8538
    0.8541
    0.8538
    0.8548
    0.8506
    0.8483
    0.8435
    0.8439
    0.8433
    0.8400
    0.8363
    0.8364
    0.8352
    0.8332
    0.8318
    0.8269
    0.8276
    0.8263
    0.8249
    0.8187
    0.8189
    0.8181
    0.8168
    0.8140
    0.8098
    0.8082
    0.8039
    0.8028
    0.8026
    0.8027
    0.8021
    0.8008
    0.8021
    0.8028
    0.8011
    0.8030
    0.8063
    0.8060
    0.8060
    0.8059
    0.8067
    0.8057
    0.8040
    0.8061
    0.8070
    0.8073
    0.8099
    0.8100
    0.8104
    0.8093
    0.8058
    0.8041
    0.8042
    0.8093
    0.8112
    0.8124
    0.8110
    0.8112
    0.8127
    0.8152
    0.8132
    0.8125
    0.8091
    0.8109
    0.8109
    0.8099
    0.8104
    0.8089
    0.8070
    0.8096
    0.8132
    0.8123
    0.8125
    0.8152
    0.8162
    0.8163
    0.8156
    0.8183
    0.8188
    0.8193
    0.8174
    0.8185
    0.8174
    0.8146
    0.8146
    0.8134
    0.8134
    0.8104
    0.8148
    0.8132
    0.8166
    0.8156
    0.8138
    0.8138
    0.8143
    0.8131
    0.8164
    0.8173
    0.8141
    0.8112
    0.8060
    0.8052
    0.8052
    0.7958
    0.7973
    0.7707
    0.7336
    0.7091
    0.7060
    0.6936
    0.6846
    0.6821
    0.6821
    0.6777
    0.6750
    0.6748
    0.6724
    0.6752
    0.6788
    0.6753
    0.6736
    0.6736
    0.6754
    0.6720
    0.6746
    0.6838
    0.6781
    0.6697
    0.6587
    0.6581
    0.6581
    0.6609
    0.6706
    0.6879
    0.6869
    0.6855
    0.6873
    0.6819
    0.6900
    0.6900
    0.6912
    0.6917
    0.6987
    0.7123
    0.7050
    0.7129
    0.7167
    0.7059
    0.7059
    0.7041
    0.7154
    0.7015
    0.6888
    0.6756
    0.6843
    0.6791
    0.6834
    0.6834
    0.6818
    0.6834
    0.6934
    0.6952
    0.6979
    0.6963
    0.7001
    0.6958
    0.6962
    0.6962
    0.6894
    0.6860
    0.6805
    0.6905
    0.7055
    0.7053
    0.7193
    0.7290
    0.7290
    0.7285
    0.7391
    0.7450
    0.7413
    0.7445
    0.7433
    0.7484
    0.7500
    0.7500
    0.7485
    0.7477
    0.7443
    0.7193
    0.7262
    0.7295
