    0.8789
    0.8121
    2.1863
    0.7267
    1.2417
    1.0367
    1.8211
    1.3991
    1.3717
    1.5965
    1.6099
    1.5471
    1.4984
    1.8880
    2.0441
    2.3979
    1.0569
    1.0201
    0.7990
    0.7724
    0.7458
    0.6450
    0.7105
    0.7302
    0.7962
    0.8674
    0.9580
    1.1825
    1.3920
    2.1923
    1.8715
    2.1394
    2.2312
    2.7119
    2.5052
    2.5657
    2.2174
    1.9731
    2.4571
    2.5127
    2.3667
    2.5404
    2.3434
    2.5434
    2.3742
    2.1082
    2.1955
    2.1604
    2.0098
    1.7882
    1.8075
    1.5614
    1.5408
    1.4826
    1.7470
    1.7805
    1.9016
    2.6017
    2.8858
    2.8046
    2.8837
    2.9920
    3.1204
    3.1576
    2.9190
    3.0023
    2.9220
    2.9792
    2.9129
    3.0152
    2.9556
    2.6555
    2.5492
    2.5954
    2.3529
    2.4489
    2.5009
    2.2232
    2.2492
    2.3811
    2.5024
    2.7781
    2.8173
    2.7853
    2.8558
    2.8364
    2.9685
    2.7638
    3.0399
    2.9893
    3.0496
    3.0484
    3.1931
    2.9009
    2.9274
    3.0812
    3.0391
    2.8943
    2.8933
    2.8485
    2.8341
    2.8126
    2.8815
    2.7157
    2.6528
    2.6796
    2.7593
    2.8152
    2.7849
    2.7744
    2.7012
    2.6043
    2.5498
    2.5091
    2.5075
    2.5658
    2.6434
    2.6119
    2.7523
    2.7351
    2.7662
    2.7009
    2.6905
    2.7750
    2.7882
    2.8188
    2.8755
    3.0072
    2.9679
    3.0400
    3.0620
    3.1105
    3.1583
    3.2467
    3.2572
    3.3491
    3.4055
    3.3354
    3.2118
    3.2175
    3.1751
    3.1443
    3.2167
    3.1966
    3.2751
    3.0946
    3.0987
    2.9832
    3.1561
    2.9463
    2.9174
    2.8996
    2.9785
    2.7744
    2.7865
    2.8079
    2.9545
    2.9985
    3.0430
    3.0041
    2.9284
    2.8496
    2.7915
    2.8411
    2.9145
    2.9059
    2.8445
    2.8439
    2.8198
    2.8708
    2.7626
    2.6108
    2.7512
    2.8066
    2.7777
    2.7883
    2.8611
    2.8777
    2.8404
    2.6772
    2.6744
    2.5852
    2.5440
    2.5518
    2.6325
    2.6374
    2.7183
    2.7301
    2.6657
    2.6383
    2.6681
    2.6826
    2.7524
    2.8047
    2.8766
    2.8867
    2.9416
    2.8315
    2.9127
    2.9624
    3.0214
    2.9907
    2.9934
    3.0905
    2.9693
    2.9355
    2.8562
    2.8029
    2.7769
    2.8570
    2.8296
    2.8116
    2.7497
    2.6584
    2.5975
    2.6245
    2.6059
    2.5415
    2.4900
    2.4747
    2.3812
    2.3062
    2.3238
    2.4165
    2.4034
    2.3950
    2.3957
    2.4058
    2.3993
    2.3539
    2.3600
    2.3374
    2.2134
    2.2160
    2.1470
    2.1031
    2.0440
    2.0093
    2.0200
    1.9978
    1.9792
    1.9441
    1.8975
    1.8817
    1.8585
    1.8795
    1.8973
    1.9366
    1.9255
    1.9406
    1.8792
    1.8688
    1.8540
    1.8389
    1.8169
    1.7595
    1.7751
    1.7624
    1.7704
    1.7770
    1.7790
    1.6723
    1.6920
    1.6838
    1.6389
    1.5821
    1.5751
    1.5655
    1.5487
    1.5558
    1.5594
    1.5582
    1.5233
    1.5414
    1.5672
    1.5523
    1.5453
    1.5189
    1.5401
    1.5543
    1.5255
    1.5032
    1.4802
    1.4799
    1.4950
    1.5103
    1.4948
    1.5010
    1.5167
    1.5060
    1.4857
    1.4881
    1.4785
    1.4651
    1.4762
    1.4812
    1.4728
    1.4669
    1.4742
    1.4872
    1.4527
    1.4622
    1.4386
    1.4583
    1.4576
    1.4506
    1.4634
    1.4528
    1.4715
    1.4509
    1.4072
    1.4209
    1.3801
    1.3746
    1.3646
    1.3641
    1.3765
    1.3546
    1.3839
    1.3673
    1.3666
    1.3745
    1.4068
    1.3931
    1.4017
    1.4116
    1.4108
    1.4345
    1.4629
    1.4555
    1.4888
    1.4780
    1.4585
    1.4945
    1.5358
    1.5344
    1.5322
    1.5540
    1.5684
    1.5609
    1.5529
    1.5623
    1.5708
    1.6034
    1.5884
    1.5469
    1.5620
    1.5709
    1.5745
    1.6123
    1.5960
    1.6053
    1.6103
    1.6237
    1.6235
    1.6289
    1.6357
    1.6332
    1.6099
    1.5987
    1.5600
    1.5678
    1.5462
    1.5333
    1.5595
    1.5887
    1.5712
    1.5995
    1.6127
    1.6435
    1.6671
    1.6558
    1.6732
    1.6919
    1.7060
    1.7359
    1.7521
    1.7723
    1.7952
    1.7902
    1.8377
    1.8550
    1.8198
    1.8260
    1.8293
    1.8503
    1.8072
    1.7846
    1.7596
    1.7795
    1.7974
    1.7716
    1.7543
    1.7849
    1.7872
    1.7872
    1.7497
    1.7407
    1.7254
    1.7311
    1.6984
    1.6771
    1.6629
    1.6654
    1.6901
    1.6581
    1.6504
    1.6318
    1.6288
    1.6194
    1.6164
    1.6284
    1.6368
    1.6124
    1.6045
    1.6116
    1.6207
    1.6072
    1.6276
    1.5958
    1.5973
    1.5930
    1.5875
    1.5793
    1.5790
    1.5709
    1.5571
    1.5712
    1.5855
    1.5880
    1.5907
    1.5893
    1.5979
    1.5683
    1.5822
    1.5985
    1.5869
    1.5894
    1.5838
    1.5995
    1.6001
    1.6059
    1.6201
    1.6054
    1.6113
    1.5983
    1.6124
    1.6109
    1.6003
    1.6039
    1.5855
    1.5873
    1.5783
    1.5731
    1.6001
    1.5851
    1.5662
    1.5645
    1.5351
    1.5096
    1.5028
    1.5225
    1.5072
    1.4961
    1.4858
    1.4787
    1.4565
    1.4532
    1.4616
    1.4608
    1.4618
    1.4503
    1.4284
    1.4107
    1.4027
    1.3992
    1.3917
    1.3847
    1.3692
    1.3601
    1.3480
    1.3416
    1.3511
    1.3502
    1.3619
    1.3673
    1.3702
    1.3895
    1.3880
    1.3941
    1.3823
    1.3851
    1.3859
    1.3970
    1.4091
    1.4065
    1.4062
    1.4001
    1.3975
    1.4190
    1.4373
    1.4327
    1.4374
    1.4509
    1.4520
    1.4474
    1.4564
    1.4640
    1.4630
    1.4434
    1.4585
    1.4390
    1.4475
    1.4407
    1.4311
    1.4319
    1.4374
    1.4365
    1.4297
    1.4316
    1.4360
    1.4307
    1.4386
    1.4364
    1.4266
    1.4311
    1.4376
    1.4336
    1.4477
    1.4652
    1.4670
    1.4567
    1.4576
    1.4632
    1.4733
    1.4715
    1.4812
    1.4904
    1.4820
    1.4814
    1.4820
    1.4825
    1.4707
    1.4539
    1.4597
    1.4500
    1.4677
    1.4513
    1.4565
    1.4315
    1.4346
    1.4321
    1.4189
    1.3951
    1.3866
    1.3866
    1.3892
    1.3788
    1.3879
    1.3799
    1.3739
    1.3718
    1.3532
    1.3472
    1.3587
    1.3461
    1.3483
    1.3541
    1.3551
    1.3505
    1.3495
    1.3645
    1.3580
    1.3834
    1.3874
    1.3904
    1.3811
    1.3704
    1.3970
    1.4017
    1.3934
    1.3924
    1.3874
    1.3978
    1.3969
    1.3873
    1.3880
    1.3969
    1.4042
    1.4101
    1.3979
    1.3874
    1.3970
    1.3797
    1.3945
    1.3970
    1.4019
    1.3869
    1.3930
    1.3863
    1.3731
    1.3867
    1.3854
    1.3854
    1.3753
    1.3833
    1.3806
    1.3838
    1.3790
    1.3794
    1.3666
    1.3536
    1.3520
    1.3529
    1.3488
    1.3527
    1.3586
    1.3484
    1.3483
    1.3610
    1.3512
    1.3508
    1.3442
    1.3468
    1.3445
    1.3305
    1.3345
    1.3261
    1.3328
    1.3436
    1.3493
    1.3536
    1.3630
    1.3550
    1.3566
    1.3498
    1.3585
    1.3540
    1.3490
    1.3661
    1.3488
    1.3340
    1.3268
    1.3248
    1.3401
    1.3473
    1.3519
    1.3508
    1.3519
    1.3669
    1.3632
    1.3441
    1.3445
    1.3520
    1.3540
    1.3532
    1.3450
    1.3515
    1.3425
    1.3311
    1.3137
    1.3073
    1.3191
    1.3295
    1.3326
    1.3435
    1.3421
    1.3432
    1.3434
    1.3409
    1.3413
    1.3301
    1.3166
    1.2993
    1.2954
    1.2799
    1.2650
    1.2414
    1.2345
    1.2288
    1.2162
    1.2020
    1.1909
    1.1884
    1.1891
    1.2081
    1.2091
    1.2042
    1.2061
    1.2122
    1.2098
    1.2120
    1.2165
    1.2077
    1.2082
    1.2169
    1.2151
    1.2184
    1.2201
    1.2212
    1.2097
    1.2134
    1.2019
    1.1877
    1.1751
    1.1657
    1.1651
    1.1608
    1.1518
    1.1431
    1.1286
    1.1233
    1.1191
    1.1213
    1.1229
    1.1226
    1.1187
    1.1156
    1.1137
    1.1120
    1.1175
    1.1093
    1.1044
    1.1040
    1.0961
    1.0812
    1.0984
    1.0994
    1.0855
    1.0853
    1.0724
    1.0660
    1.0563
    1.0553
    1.0552
    1.0547
    1.0548
    1.0526
    1.0519
    1.0501
    1.0480
    1.0472
    1.0473
    1.0550
    1.0571
    1.0554
    1.0539
    1.0633
    1.0613
    1.0607
    1.0655
    1.0669
    1.0685
    1.0715
    1.0695
    1.0696
    1.0704
    1.0736
    1.0801
    1.0737
    1.0778
    1.0789
    1.0774
    1.0778
    1.0825
    1.0818
    1.0830
    1.0836
    1.0786
    1.0769
    1.0784
    1.0772
    1.0741
    1.0719
    1.0698
    1.0709
    1.0663
    1.0695
    1.0700
    1.0691
    1.0660
    1.0674
    1.0650
    1.0620
    1.0608
    1.0590
    1.0558
    1.0581
    1.0586
    1.0548
    1.0584
    1.0579
    1.0549
    1.0490
    1.0451
    1.0420
    1.0394
    1.0396
    1.0381
    1.0352
    1.0342
    1.0289
    1.0285
    1.0273
    1.0267
    1.0231
    1.0225
    1.0238
    1.0238
    1.0238
    1.0229
    1.0192
    1.0147
    1.0144
    1.0127
    1.0117
    1.0085
    1.0057
    1.0014
    1.0004
    1.0008
    0.9980
    0.9924
    0.9897
    0.9883
    0.9844
    0.9813
    0.9812
    0.9769
    0.9757
    0.9763
    0.9793
    0.9824
    0.9787
    0.9785
    0.9736
    0.9689
    0.9651
    0.9597
    0.9570
    0.9556
    0.9530
    0.9508
    0.9508
    0.9511
    0.9498
    0.9509
    0.9527
    0.9562
    0.9556
    0.9583
    0.9610
    0.9610
    0.9635
    0.9686
    0.9703
    0.9699
    0.9728
    0.9764
    0.9775
    0.9771
    0.9770
    0.9767
    0.9686
    0.9611
    0.9601
    0.9602
    0.9576
    0.9549
    0.9533
    0.9534
    0.9503
    0.9492
    0.9509
    0.9468
    0.9429
    0.9368
    0.9347
    0.9304
    0.9304
    0.9268
    0.9215
    0.9257
    0.9192
    0.9172
    0.9215
    0.9272
    0.9351
    0.9409
    0.9410
    0.9394
    0.9418
    0.9482
    0.9532
    0.9566
    0.9649
    0.9670
    0.9701
    0.9704
    0.9673
    0.9648
    0.9625
    0.9647
    0.9683
    0.9762
    0.9667
    0.9653
    0.9654
    0.9566
    0.9628
    0.9610
    0.9615
    0.9693
    0.9861
    0.9800
    0.9617
    0.9617
    0.9609
    0.9770
    0.9767
    0.9962
    1.0083
    1.0203
    1.0233
    1.0200
    1.0200
    1.0247
    1.0213
    1.0235
    1.0278
    1.0273
    1.0289
    1.0271
    1.0282
    1.0282
    1.0260
    1.0221
    1.0060
    1.0006
    1.0053
    1.0025
    0.9863
    0.9871
    0.9844
    0.9844
    0.9730
    0.9688
    0.9654
    0.9568
    0.9494
    0.9485
    0.9433
    0.9450
    0.9450
    0.9299
    0.9128
    0.9092
    0.9210
    0.9082
    0.9022
    0.9020
    0.8931
    0.8931
    0.8731
    0.8694
    0.8618
    0.8493
    0.8439
    0.8506
    0.8510
    0.8465
    0.8465
    0.8451
    0.8462
    0.8399
    0.8432
    0.8364
    0.8258
    0.8292
    0.8137
    0.8137
    0.8062
    0.8014
    0.7906
    0.7812
    0.7892
    0.7883
    0.7885
    0.7831
    0.7831
    0.7825
    0.7910
    0.7805
    0.7717
    0.7781
    0.7536
    0.7503
    0.7488
    0.7320
    0.7320
    0.7338
    0.7197
    0.7135
    0.7025
    0.6930
    0.6980
    0.6863
    0.6654
    0.6654
    0.6612
    0.6616
    0.6590
    0.6583
    0.6499
    0.6417
    0.6324
    0.6250
    0.6250
    0.6257
    0.6342
    0.6283
    0.6203
    0.6271
    0.6285
