    7.2817
    2.9281
    1.6086
    3.2108
    4.4663
    0.7283
    2.9734
    4.0768
    4.0426
    3.3468
    2.5849
    1.5238
    1.1732
    1.4184
    1.3976
    1.9359
    2.2040
    3.4477
    3.4423
    2.9937
    2.9157
    2.3954
    2.0412
    1.7083
    1.3557
    0.9941
    0.8710
    0.9321
    0.9034
    0.8249
    0.9120
    1.0374
    1.2397
    1.3213
    1.3405
    1.3138
    1.2811
    1.4788
    1.3206
    1.2710
    1.4752
    1.4751
    1.3975
    1.3992
    1.3742
    1.3563
    1.3878
    1.3693
    1.4239
    1.4208
    1.4661
    1.1852
    1.1513
    1.0778
    1.0988
    1.1777
    1.1213
    1.2929
    1.3195
    1.3375
    1.3372
    1.3262
    1.2511
    1.1235
    1.1361
    1.1727
    1.2195
    1.3287
    1.3916
    1.3735
    1.2455
    1.2357
    1.1156
    1.0421
    0.9494
    0.8885
    0.8653
    0.8573
    0.8926
    0.9567
    0.9778
    1.0087
    1.0315
    1.0218
    1.0472
    1.0495
    1.0105
    1.0323
    1.1354
    1.1051
    1.1609
    1.0791
    1.1297
    1.0946
    1.1463
    1.1355
    1.1931
    1.1615
    1.1524
    1.1425
    1.1342
    1.1000
    1.0911
    1.0851
    1.0742
    1.0979
    1.0609
    1.0500
    1.0535
    1.0724
    1.0354
    1.0359
    1.0307
    1.0109
    1.0442
    1.1130
    1.1103
    1.1827
    1.1856
    1.1960
    1.2956
    1.2726
    1.1963
    1.3080
    1.2862
    1.2648
    1.2768
    1.2885
    1.3012
    1.3027
    1.3022
    1.3212
    1.3551
    1.3699
    1.3777
    1.3111
    1.3010
    1.1790
    1.1740
    1.2095
    1.1764
    1.2089
    1.2198
    1.1447
    1.1448
    1.1257
    1.1099
    1.1254
    1.1237
    1.1531
    1.1381
    1.0908
    1.0860
    1.1163
    1.1381
    1.1385
    1.0983
    1.1155
    1.1372
    1.1477
    1.1622
    1.1451
    1.1561
    1.1461
    1.1328
    1.1657
    1.1335
    1.0940
    1.0960
    1.1252
    1.1466
    1.1610
    1.2333
    1.2358
    1.2220
    1.2353
    1.2395
    1.2054
    1.1845
    1.2352
    1.2563
    1.2059
    1.2044
    1.2182
    1.2473
    1.2317
    1.2083
    1.1639
    1.1283
    1.1364
    1.1498
    1.1501
    1.1127
    1.1199
    1.0926
    1.0915
    1.0835
    1.1167
    1.0966
    1.0864
    1.0977
    1.0746
    1.0405
    1.0538
    1.0498
    1.0435
    1.0549
    1.0527
    1.0479
    1.0317
    1.0289
    1.0247
    1.0207
    0.9878
    0.9793
    0.9734
    0.9826
    0.9660
    0.9344
    0.9379
    0.9332
    0.9343
    0.9130
    0.9311
    0.9333
    0.9064
    0.8945
    0.8983
    0.9072
    0.9094
    0.9007
    0.8748
    0.8810
    0.8812
    0.8708
    0.8504
    0.8574
    0.8557
    0.8524
    0.8634
    0.8649
    0.8487
    0.8755
    0.8607
    0.8639
    0.8606
    0.8606
    0.8750
    0.8573
    0.8502
    0.8521
    0.8571
    0.8448
    0.8778
    0.9114
    0.8992
    0.8892
    0.8793
    0.8817
    0.8691
    0.8520
    0.8713
    0.8682
    0.8914
    0.8986
    0.8976
    0.9162
    0.9157
    0.9175
    0.9174
    0.9407
    0.9532
    0.9466
    0.9733
    0.9756
    0.9832
    0.9862
    0.9988
    1.0097
    1.0093
    1.0084
    1.0032
    1.0076
    1.0075
    1.0152
    1.0397
    1.0280
    1.0435
    1.0601
    1.0649
    1.0595
    1.0710
    1.0588
    1.0827
    1.0906
    1.1044
    1.1303
    1.1307
    1.1412
    1.1426
    1.1494
    1.1479
    1.1571
    1.1558
    1.1959
    1.1947
    1.1926
    1.2080
    1.2180
    1.2051
    1.2224
    1.2283
    1.2109
    1.2335
    1.2478
    1.2565
    1.2318
    1.2668
    1.2866
    1.3034
    1.2943
    1.2720
    1.2767
    1.3116
    1.3211
    1.3293
    1.3296
    1.3307
    1.3290
    1.3254
    1.3430
    1.3448
    1.3275
    1.3299
    1.3178
    1.3071
    1.3237
    1.3145
    1.3129
    1.2995
    1.3029
    1.2745
    1.2534
    1.2461
    1.2324
    1.2228
    1.2230
    1.2159
    1.2134
    1.2257
    1.2138
    1.1997
    1.1990
    1.2164
    1.2309
    1.2146
    1.2186
    1.2117
    1.2101
    1.2200
    1.2134
    1.2255
    1.2145
    1.2241
    1.2227
    1.2447
    1.2466
    1.2462
    1.2551
    1.2657
    1.2613
    1.2573
    1.2700
    1.2692
    1.2756
    1.2843
    1.2816
    1.2943
    1.3037
    1.3029
    1.3020
    1.3006
    1.3154
    1.2845
    1.2873
    1.2741
    1.2919
    1.2805
    1.2938
    1.3175
    1.3147
    1.3127
    1.3036
    1.2985
    1.2979
    1.2940
    1.3113
    1.2902
    1.3103
    1.2747
    1.2729
    1.2612
    1.2755
    1.2600
    1.2718
    1.2694
    1.2583
    1.2620
    1.2447
    1.2367
    1.2471
    1.2538
    1.2500
    1.2623
    1.2715
    1.2646
    1.2536
    1.2487
    1.2558
    1.2350
    1.2474
    1.2555
    1.2638
    1.2703
    1.2519
    1.2575
    1.2668
    1.2739
    1.2921
    1.2894
    1.2795
    1.2734
    1.2984
    1.2992
    1.3080
    1.3080
    1.3188
    1.3160
    1.3332
    1.3234
    1.3264
    1.3368
    1.3305
    1.3581
    1.3677
    1.3510
    1.3577
    1.3583
    1.3585
    1.3438
    1.3532
    1.3573
    1.3357
    1.3223
    1.3122
    1.3201
    1.2993
    1.2962
    1.2983
    1.2862
    1.2820
    1.2782
    1.2825
    1.2838
    1.2719
    1.2510
    1.2384
    1.2347
    1.2406
    1.2353
    1.2344
    1.2314
    1.2375
    1.2320
    1.2453
    1.2460
    1.2334
    1.2231
    1.2162
    1.2415
    1.2228
    1.2266
    1.2301
    1.2363
    1.2256
    1.2149
    1.2237
    1.2123
    1.2155
    1.2018
    1.2138
    1.2182
    1.2153
    1.2136
    1.2110
    1.2214
    1.2275
    1.2450
    1.2472
    1.2301
    1.2347
    1.2299
    1.2457
    1.2426
    1.2517
    1.2354
    1.2437
    1.2289
    1.2371
    1.2314
    1.2359
    1.2488
    1.2320
    1.2274
    1.2516
    1.2426
    1.2408
    1.2387
    1.2362
    1.2415
    1.2397
    1.2391
    1.2524
    1.2473
    1.2464
    1.2524
    1.2696
    1.2643
    1.2594
    1.2564
    1.2417
    1.2557
    1.2558
    1.2509
    1.2716
    1.2654
    1.2758
    1.2719
    1.2754
    1.2747
    1.2734
    1.2741
    1.2882
    1.2948
    1.2790
    1.2976
    1.2885
    1.3119
    1.3224
    1.3223
    1.3179
    1.3191
    1.2993
    1.2982
    1.3062
    1.3124
    1.3231
    1.3245
    1.3139
    1.3137
    1.2999
    1.3069
    1.2992
    1.3077
    1.3039
    1.3107
    1.3126
    1.3030
    1.3062
    1.3032
    1.3199
    1.3200
    1.3344
    1.3203
    1.3328
    1.3306
    1.3267
    1.3362
    1.3432
    1.3431
    1.3356
    1.3342
    1.3368
    1.3211
    1.3349
    1.3472
    1.3364
    1.3363
    1.3270
    1.3256
    1.3191
    1.3123
    1.3037
    1.2954
    1.2964
    1.3083
    1.3216
    1.3157
    1.3098
    1.3093
    1.3161
    1.3175
    1.3176
    1.3100
    1.3121
    1.3174
    1.3130
    1.3163
    1.3173
    1.3207
    1.3290
    1.3261
    1.3247
    1.3297
    1.3229
    1.3269
    1.3307
    1.3366
    1.3333
    1.3451
    1.3367
    1.3453
    1.3465
    1.3432
    1.3443
    1.3469
    1.3380
    1.3370
    1.3469
    1.3466
    1.3571
    1.3466
    1.3543
    1.3493
    1.3597
    1.3532
    1.3667
    1.3682
    1.3636
    1.3685
    1.3594
    1.3752
    1.3729
    1.3810
    1.3832
    1.3906
    1.3956
    1.3989
    1.3946
    1.4016
    1.4104
    1.4131
    1.4249
    1.4310
    1.4351
    1.4421
    1.4415
    1.4398
    1.4367
    1.4363
    1.4367
    1.4403
    1.4423
    1.4406
    1.4465
    1.4618
    1.4560
    1.4731
    1.4767
    1.4885
    1.4801
    1.4859
    1.4955
    1.4914
    1.4982
    1.4991
    1.4959
    1.4883
    1.4946
    1.4998
    1.5020
    1.5175
    1.5296
    1.5352
    1.5351
    1.5501
    1.5415
    1.5512
    1.5623
    1.5561
    1.5552
    1.5559
    1.5613
    1.5699
    1.5705
    1.5824
    1.5871
    1.5914
    1.5949
    1.6033
    1.6060
    1.6038
    1.6112
    1.6205
    1.6228
    1.6372
    1.6535
    1.6722
    1.6828
    1.6901
    1.7009
    1.7166
    1.7234
    1.7308
    1.7392
    1.7437
    1.7461
    1.7544
    1.7679
    1.7766
    1.7843
    1.7829
    1.7992
    1.8031
    1.8041
    1.8151
    1.8278
    1.8287
    1.8253
    1.8341
    1.8460
    1.8603
    1.8588
    1.8641
    1.8685
    1.8829
    1.8831
    1.8794
    1.8865
    1.8856
    1.8918
    1.9028
    1.9001
    1.9084
    1.9124
    1.9280
    1.9434
    1.9653
    1.9650
    1.9671
    1.9870
    1.9873
    1.9766
    1.9843
    1.9896
    1.9942
    1.9949
    2.0010
    2.0096
    2.0153
    2.0055
    2.0100
    2.0058
    2.0129
    2.0116
    2.0180
    2.0185
    2.0216
    2.0272
    2.0168
    2.0415
    2.0349
    2.0464
    2.0375
    2.0423
    2.0436
    2.0395
    2.0308
    2.0289
    2.0290
    2.0198
    2.0257
    2.0285
    2.0179
    2.0240
    2.0312
    2.0333
    2.0387
    2.0303
    2.0359
    2.0393
    2.0331
    2.0367
    2.0373
    2.0374
    2.0536
    2.0516
    2.0539
    2.0602
    2.0541
    2.0574
    2.0571
    2.0600
    2.0677
    2.0719
    2.0724
    2.0728
    2.0895
    2.0786
    2.0863
    2.0854
    2.0830
    2.0997
    2.0964
    2.0980
    2.0987
    2.0947
    2.1015
    2.1045
    2.1019
    2.1063
    2.1003
    2.1045
    2.1041
    2.1031
    2.1022
    2.1030
    2.1073
    2.1142
    2.1213
    2.1289
    2.1417
    2.1495
    2.1525
    2.1519
    2.1506
    2.1513
    2.1547
    2.1550
    2.1666
    2.1584
    2.1594
    2.1659
    2.1655
    2.1557
    2.1636
    2.1619
    2.1594
    2.1596
    2.1647
    2.1608
    2.1752
    2.1751
    2.1773
    2.1919
    2.1860
    2.1898
    2.1909
    2.1783
    2.1722
    2.1624
    2.1622
    2.1658
    2.1634
    2.1634
    2.1621
    2.1535
    2.1546
    2.1588
    2.1557
    2.1555
    2.1558
    2.1545
    2.1514
    2.1529
    2.1649
    2.1633
    2.1657
    2.1693
    2.1694
    2.1648
    2.1600
    2.1521
    2.1514
    2.1531
    2.1532
    2.1501
    2.1564
    2.1337
    2.1336
    2.1258
    2.1002
    2.0922
    2.0826
    2.0828
    2.0720
    2.0579
    2.0469
    2.0468
    2.0454
    2.0317
    2.0412
    2.0416
    2.0350
    2.0193
    2.0147
    2.0054
    2.0055
    2.0052
    2.0053
    1.9947
    1.9925
    1.9960
    1.9869
    1.9984
    1.9745
    1.9745
    1.9702
    1.9725
    1.9796
    1.9579
    1.9478
    1.9626
    1.9496
    1.9187
    1.9187
    1.9371
    1.9383
    1.9357
    1.9451
    1.9576
    1.9730
    1.9668
    1.9747
    1.9747
    1.9808
    1.9518
    1.9746
    1.9826
    1.9610
    1.9518
    1.9106
    1.9190
    1.8943
    1.8943
    1.8765
    1.8796
    1.8726
    1.8673
    1.8660
    1.8561
    1.8500
    1.8501
    1.8501
    1.8445
    1.8347
    1.8319
    1.8163
    1.8483
    1.8508
    1.8591
    1.8545
    1.8545
    1.8683
    1.8444
    1.8424
    1.8396
    1.8185
    1.7835
    1.8249
    1.7577
    1.7577
    1.7751
    1.7461
    1.7857
    1.8065
    1.7855
    1.7808
    1.8138
    1.8279
    1.8279
    1.8451
    1.8353
    1.8455
    1.8409
    1.8553
    1.8791
    1.9163
    1.8807
    1.8807
    1.8720
    1.8432
    1.8112
    1.8838
    1.8573
    1.8550
    1.9029
    1.8656
    1.8633
    1.8633
    1.9235
    1.8725
    1.8714
    1.8440
    1.8010
    1.8033
    1.8055
    1.8542
    1.8542
    1.8438
    1.8653
    1.8402
    1.7910
    1.8175
    1.7986
    1.7859
    1.7501
    1.7501
    1.7488
    1.7707
    1.7543
    1.7518
    1.8339
    1.7449
