   14.6367
   20.1567
    6.1250
    8.1924
    7.7007
    2.4343
    2.0914
    1.2898
    1.6107
    1.7339
    1.6207
    1.4496
    1.3801
    2.2088
    2.4851
    2.4462
    2.1469
    1.8952
    1.9229
    2.4076
    2.8380
    2.6711
    3.1001
    3.2029
    1.6090
    1.4408
    1.5997
    1.3811
    1.4877
    1.4071
    1.4543
    1.5672
    1.2939
    1.2131
    1.4212
    1.5223
    1.6199
    1.8374
    2.0359
    1.8861
    1.9422
    1.9817
    2.2040
    2.1583
    1.9174
    1.8376
    1.7395
    1.4323
    1.5530
    1.5170
    1.5298
    1.4723
    1.5107
    1.4420
    1.5024
    1.4835
    1.5023
    1.6818
    1.8748
    2.1526
    2.2346
    2.3328
    2.3904
    2.5752
    2.6520
    2.8781
    2.8794
    2.4596
    2.3627
    2.5650
    2.6053
    2.7326
    2.4642
    2.1532
    2.1795
    2.2155
    2.0813
    2.0842
    2.1732
    2.2012
    2.0677
    2.0811
    1.9836
    1.7869
    1.7242
    1.8049
    1.8726
    1.8118
    1.8479
    1.5469
    1.5897
    1.4991
    1.5697
    1.4580
    1.3477
    1.3208
    1.3265
    1.1950
    1.1857
    1.1309
    1.1683
    1.1733
    1.1204
    1.1396
    1.1431
    1.1599
    1.1209
    1.1308
    1.0714
    1.0829
    1.0510
    1.0060
    1.0384
    1.0859
    0.9819
    0.9931
    0.9339
    1.0147
    1.0239
    1.0771
    1.0604
    1.0666
    1.1083
    1.1391
    1.1332
    1.1345
    1.1059
    1.1113
    1.1352
    1.1432
    1.1876
    1.2160
    1.2176
    1.2045
    1.2503
    1.2351
    1.2803
    1.2946
    1.2767
    1.3086
    1.3408
    1.2897
    1.2677
    1.3007
    1.4213
    1.4449
    1.4468
    1.4685
    1.4516
    1.4417
    1.3628
    1.3542
    1.3619
    1.3252
    1.3170
    1.2965
    1.2843
    1.2708
    1.2487
    1.2225
    1.2067
    1.2282
    1.2256
    1.2241
    1.2667
    1.2467
    1.2404
    1.2472
    1.2519
    1.2762
    1.3019
    1.2595
    1.2648
    1.2852
    1.2874
    1.2647
    1.2722
    1.2849
    1.2772
    1.2555
    1.2594
    1.2463
    1.2346
    1.2403
    1.2145
    1.2387
    1.2316
    1.2570
    1.2364
    1.2749
    1.2844
    1.2897
    1.2616
    1.2754
    1.3113
    1.2839
    1.3121
    1.3251
    1.3314
    1.3636
    1.3780
    1.3852
    1.4077
    1.3986
    1.3941
    1.4053
    1.3871
    1.3448
    1.3370
    1.3414
    1.3690
    1.3753
    1.3757
    1.3439
    1.3258
    1.2960
    1.3238
    1.2879
    1.3086
    1.2989
    1.2766
    1.2730
    1.2544
    1.2482
    1.2475
    1.2313
    1.2823
    1.2980
    1.2882
    1.2892
    1.2744
    1.2864
    1.2984
    1.2541
    1.2611
    1.2335
    1.2523
    1.2792
    1.2644
    1.2211
    1.2159
    1.1966
    1.1954
    1.2230
    1.2353
    1.2567
    1.2496
    1.2307
    1.2081
    1.2069
    1.2055
    1.1917
    1.2061
    1.1914
    1.1822
    1.1555
    1.1502
    1.1540
    1.1574
    1.1516
    1.1668
    1.1892
    1.1862
    1.1825
    1.1541
    1.1639
    1.1406
    1.1456
    1.1389
    1.1576
    1.1715
    1.2005
    1.2054
    1.2280
    1.2385
    1.2339
    1.2472
    1.2501
    1.2602
    1.2630
    1.2567
    1.2806
    1.2902
    1.3127
    1.3110
    1.2809
    1.2791
    1.2867
    1.2999
    1.3031
    1.2918
    1.2647
    1.2572
    1.2654
    1.2910
    1.2819
    1.2855
    1.2702
    1.2525
    1.2554
    1.2693
    1.2985
    1.3011
    1.3360
    1.3515
    1.3728
    1.3485
    1.3539
    1.3267
    1.3507
    1.3872
    1.4062
    1.4257
    1.4565
    1.4537
    1.4371
    1.4654
    1.4580
    1.5125
    1.5306
    1.5382
    1.5362
    1.5843
    1.5890
    1.5912
    1.6238
    1.6434
    1.6375
    1.6444
    1.6679
    1.6552
    1.6548
    1.6679
    1.6942
    1.6864
    1.7161
    1.7194
    1.7301
    1.7385
    1.7149
    1.7106
    1.6906
    1.6895
    1.7019
    1.7192
    1.7054
    1.7046
    1.7139
    1.7444
    1.7530
    1.7723
    1.7765
    1.7914
    1.8033
    1.7830
    1.7717
    1.7677
    1.7623
    1.7730
    1.7954
    1.8021
    1.7892
    1.8065
    1.7737
    1.7706
    1.8299
    1.8257
    1.8378
    1.8638
    1.8805
    1.8713
    1.8707
    1.8634
    1.8832
    1.8885
    1.9205
    1.9355
    1.9506
    1.9716
    1.9715
    1.9469
    1.9648
    1.9403
    1.9417
    1.9319
    1.9065
    1.9063
    1.9034
    1.8750
    1.8663
    1.8198
    1.7992
    1.7452
    1.7635
    1.7200
    1.7140
    1.7223
    1.7409
    1.7485
    1.7489
    1.7119
    1.6933
    1.6841
    1.6838
    1.6857
    1.7045
    1.6554
    1.6606
    1.6365
    1.6060
    1.5720
    1.5671
    1.5603
    1.5508
    1.5594
    1.5189
    1.4977
    1.4780
    1.4480
    1.4315
    1.4379
    1.4339
    1.4182
    1.4276
    1.4304
    1.4380
    1.4451
    1.4767
    1.5026
    1.5183
    1.5139
    1.5091
    1.5004
    1.5013
    1.5000
    1.4937
    1.5001
    1.4839
    1.4641
    1.4538
    1.4445
    1.4382
    1.4393
    1.4391
    1.4419
    1.4469
    1.4502
    1.4709
    1.4726
    1.4762
    1.4849
    1.4816
    1.4819
    1.4877
    1.4905
    1.4983
    1.4974
    1.5056
    1.4987
    1.5020
    1.4889
    1.4787
    1.4870
    1.5071
    1.4845
    1.4929
    1.4962
    1.5074
    1.5034
    1.5098
    1.5051
    1.5029
    1.5025
    1.4858
    1.4900
    1.4871
    1.5021
    1.4814
    1.4760
    1.4809
    1.4884
    1.4997
    1.5013
    1.4901
    1.5061
    1.5147
    1.5225
    1.5277
    1.5427
    1.5718
    1.5535
    1.5661
    1.5789
    1.5908
    1.5948
    1.6115
    1.5966
    1.6196
    1.6354
    1.6305
    1.6390
    1.6432
    1.6423
    1.6675
    1.6782
    1.6845
    1.6960
    1.6938
    1.7001
    1.7015
    1.6924
    1.7157
    1.7291
    1.7271
    1.7497
    1.7578
    1.7653
    1.7845
    1.7900
    1.7944
    1.8046
    1.8004
    1.8044
    1.8089
    1.8174
    1.8222
    1.8319
    1.8597
    1.8931
    1.8852
    1.9098
    1.9073
    1.9372
    1.9462
    1.9565
    1.9689
    1.9658
    1.9621
    1.9340
    1.9183
    1.9033
    1.9187
    1.9016
    1.9021
    1.9204
    1.9437
    1.9380
    1.9073
    1.9301
    1.9137
    1.9224
    1.9448
    1.9499
    1.9748
    1.9883
    1.9991
    2.0195
    2.0197
    2.0186
    2.0397
    2.0595
    2.0628
    2.0812
    2.1043
    2.1026
    2.0979
    2.0911
    2.0787
    2.0808
    2.0990
    2.1019
    2.1306
    2.1334
    2.1211
    2.1287
    2.1444
    2.1659
    2.1646
    2.1783
    2.1763
    2.2060
    2.2366
    2.2515
    2.2412
    2.2836
    2.2760
    2.2763
    2.2984
    2.3217
    2.3370
    2.3693
    2.3906
    2.4065
    2.4238
    2.4350
    2.4481
    2.4685
    2.4719
    2.4886
    2.5041
    2.4865
    2.5239
    2.5457
    2.5740
    2.5714
    2.5842
    2.5986
    2.5962
    2.5873
    2.6030
    2.5911
    2.5991
    2.6239
    2.6532
    2.6710
    2.6689
    2.6898
    2.7153
    2.7413
    2.7681
    2.7557
    2.7556
    2.7559
    2.7661
    2.7789
    2.7955
    2.7991
    2.8125
    2.8230
    2.8379
    2.8438
    2.8299
    2.8236
    2.8330
    2.8261
    2.8000
    2.8362
    2.8339
    2.8362
    2.8496
    2.8517
    2.8531
    2.8528
    2.8766
    2.8648
    2.8616
    2.8921
    2.8763
    2.8766
    2.9057
    2.9232
    2.9400
    2.9481
    2.9645
    2.9687
    2.9676
    2.9626
    2.9773
    2.9946
    3.0008
    3.0262
    3.0283
    3.0273
    3.0501
    3.0443
    3.0182
    3.0269
    3.0173
    2.9861
    2.9763
    3.0178
    3.0329
    3.0377
    3.0437
    3.0139
    3.0128
    3.0046
    3.0430
    3.0366
    3.0635
    3.0725
    3.1102
    3.1140
    3.1558
    3.1686
    3.1082
    3.1075
    3.0701
    3.0917
    3.1118
    3.1056
    3.1122
    3.1348
    3.1109
    3.1080
    3.0980
    3.0898
    3.0580
    3.0708
    3.0704
    3.0501
    3.0332
    3.0014
    3.0335
    3.0262
    3.0214
    3.0031
    3.0281
    2.9810
    2.9805
    2.9970
    2.9936
    3.0205
    3.0126
    3.0198
    3.0052
    3.0140
    2.9981
    2.9253
    2.8942
    2.8759
    2.8777
    2.8924
    2.8780
    2.8709
    2.8661
    2.8494
    2.8600
    2.8670
    2.8888
    2.8879
    2.8832
    2.8818
    2.8712
    2.8558
    2.8548
    2.8448
    2.8396
    2.8308
    2.8276
    2.8238
    2.8127
    2.8209
    2.7909
    2.7534
    2.7497
    2.7144
    2.7106
    2.7049
    2.6900
    2.6790
    2.6612
    2.6612
    2.6553
    2.6536
    2.6447
    2.6405
    2.6411
    2.6169
    2.6237
    2.6151
    2.6059
    2.6075
    2.5994
    2.6038
    2.5963
    2.5919
    2.5885
    2.5878
    2.5775
    2.5550
    2.5288
    2.5208
    2.4969
    2.4692
    2.4534
    2.4389
    2.4271
    2.4214
    2.4265
    2.4133
    2.4149
    2.4200
    2.4134
    2.4119
    2.4065
    2.3989
    2.3924
    2.3846
    2.3809
    2.3714
    2.3651
    2.3421
    2.3294
    2.3181
    2.3209
    2.3214
    2.3179
    2.3180
    2.3235
    2.3371
    2.3240
    2.3156
    2.3148
    2.3132
    2.3073
    2.3055
    2.2957
    2.2906
    2.2850
    2.2753
    2.2763
    2.2674
    2.2609
    2.2431
    2.2439
    2.2473
    2.2445
    2.2368
    2.2212
    2.2100
    2.2069
    2.1983
    2.1921
    2.1896
    2.1885
    2.1899
    2.1941
    2.1811
    2.1786
    2.1715
    2.1710
    2.1650
    2.1596
    2.1591
    2.1616
    2.1573
    2.1521
    2.1517
    2.1505
    2.1536
    2.1683
    2.1721
    2.1727
    2.1638
    2.1394
    2.1241
    2.1135
    2.1098
    2.1131
    2.1105
    2.1125
    2.1127
    2.1042
    2.0940
    2.0942
    2.0785
    2.0778
    2.0624
    2.0425
    2.0415
    2.0412
    2.0356
    2.0372
    2.0508
    2.0408
    2.0610
    2.0416
    2.0407
    2.0526
    2.0525
    2.0338
    2.0366
    2.0347
    2.0332
    2.0131
    2.0178
    2.0141
    2.0226
    2.0228
    2.0004
    1.9956
    2.0020
    2.0032
    2.0234
    2.0124
    1.9867
    1.9733
    1.9686
    1.9685
    1.9684
    1.9422
    1.9642
    1.9392
    1.9350
    1.9024
    1.9054
    1.8891
    1.8889
    1.8993
    1.8897
    1.9077
    1.8966
    1.8963
    1.9196
    1.9460
    1.9518
    1.9519
    1.9612
    1.9655
    1.9636
    1.9683
    1.9669
    1.9691
    1.9930
    1.9728
    1.9728
    1.9541
    1.9316
    1.9185
    1.9024
    1.8755
    1.8532
    1.8573
    1.8567
    1.8567
    1.8485
    1.8493
    1.8348
    1.8435
    1.8523
    1.8461
    1.8321
    1.8277
    1.8277
    1.7990
    1.8192
    1.8007
    1.8234
    1.8058
    1.8555
    1.8476
    1.8393
    1.8502
    1.8502
    1.8465
    1.8629
    1.8606
    1.8565
    1.8687
    1.8374
    1.8328
    1.8431
    1.8431
    1.8076
    1.8490
    1.8066
    1.7744
    1.7877
    1.7764
    1.7770
    1.7694
    1.7694
    1.7312
    1.7315
    1.7445
    1.7582
    1.7377
    1.7358
    1.7511
    1.7756
    1.7756
    1.8134
    1.8400
    1.8724
    1.9278
    1.9758
    1.9445
    1.9402
    1.9180
    1.9180
    1.9221
    1.8822
    1.8848
    1.8554
    1.8408
    1.8411
    1.8313
    1.8193
    1.8193
    1.7883
    1.8033
    1.8226
    1.8640
    1.8810
    1.9073
    1.8843
    1.9625
    1.9567
    1.9567
    1.9459
    1.9894
    1.9784
    1.9563
    1.9772
    1.9674
    1.9163
    1.9271
    1.9271
    1.8689
    1.8751
    1.8702
    1.8478
    1.8478
    1.8713
    1.8829
    1.9642
    1.9642
    1.9427
    1.9479
    1.9901
    2.0244
    2.0055
    2.0344
