    1.0425
    1.4176
    2.1451
    1.8220
    5.6377
    1.6249
    4.6884
    2.4005
    1.8302
    1.6179
    2.2121
    1.9762
    2.2281
    1.1598
    1.5657
    1.3989
    2.4492
    1.7894
    1.9750
    2.6236
    2.5802
    2.5013
    3.0465
    3.4984
    2.3450
    2.1457
    1.3968
    1.2578
    1.2764
    1.3515
    1.2680
    1.2544
    1.1748
    1.2877
    1.5625
    1.5235
    1.6962
    1.5786
    1.4784
    1.6336
    1.3713
    1.4080
    1.4448
    1.3398
    1.4331
    1.4975
    1.4333
    1.4213
    1.6280
    1.7048
    1.9062
    2.5475
    2.7862
    3.0041
    2.4626
    2.1271
    1.7211
    1.4454
    1.4031
    1.3737
    1.4458
    1.3543
    1.3651
    1.3595
    1.3450
    1.3282
    1.3366
    1.3063
    1.3155
    1.3758
    1.5518
    1.7857
    1.8204
    1.7833
    1.7933
    1.7974
    1.7678
    1.8419
    1.7009
    1.8307
    1.8537
    1.8224
    1.8017
    1.6831
    1.8273
    1.8102
    1.7961
    1.7678
    1.6527
    1.5142
    1.4881
    1.5190
    1.4726
    1.4175
    1.4245
    1.4222
    1.3807
    1.3950
    1.4374
    1.3654
    1.3985
    1.4383
    1.4624
    1.4185
    1.4027
    1.4614
    1.3585
    1.3393
    1.3292
    1.2846
    1.2465
    1.2550
    1.3196
    1.2982
    1.3246
    1.3397
    1.3399
    1.3973
    1.3628
    1.3119
    1.2919
    1.3215
    1.3950
    1.3056
    1.2126
    1.2321
    1.1761
    1.1180
    1.1142
    1.0787
    1.0772
    1.0560
    1.0458
    1.0798
    1.1067
    1.0962
    1.0949
    1.0846
    1.1045
    1.1205
    1.1084
    1.0606
    1.0542
    1.0380
    1.0854
    1.0575
    1.1177
    1.1256
    1.1243
    1.1292
    1.1764
    1.1991
    1.2127
    1.1870
    1.1500
    1.1519
    1.1570
    1.2069
    1.2048
    1.1938
    1.2212
    1.2177
    1.1830
    1.1990
    1.1520
    1.2026
    1.2305
    1.2532
    1.2294
    1.1984
    1.2171
    1.2549
    1.2419
    1.2235
    1.2323
    1.2308
    1.2522
    1.2931
    1.3413
    1.3179
    1.3181
    1.2956
    1.3170
    1.3265
    1.2695
    1.2470
    1.2598
    1.2257
    1.2133
    1.2226
    1.2125
    1.1983
    1.2054
    1.2167
    1.2031
    1.2357
    1.2475
    1.2592
    1.2230
    1.1933
    1.2035
    1.1859
    1.1787
    1.1938
    1.2124
    1.1910
    1.1568
    1.2037
    1.1621
    1.1470
    1.1462
    1.1399
    1.1448
    1.1327
    1.1168
    1.0976
    1.0870
    1.1012
    1.0958
    1.0850
    1.0711
    1.0833
    1.0694
    1.0604
    1.0473
    1.0593
    1.0690
    1.0871
    1.1032
    1.1105
    1.0811
    1.0641
    1.0791
    1.0869
    1.1005
    1.1301
    1.1309
    1.1180
    1.1090
    1.0875
    1.0712
    1.0687
    1.0565
    1.0741
    1.0703
    1.0536
    1.0656
    1.0539
    1.0659
    1.0642
    1.0663
    1.1201
    1.1154
    1.1447
    1.1551
    1.1498
    1.1480
    1.1606
    1.1568
    1.1732
    1.1997
    1.1786
    1.1967
    1.2251
    1.2367
    1.2366
    1.2245
    1.2123
    1.1930
    1.2186
    1.2245
    1.2009
    1.2336
    1.2609
    1.2690
    1.2692
    1.2975
    1.2958
    1.3069
    1.2922
    1.3070
    1.3107
    1.3150
    1.3269
    1.3081
    1.3391
    1.3191
    1.3376
    1.3361
    1.3301
    1.3454
    1.3388
    1.3612
    1.3802
    1.3655
    1.3532
    1.3408
    1.3564
    1.3633
    1.3810
    1.3966
    1.4147
    1.4125
    1.4028
    1.3882
    1.3848
    1.3564
    1.3503
    1.3799
    1.4081
    1.4153
    1.4167
    1.4490
    1.4444
    1.4672
    1.4802
    1.4526
    1.4744
    1.4825
    1.4915
    1.4928
    1.4882
    1.4909
    1.5140
    1.5144
    1.5514
    1.6003
    1.5948
    1.6356
    1.6317
    1.6229
    1.6342
    1.6485
    1.6465
    1.6187
    1.6251
    1.6193
    1.6346
    1.6227
    1.6175
    1.6122
    1.6524
    1.6397
    1.6340
    1.6177
    1.6060
    1.6231
    1.6076
    1.5961
    1.5918
    1.5992
    1.6088
    1.6059
    1.5914
    1.5796
    1.6014
    1.6029
    1.5915
    1.6126
    1.6131
    1.6211
    1.6295
    1.6141
    1.6268
    1.6356
    1.6495
    1.6560
    1.6854
    1.6795
    1.6846
    1.6734
    1.6821
    1.6880
    1.6840
    1.6923
    1.6982
    1.6720
    1.7053
    1.7052
    1.7132
    1.7106
    1.7248
    1.7523
    1.7968
    1.7972
    1.8139
    1.8265
    1.8547
    1.8669
    1.8636
    1.8618
    1.8447
    1.8469
    1.8448
    1.8667
    1.8663
    1.8665
    1.9069
    1.9292
    1.9093
    1.9191
    1.9152
    1.9103
    1.9351
    1.9329
    1.9234
    1.9159
    1.9060
    1.9005
    1.8951
    1.9101
    1.8914
    1.8827
    1.8916
    1.8849
    1.9014
    1.9060
    1.9084
    1.9043
    1.9005
    1.9136
    1.9251
    1.9413
    1.9374
    1.9431
    1.9258
    1.9377
    1.9310
    1.9523
    1.9074
    1.9212
    1.9625
    1.9822
    1.9865
    2.0077
    2.0280
    2.0546
    2.0880
    2.0977
    2.0784
    2.0392
    2.0449
    2.0308
    2.0189
    2.0288
    2.0605
    2.0623
    2.0649
    2.0674
    2.0604
    2.0402
    2.0532
    2.0442
    2.0514
    2.0270
    1.9858
    1.9915
    1.9794
    1.9703
    1.9635
    1.9532
    1.9407
    1.9256
    1.9212
    1.8964
    1.8727
    1.8977
    1.9202
    1.9223
    1.9026
    1.9176
    1.9076
    1.8968
    1.8536
    1.8856
    1.8696
    1.8774
    1.8760
    1.8713
    1.8723
    1.8736
    1.8825
    1.8948
    1.8860
    1.8825
    1.8990
    1.9154
    1.9063
    1.8896
    1.8950
    1.8914
    1.8760
    1.9047
    1.9106
    1.8930
    1.9059
    1.8934
    1.8847
    1.8953
    1.8770
    1.8644
    1.8500
    1.8399
    1.8375
    1.8508
    1.8656
    1.8825
    1.8676
    1.8605
    1.8602
    1.8428
    1.8418
    1.8512
    1.8591
    1.8442
    1.8405
    1.8265
    1.8042
    1.7929
    1.7948
    1.8054
    1.8030
    1.8037
    1.8062
    1.8268
    1.8185
    1.8057
    1.8242
    1.8371
    1.8471
    1.8770
    1.8804
    1.8688
    1.8766
    1.8889
    1.8860
    1.9006
    1.8937
    1.8930
    1.8844
    1.8912
    1.9049
    1.8836
    1.8731
    1.8701
    1.8579
    1.8436
    1.8639
    1.8556
    1.8647
    1.8716
    1.8719
    1.8806
    1.8959
    1.8904
    1.9327
    1.9326
    1.9568
    1.9731
    1.9788
    1.9630
    1.9680
    1.9675
    1.9665
    1.9631
    1.9638
    1.9836
    2.0075
    2.0306
    2.0232
    2.0415
    2.0216
    2.0225
    2.0575
    2.0463
    2.0497
    2.0497
    2.0589
    2.0689
    2.1035
    2.1043
    2.1120
    2.1356
    2.1560
    2.1836
    2.1960
    2.1985
    2.2198
    2.2089
    2.1981
    2.2051
    2.2200
    2.2195
    2.2319
    2.2431
    2.2532
    2.2800
    2.3151
    2.3018
    2.3176
    2.3142
    2.3254
    2.3277
    2.3442
    2.3236
    2.3322
    2.3333
    2.3466
    2.3228
    2.3378
    2.3468
    2.3277
    2.3164
    2.3400
    2.3354
    2.3457
    2.3577
    2.3593
    2.3792
    2.3841
    2.3937
    2.3970
    2.4196
    2.4145
    2.4213
    2.4215
    2.4124
    2.4197
    2.4140
    2.4284
    2.4454
    2.4630
    2.4620
    2.4924
    2.4827
    2.4685
    2.4605
    2.4821
    2.5018
    2.5091
    2.5145
    2.5161
    2.5191
    2.5398
    2.5413
    2.5278
    2.5228
    2.5266
    2.5139
    2.5405
    2.5605
    2.5854
    2.5889
    2.6068
    2.5945
    2.6109
    2.6155
    2.6296
    2.6015
    2.5997
    2.5754
    2.5157
    2.5157
    2.5363
    2.5185
    2.4948
    2.4697
    2.4710
    2.4450
    2.4329
    2.4334
    2.4568
    2.4552
    2.4572
    2.4559
    2.4672
    2.4796
    2.4951
    2.5172
    2.5436
    2.5429
    2.5383
    2.5532
    2.5776
    2.5952
    2.5887
    2.6031
    2.5843
    2.5823
    2.5722
    2.5537
    2.5615
    2.5635
    2.5550
    2.5721
    2.5554
    2.5467
    2.5454
    2.5509
    2.5471
    2.5380
    2.5223
    2.5171
    2.5132
    2.4968
    2.4762
    2.4836
    2.4923
    2.5103
    2.5149
    2.5349
    2.5174
    2.5056
    2.4847
    2.4863
    2.4845
    2.4776
    2.4494
    2.4290
    2.4450
    2.4606
    2.4702
    2.4526
    2.4668
    2.4499
    2.4397
    2.4307
    2.4347
    2.4302
    2.4243
    2.4245
    2.4373
    2.4349
    2.4312
    2.4237
    2.4098
    2.3980
    2.4022
    2.4057
    2.3874
    2.3890
    2.3870
    2.3972
    2.4139
    2.4025
    2.3973
    2.4000
    2.4005
    2.3816
    2.3679
    2.3746
    2.3682
    2.3505
    2.3475
    2.3570
    2.3516
    2.3595
    2.3480
    2.3405
    2.3300
    2.3289
    2.3251
    2.3455
    2.3236
    2.3408
    2.3252
    2.3203
    2.3136
    2.3005
    2.2993
    2.3003
    2.2959
    2.3107
    2.3024
    2.3151
    2.3057
    2.3005
    2.2992
    2.2879
    2.2846
    2.2931
    2.2871
    2.2910
    2.2897
    2.2862
    2.2982
    2.2830
    2.2831
    2.2872
    2.2871
    2.2882
    2.2901
    2.2936
    2.2930
    2.2868
    2.2829
    2.2849
    2.2785
    2.2694
    2.2741
    2.2743
    2.2686
    2.2676
    2.2532
    2.2424
    2.2490
    2.2494
    2.2414
    2.2422
    2.2425
    2.2494
    2.2514
    2.2564
    2.2527
    2.2532
    2.2530
    2.2649
    2.2701
    2.2558
    2.2430
    2.2329
    2.2379
    2.2335
    2.2279
    2.2257
    2.2334
    2.2173
    2.2173
    2.2094
    2.2267
    2.2282
    2.2354
    2.2432
    2.2645
    2.2648
    2.2684
    2.2610
    2.2572
    2.2676
    2.2834
    2.2816
    2.2843
    2.2947
    2.2947
    2.2924
    2.2929
    2.2881
    2.2871
    2.2859
    2.2941
    2.2854
    2.2868
    2.2868
    2.2906
    2.2728
    2.2520
    2.2420
    2.2440
    2.2415
    2.2296
    2.2237
    2.2242
    2.2196
    2.2247
    2.2241
    2.2251
    2.2382
    2.2451
    2.2491
    2.2535
    2.2538
    2.2562
    2.2508
    2.2493
    2.2362
    2.2215
    2.2343
    2.2406
    2.2433
    2.2434
    2.2455
    2.2450
    2.2506
    2.2681
    2.2491
    2.2531
    2.2459
    2.2572
    2.2769
    2.2772
    2.2861
    2.2637
    2.2451
    2.2444
    2.2324
    2.2103
    2.2292
    2.2379
    2.2386
    2.2518
    2.2468
    2.2452
    2.2294
    2.2682
    2.2777
    2.2845
    2.2638
    2.2639
    2.2676
    2.2637
    2.2800
    2.2703
    2.2918
    2.3119
    2.3283
    2.3202
    2.3202
    2.3012
    2.3036
    2.3025
    2.2805
    2.2599
    2.2644
    2.2691
    2.2559
    2.2559
    2.2640
    2.2615
    2.2752
    2.2702
    2.2593
    2.2855
    2.2731
    2.2767
    2.2767
    2.2527
    2.2453
    2.2099
    2.2297
    2.2463
    2.2322
    2.2182
    2.2603
    2.2804
    2.2804
    2.2783
    2.2541
    2.2915
    2.3197
    2.3039
    2.2883
    2.2806
    2.2548
    2.2548
    2.2827
    2.2979
    2.3315
    2.3100
    2.3154
    2.3425
    2.2939
    2.3615
    2.3615
    2.2972
    2.3347
    2.3889
    2.4001
    2.3831
    2.4416
    2.4541
    2.4792
    2.4792
    2.4824
    2.4507
    2.4714
    2.4139
    2.4891
    2.4699
    2.4422
    2.4503
    2.4503
    2.4506
    2.4814
    2.4150
    2.4305
    2.3608
    2.3290
    2.3487
    2.3657
    2.3657
    2.2789
    2.3540
    2.4096
    2.3714
    2.4038
    2.3544
    2.3534
    2.3402
    2.2971
    2.2971
    2.3175
    2.2834
    2.2240
    2.1870
    2.2646
    2.3195
    2.3190
    2.3896
    2.3896
    2.3642
    2.4221
    2.4351
    2.4480
    2.4455
    2.3636
    2.3588
    2.4383
    2.4383
    2.4304
    2.3839
    2.4718
    2.4323
    2.4866
    2.4249
