    0.4540
    0.4333
    0.8225
    0.4295
    0.4214
    0.9375
    0.9941
    0.6510
    0.5103
    0.4685
    0.6946
    0.8446
    1.7891
    1.9456
    2.2479
    1.4605
    1.8944
    2.5690
    2.1972
    2.3978
    2.2463
    1.9364
    1.8117
    1.6705
    1.6814
    1.5920
    1.3307
    1.2694
    0.7047
    0.6900
    0.5545
    0.5859
    0.5667
    0.5329
    0.6115
    0.7498
    0.8235
    0.9029
    0.7680
    0.6838
    0.7625
    0.6654
    0.6892
    0.6316
    0.8059
    0.8635
    0.7486
    0.7450
    0.6758
    0.7772
    0.7080
    0.7797
    0.8178
    0.7514
    0.7208
    0.8519
    0.7901
    0.8001
    0.8971
    0.9368
    1.0190
    1.2451
    1.0236
    1.1542
    1.0949
    1.0910
    1.1362
    1.2409
    1.1962
    1.0581
    1.0787
    1.1131
    1.1013
    1.0507
    0.9994
    0.9594
    0.9852
    0.8669
    0.9174
    0.9001
    1.0104
    0.9385
    0.9447
    0.9169
    0.9511
    0.9904
    1.0016
    1.1128
    1.1983
    1.1816
    1.1691
    1.2376
    1.2811
    1.3655
    1.4518
    1.5261
    1.4655
    1.6561
    1.8606
    1.8856
    1.8525
    1.8608
    1.8915
    2.1432
    2.1819
    2.2515
    2.2576
    2.2071
    2.3585
    2.2715
    2.2252
    2.1941
    2.0877
    2.1128
    2.0724
    1.8959
    1.8381
    1.8500
    1.7562
    1.6525
    1.6408
    1.7409
    1.7359
    1.7260
    1.5819
    1.5258
    1.5450
    1.5458
    1.6060
    1.5941
    1.5045
    1.4941
    1.4830
    1.4388
    1.3853
    1.3921
    1.3877
    1.4181
    1.5545
    1.6942
    1.6612
    1.7402
    1.6910
    1.6307
    1.6630
    1.7373
    1.7556
    1.7822
    1.8842
    1.9072
    2.0482
    2.2130
    2.2029
    2.2868
    2.2467
    2.2578
    2.2101
    2.2922
    2.3086
    2.4157
    2.4644
    2.4122
    2.4878
    2.4499
    2.4934
    2.5551
    2.6656
    2.7883
    2.8364
    2.9536
    2.9934
    3.1099
    3.0923
    3.1594
    3.2597
    3.2637
    3.2442
    3.4278
    3.4608
    3.6780
    3.7489
    3.6379
    3.4426
    3.4228
    3.3912
    3.3966
    3.1962
    2.6549
    2.5355
    2.3666
    2.2406
    2.2055
    2.2823
    2.1896
    2.2193
    2.1517
    2.2047
    2.1769
    2.0888
    2.0104
    1.8828
    1.8785
    1.9246
    1.8979
    1.8948
    1.9739
    1.9853
    1.9554
    2.0001
    1.9816
    1.9749
    1.9594
    2.0057
    1.9469
    1.9081
    1.8839
    1.9133
    1.8893
    1.8603
    1.8595
    1.8462
    1.8545
    1.7859
    1.7108
    1.6566
    1.6171
    1.5938
    1.5772
    1.5784
    1.6011
    1.6306
    1.6066
    1.5935
    1.5501
    1.5648
    1.6008
    1.6350
    1.6813
    1.7060
    1.6969
    1.6841
    1.6961
    1.6392
    1.6502
    1.6328
    1.6210
    1.6032
    1.6298
    1.6282
    1.6254
    1.6744
    1.7385
    1.8184
    1.8354
    1.7995
    1.8265
    1.8170
    1.8226
    1.8247
    1.7247
    1.7015
    1.6927
    1.6598
    1.6689
    1.6879
    1.7082
    1.7080
    1.6718
    1.6471
    1.6846
    1.7048
    1.7098
    1.6549
    1.6564
    1.6482
    1.6566
    1.6407
    1.6556
    1.6442
    1.6158
    1.6287
    1.6682
    1.6892
    1.6934
    1.6755
    1.6809
    1.6932
    1.6796
    1.6734
    1.6501
    1.6592
    1.7069
    1.6896
    1.7057
    1.7310
    1.7823
    1.7849
    1.8221
    1.8431
    1.8312
    1.8064
    1.8360
    1.8364
    1.8750
    1.8683
    1.8513
    1.8399
    1.8357
    1.8119
    1.8649
    1.8736
    1.8641
    1.8124
    1.7636
    1.7538
    1.7145
    1.7066
    1.6958
    1.6759
    1.6526
    1.6388
    1.5966
    1.5931
    1.5867
    1.5746
    1.5641
    1.5480
    1.5472
    1.5468
    1.5477
    1.5654
    1.5377
    1.5099
    1.4847
    1.4521
    1.4237
    1.4256
    1.4185
    1.3973
    1.3906
    1.3759
    1.3718
    1.3544
    1.3763
    1.3858
    1.3864
    1.3386
    1.3500
    1.3444
    1.3334
    1.2979
    1.2820
    1.2874
    1.3069
    1.2966
    1.3089
    1.3091
    1.3004
    1.3053
    1.2968
    1.2819
    1.2731
    1.2845
    1.2765
    1.2645
    1.2357
    1.2546
    1.2367
    1.2451
    1.2266
    1.2263
    1.2297
    1.2055
    1.2078
    1.1963
    1.1985
    1.1796
    1.1649
    1.1547
    1.1728
    1.1647
    1.1554
    1.1585
    1.1731
    1.1710
    1.1700
    1.1852
    1.1928
    1.2071
    1.1993
    1.1829
    1.1715
    1.1708
    1.1780
    1.1789
    1.1705
    1.1762
    1.1913
    1.1561
    1.1474
    1.1414
    1.1514
    1.1767
    1.1797
    1.1687
    1.1621
    1.1487
    1.1547
    1.1599
    1.1474
    1.1506
    1.1523
    1.1394
    1.1436
    1.1122
    1.0991
    1.1112
    1.1280
    1.1266
    1.1226
    1.1069
    1.0945
    1.0808
    1.0719
    1.0580
    1.0598
    1.0629
    1.0616
    1.0782
    1.0737
    1.0827
    1.0934
    1.0836
    1.0641
    1.0657
    1.0731
    1.0823
    1.0788
    1.0790
    1.0769
    1.0471
    1.0498
    1.0550
    1.0625
    1.0630
    1.0639
    1.0698
    1.0547
    1.0653
    1.0752
    1.0576
    1.0309
    1.0202
    1.0106
    1.0051
    0.9924
    0.9739
    0.9604
    0.9591
    0.9594
    0.9603
    0.9418
    0.9376
    0.9432
    0.9370
    0.9258
    0.9196
    0.9253
    0.9284
    0.9099
    0.9054
    0.9068
    0.9183
    0.9057
    0.9108
    0.9110
    0.9087
    0.9112
    0.9103
    0.9088
    0.9077
    0.9034
    0.8972
    0.8895
    0.8872
    0.8896
    0.8914
    0.8892
    0.8830
    0.8753
    0.8632
    0.8655
    0.8752
    0.8757
    0.8659
    0.8605
    0.8572
    0.8476
    0.8461
    0.8484
    0.8370
    0.8515
    0.8517
    0.8489
    0.8490
    0.8394
    0.8291
    0.8143
    0.8120
    0.8147
    0.8140
    0.8181
    0.8192
    0.8186
    0.8177
    0.8172
    0.8100
    0.8050
    0.7989
    0.8021
    0.7997
    0.8056
    0.8006
    0.8013
    0.7888
    0.7827
    0.7748
    0.7697
    0.7742
    0.7840
    0.7849
    0.7865
    0.7994
    0.8044
    0.8029
    0.8018
    0.8015
    0.7962
    0.7895
    0.7738
    0.7784
    0.7786
    0.7664
    0.7601
    0.7519
    0.7571
    0.7560
    0.7491
    0.7416
    0.7398
    0.7415
    0.7380
    0.7296
    0.7254
    0.7293
    0.7294
    0.7314
    0.7249
    0.7138
    0.7063
    0.6971
    0.6853
    0.6769
    0.6827
    0.6759
    0.6708
    0.6636
    0.6733
    0.6717
    0.6817
    0.6849
    0.6920
    0.6938
    0.6973
    0.7018
    0.7041
    0.7075
    0.7103
    0.7110
    0.7069
    0.7110
    0.7124
    0.7032
    0.6923
    0.6913
    0.6934
    0.6966
    0.7123
    0.7110
    0.7036
    0.6987
    0.7062
    0.7118
    0.7043
    0.6993
    0.6990
    0.7011
    0.6997
    0.6980
    0.6966
    0.6991
    0.6969
    0.6936
    0.6917
    0.7052
    0.7137
    0.7137
    0.7103
    0.7108
    0.7101
    0.7152
    0.7135
    0.7163
    0.7178
    0.7169
    0.7200
    0.7225
    0.7246
    0.7249
    0.7256
    0.7223
    0.7270
    0.7472
    0.7520
    0.7652
    0.7732
    0.7847
    0.7918
    0.7973
    0.8043
    0.8228
    0.8278
    0.8365
    0.8344
    0.8351
    0.8417
    0.8586
    0.8610
    0.8664
    0.8769
    0.8696
    0.8650
    0.8625
    0.8668
    0.8619
    0.8605
    0.8572
    0.8664
    0.8596
    0.8529
    0.8565
    0.8598
    0.8655
    0.8741
    0.8755
    0.8844
    0.8887
    0.8845
    0.8919
    0.8955
    0.8999
    0.9190
    0.9217
    0.9271
    0.9355
    0.9338
    0.9255
    0.9248
    0.9181
    0.9152
    0.9136
    0.9149
    0.9143
    0.9187
    0.9199
    0.9221
    0.9336
    0.9355
    0.9287
    0.9401
    0.9546
    0.9543
    0.9577
    0.9619
    0.9581
    0.9661
    0.9572
    0.9544
    0.9590
    0.9522
    0.9536
    0.9637
    0.9675
    0.9648
    0.9715
    0.9860
    0.9853
    0.9895
    0.9951
    0.9902
    1.0063
    1.0076
    0.9947
    1.0010
    1.0097
    1.0040
    1.0116
    1.0246
    1.0297
    1.0252
    1.0327
    1.0366
    1.0415
    1.0436
    1.0370
    1.0358
    1.0461
    1.0508
    1.0536
    1.0518
    1.0503
    1.0544
    1.0569
    1.0637
    1.0677
    1.0680
    1.0738
    1.0643
    1.0619
    1.0644
    1.0636
    1.0624
    1.0650
    1.0664
    1.0862
    1.0895
    1.0930
    1.0869
    1.0818
    1.0734
    1.0703
    1.0756
    1.0750
    1.0803
    1.0840
    1.0781
    1.0669
    1.0649
    1.0582
    1.0546
    1.0551
    1.0478
    1.0406
    1.0425
    1.0417
    1.0422
    1.0409
    1.0362
    1.0353
    1.0315
    1.0283
    1.0231
    1.0139
    1.0035
    0.9979
    0.9999
    0.9956
    1.0001
    0.9974
    0.9938
    0.9924
    0.9930
    0.9889
    0.9874
    0.9938
    0.9968
    0.9965
    0.9997
    1.0041
    1.0062
    1.0056
    1.0015
    1.0125
    1.0098
    0.9954
    0.9908
    0.9796
    0.9691
    0.9714
    0.9651
    0.9599
    0.9531
    0.9524
    0.9435
    0.9368
    0.9290
    0.9217
    0.9202
    0.9234
    0.9231
    0.9145
    0.9130
    0.9035
    0.9045
    0.9013
    0.8927
    0.8934
    0.8981
    0.9054
    0.9090
    0.9120
    0.9150
    0.9109
    0.9112
    0.9164
    0.9164
    0.9107
    0.9130
    0.9175
    0.9144
    0.9143
    0.9119
    0.9094
    0.9131
    0.9137
    0.9151
    0.9064
    0.9041
    0.9090
    0.9077
    0.9032
    0.9022
    0.8967
    0.8934
    0.8940
    0.8925
    0.8826
    0.8811
    0.8821
    0.8802
    0.8831
    0.8951
    0.9006
    0.9002
    0.8978
    0.8982
    0.8983
    0.8981
    0.8968
    0.8948
    0.8910
    0.8856
    0.8857
    0.8818
    0.8825
    0.8917
    0.8861
    0.8808
    0.8755
    0.8723
    0.8759
    0.8763
    0.8787
    0.8819
    0.8792
    0.8831
    0.8865
    0.8786
    0.8825
    0.8822
    0.8824
    0.8726
    0.8741
    0.8794
    0.8725
    0.8756
    0.8684
    0.8680
    0.8731
    0.8732
    0.8732
    0.8770
    0.8608
    0.8603
    0.8673
    0.8788
    0.8829
    0.8884
    0.8968
    0.8971
    0.8989
    0.8960
    0.8924
    0.8967
    0.8985
    0.8873
    0.8835
    0.8784
    0.8793
    0.8796
    0.8892
    0.8930
    0.8817
    0.8847
    0.8936
    0.8800
    0.8872
    0.8874
    0.8907
    0.8772
    0.8779
    0.8786
    0.8689
    0.8703
    0.8678
    0.8666
    0.8666
    0.8793
    0.8844
    0.8865
    0.8882
    0.8867
    0.8843
    0.8779
    0.8655
    0.8655
    0.8524
    0.8542
    0.8490
    0.8579
    0.8654
    0.8636
    0.8686
    0.8582
    0.8582
    0.8559
    0.8357
    0.8419
    0.8413
    0.8458
    0.8622
    0.8687
    0.8870
    0.9002
    0.9002
    0.8963
    0.9101
    0.9165
    0.9403
    0.9381
    0.9313
    0.9313
    0.9324
    0.9324
    0.9402
    0.9440
    0.9681
    0.9646
    0.9765
    0.9834
    0.9986
    1.0272
    1.0272
    1.0538
    1.0590
    1.0716
    1.0671
    1.0449
    1.0300
    1.0531
    1.0558
    1.0558
    1.0655
    1.0678
    1.0708
    1.0405
    1.0235
    1.0240
    1.0263
    1.0208
    1.0208
    0.9962
    0.9809
    0.9808
    0.9692
    0.9471
    0.9429
    0.9340
    0.9516
    0.9516
    0.9640
    0.9723
    0.9741
    0.9545
    0.9766
    0.9992
    1.0086
    0.9990
    1.0202
    1.0202
    1.0375
    1.0279
    1.0275
    1.0180
    1.0394
    1.0440
    1.0556
    1.0681
    1.0681
    1.0965
    1.0879
    1.1342
    1.1546
    1.1576
    1.1720
    1.1614
    1.1746
    1.1746
    1.1655
    1.1508
    1.1521
    1.1769
    1.1720
    1.1772
