    4.5095
    4.8423
    4.5529
    1.6043
    3.4313
   21.8652
    4.7940
    6.2744
    2.2821
    2.1569
    1.6924
    1.7251
    1.4330
    1.3480
    0.8294
    0.6935
    0.4329
    0.5567
    0.5004
    0.4616
    0.3668
    0.5373
    0.6278
    0.6731
    0.9514
    1.0839
    1.1140
    1.0744
    1.1791
    1.3443
    1.1867
    1.1053
    0.8856
    0.9594
    0.9228
    1.0883
    1.0823
    0.9988
    1.0251
    1.0637
    1.1531
    1.2103
    1.2542
    1.2873
    1.0102
    0.9797
    1.0165
    1.1605
    1.2572
    1.1350
    1.2091
    1.1936
    1.2479
    1.1225
    1.1696
    1.1791
    1.1682
    1.2716
    1.2671
    1.1937
    1.1009
    1.1077
    1.0126
    0.8772
    0.8849
    0.9301
    1.0152
    1.0071
    0.9994
    1.0070
    1.1214
    1.2135
    1.2019
    1.4822
    1.4484
    1.4625
    1.4172
    1.2820
    1.4365
    1.5337
    1.5859
    1.8330
    1.7883
    1.8759
    1.8575
    2.0350
    2.0564
    2.1480
    2.0128
    2.1043
    2.1085
    2.0435
    1.9771
    1.6480
    1.6174
    1.5740
    1.6342
    1.7507
    1.6255
    1.6063
    1.4965
    1.5915
    1.6680
    1.5730
    1.5670
    1.5894
    1.4316
    1.4284
    1.3283
    1.2858
    1.2953
    1.3000
    1.2537
    1.2429
    1.2876
    1.3216
    1.2772
    1.3367
    1.3383
    1.3399
    1.3322
    1.3638
    1.3188
    1.3186
    1.3739
    1.3979
    1.4603
    1.4742
    1.5103
    1.4469
    1.5040
    1.5476
    1.4854
    1.4795
    1.5874
    1.5651
    1.7231
    1.7357
    1.8161
    1.8365
    1.8596
    1.9398
    1.9196
    1.8725
    1.7891
    1.7715
    1.7601
    1.7743
    1.7168
    1.7300
    1.6961
    1.8169
    1.7793
    1.8547
    2.0075
    2.1200
    2.0611
    2.0912
    2.1018
    2.0138
    2.0004
    1.9899
    2.0863
    2.1388
    2.1520
    2.1936
    2.1704
    2.2394
    2.3323
    2.4734
    2.4902
    2.7505
    2.7880
    2.7886
    2.7682
    2.9239
    2.9876
    2.9194
    2.9703
    2.9287
    2.9847
    2.9730
    2.9403
    2.8999
    2.8588
    2.9389
    3.0217
    3.1093
    3.1572
    3.2304
    3.2386
    3.2314
    3.2479
    3.1028
    2.9865
    3.0600
    3.0150
    3.1112
    3.0887
    2.9943
    3.1180
    3.0813
    3.0650
    2.9720
    2.8563
    2.8414
    2.7906
    2.7092
    2.7494
    2.7495
    2.6535
    2.6461
    2.5489
    2.5426
    2.4838
    2.4515
    2.3292
    2.2752
    2.2873
    2.3045
    2.3214
    2.2764
    2.3291
    2.3642
    2.3145
    2.2080
    2.1530
    2.0904
    2.0628
    2.0230
    2.0075
    2.0098
    2.0140
    1.9789
    1.9580
    1.9678
    1.8886
    1.8926
    1.8962
    1.8814
    1.8684
    1.8916
    1.8670
    1.8972
    1.9076
    1.8122
    1.7988
    1.8083
    1.8110
    1.7442
    1.7384
    1.7370
    1.6880
    1.6822
    1.6817
    1.6720
    1.6854
    1.6973
    1.7316
    1.7657
    1.7890
    1.8438
    1.8179
    1.8189
    1.8297
    1.8031
    1.8260
    1.8015
    1.8324
    1.7900
    1.8157
    1.7942
    1.8657
    1.8701
    1.9027
    1.8853
    1.8687
    1.8141
    1.8264
    1.8291
    1.7446
    1.7250
    1.7239
    1.7621
    1.7894
    1.7990
    1.7988
    1.8262
    1.8516
    1.9131
    1.9074
    1.9125
    1.9262
    1.9668
    1.9788
    1.9822
    1.9885
    2.0116
    2.0558
    2.0494
    2.0346
    2.0332
    2.0128
    2.0121
    1.9762
    1.9654
    1.9604
    1.9497
    1.9609
    2.0485
    2.0247
    2.0059
    1.9928
    1.9787
    2.0290
    2.0005
    2.0072
    2.0194
    1.9608
    1.9890
    1.9619
    1.9144
    1.9490
    1.9113
    1.9157
    1.8557
    1.8010
    1.7963
    1.7586
    1.7559
    1.7635
    1.7351
    1.7179
    1.7324
    1.7854
    1.7504
    1.7410
    1.7159
    1.7205
    1.7175
    1.7594
    1.7531
    1.7407
    1.6897
    1.6902
    1.6542
    1.6410
    1.6318
    1.6250
    1.6450
    1.6614
    1.5972
    1.5482
    1.5810
    1.5686
    1.5481
    1.5292
    1.5096
    1.4617
    1.5121
    1.4826
    1.4956
    1.4776
    1.4519
    1.4124
    1.4263
    1.4131
    1.3990
    1.3797
    1.3219
    1.3017
    1.2722
    1.2614
    1.2530
    1.2297
    1.2494
    1.2420
    1.2349
    1.2499
    1.2362
    1.2423
    1.2462
    1.2375
    1.2417
    1.2429
    1.2560
    1.2449
    1.2350
    1.2159
    1.1784
    1.1663
    1.1638
    1.1647
    1.1564
    1.1476
    1.1471
    1.1087
    1.1222
    1.1359
    1.1485
    1.1400
    1.1439
    1.1198
    1.1102
    1.1167
    1.1468
    1.1485
    1.1614
    1.1809
    1.1830
    1.1935
    1.1956
    1.1943
    1.1819
    1.1711
    1.1633
    1.1494
    1.1528
    1.1458
    1.1375
    1.1099
    1.1186
    1.0997
    1.0917
    1.1135
    1.1063
    1.0983
    1.0952
    1.0779
    1.0593
    1.0683
    1.0707
    1.0627
    1.0782
    1.0983
    1.0927
    1.0990
    1.1079
    1.1057
    1.1077
    1.1051
    1.1086
    1.1159
    1.1249
    1.1307
    1.1208
    1.1249
    1.1347
    1.1486
    1.1504
    1.1455
    1.1525
    1.1474
    1.1336
    1.1404
    1.1465
    1.1374
    1.1344
    1.1237
    1.1203
    1.1185
    1.1265
    1.1166
    1.1199
    1.1241
    1.1285
    1.1399
    1.1455
    1.1536
    1.1443
    1.1447
    1.1508
    1.1437
    1.1234
    1.1184
    1.1127
    1.1146
    1.1011
    1.1084
    1.1105
    1.1206
    1.1176
    1.1021
    1.1028
    1.0980
    1.0962
    1.0858
    1.0878
    1.0821
    1.0777
    1.0831
    1.0783
    1.0777
    1.0778
    1.0784
    1.0817
    1.0865
    1.0925
    1.0881
    1.1079
    1.1021
    1.0825
    1.0680
    1.0703
    1.0676
    1.0773
    1.0901
    1.1061
    1.1115
    1.1161
    1.1123
    1.0894
    1.0862
    1.0909
    1.0661
    1.0515
    1.0564
    1.0461
    1.0353
    1.0420
    1.0435
    1.0444
    1.0403
    1.0470
    1.0511
    1.0568
    1.0554
    1.0575
    1.0652
    1.0835
    1.0709
    1.0668
    1.0726
    1.0693
    1.0774
    1.0753
    1.0760
    1.0755
    1.0752
    1.0653
    1.0594
    1.0740
    1.0670
    1.0742
    1.0724
    1.0766
    1.0582
    1.0261
    1.0233
    1.0214
    1.0184
    1.0143
    1.0058
    0.9831
    0.9699
    0.9694
    0.9514
    0.9451
    0.9388
    0.9332
    0.9347
    0.9323
    0.9369
    0.9420
    0.9470
    0.9346
    0.9339
    0.9433
    0.9479
    0.9478
    0.9489
    0.9511
    0.9577
    0.9504
    0.9540
    0.9500
    0.9457
    0.9522
    0.9633
    0.9661
    0.9594
    0.9518
    0.9571
    0.9497
    0.9482
    0.9500
    0.9556
    0.9606
    0.9644
    0.9669
    0.9729
    0.9818
    0.9682
    0.9678
    0.9673
    0.9663
    0.9711
    0.9741
    0.9695
    0.9736
    0.9577
    0.9609
    0.9586
    0.9557
    0.9579
    0.9418
    0.9436
    0.9485
    0.9546
    0.9580
    0.9521
    0.9669
    0.9706
    0.9771
    0.9769
    0.9947
    1.0009
    1.0133
    1.0313
    1.0357
    1.0458
    1.0564
    1.0642
    1.0622
    1.0662
    1.0748
    1.0800
    1.0824
    1.0830
    1.0845
    1.0775
    1.0802
    1.0753
    1.0828
    1.0781
    1.0744
    1.0967
    1.0883
    1.0867
    1.0831
    1.0817
    1.0741
    1.0745
    1.0695
    1.0780
    1.0760
    1.0759
    1.0836
    1.0905
    1.0903
    1.0937
    1.0976
    1.1049
    1.1146
    1.1194
    1.1180
    1.1175
    1.1284
    1.1269
    1.1209
    1.1204
    1.1132
    1.1159
    1.1178
    1.1061
    1.1005
    1.0878
    1.0880
    1.0919
    1.1023
    1.1074
    1.1099
    1.1078
    1.0947
    1.0890
    1.0887
    1.0944
    1.0866
    1.0798
    1.0835
    1.0834
    1.0928
    1.0975
    1.0919
    1.0815
    1.0889
    1.0959
    1.0969
    1.0953
    1.1107
    1.1140
    1.1102
    1.1136
    1.1138
    1.1111
    1.1225
    1.1237
    1.1376
    1.1474
    1.1372
    1.1516
    1.1596
    1.1546
    1.1605
    1.1691
    1.1670
    1.1581
    1.1550
    1.1487
    1.1393
    1.1457
    1.1269
    1.1375
    1.1337
    1.1382
    1.1408
    1.1281
    1.1327
    1.1288
    1.1323
    1.1345
    1.1292
    1.1372
    1.1234
    1.1207
    1.1228
    1.1304
    1.1214
    1.1291
    1.1301
    1.1300
    1.1305
    1.1342
    1.1341
    1.1340
    1.1316
    1.1279
    1.1217
    1.1213
    1.1225
    1.1139
    1.1231
    1.1349
    1.1346
    1.1311
    1.1183
    1.1177
    1.1240
    1.1207
    1.1237
    1.1206
    1.1266
    1.1314
    1.1285
    1.1380
    1.1252
    1.1286
    1.1305
    1.1243
    1.1152
    1.1203
    1.1275
    1.1306
    1.1379
    1.1367
    1.1423
    1.1400
    1.1383
    1.1493
    1.1529
    1.1452
    1.1384
    1.1484
    1.1505
    1.1490
    1.1367
    1.1398
    1.1380
    1.1246
    1.1257
    1.1307
    1.1215
    1.1244
    1.1098
    1.1029
    1.1013
    1.0985
    1.0937
    1.0973
    1.0952
    1.0939
    1.0932
    1.0957
    1.0910
    1.0933
    1.0936
    1.0987
    1.0965
    1.0927
    1.0935
    1.0986
    1.0908
    1.0777
    1.0812
    1.0790
    1.0834
    1.0852
    1.0900
    1.0971
    1.0971
    1.0988
    1.0999
    1.1003
    1.1009
    1.0980
    1.0967
    1.0966
    1.0945
    1.0989
    1.0944
    1.0900
    1.0901
    1.0822
    1.0813
    1.0814
    1.0725
    1.0674
    1.0738
    1.0696
    1.0673
    1.0733
    1.0731
    1.0760
    1.0754
    1.0746
    1.0687
    1.0686
    1.0817
    1.0831
    1.0905
    1.0894
    1.0902
    1.0845
    1.0847
    1.0793
    1.0772
    1.0773
    1.0824
    1.0844
    1.0888
    1.0925
    1.0843
    1.0845
    1.0878
    1.0873
    1.0956
    1.0959
    1.1017
    1.0956
    1.0899
    1.0947
    1.0946
    1.1015
    1.0926
    1.0882
    1.0814
    1.0798
    1.0882
    1.0818
    1.0782
    1.0780
    1.0862
    1.0842
    1.0844
    1.0885
    1.0868
    1.0811
    1.0790
    1.0861
    1.0860
    1.0869
    1.0969
    1.0856
    1.0855
    1.0886
    1.0920
    1.0872
    1.0844
    1.0868
    1.0867
    1.0999
    1.1053
    1.1080
    1.1178
    1.1018
    1.1121
    1.1254
    1.1216
    1.1212
    1.1288
    1.1210
    1.1202
    1.1384
    1.1273
    1.1285
    1.1287
    1.1262
    1.1260
    1.1239
    1.1346
    1.1228
    1.1468
    1.1519
    1.1584
    1.1616
    1.1545
    1.1545
    1.1648
    1.1473
    1.1451
    1.1475
    1.1524
    1.1536
    1.1541
    1.1581
    1.1581
    1.1546
    1.1616
    1.1668
    1.1896
    1.1827
    1.1809
    1.1871
    1.1565
    1.1565
    1.1265
    1.0971
    1.1093
    1.1038
    1.1261
    1.1375
    1.1206
    1.1403
    1.1365
    1.1365
    1.1362
    1.1387
    1.1178
    1.1070
    1.1188
    1.1080
    1.1301
    1.1585
    1.1585
    1.1596
    1.1720
    1.1851
    1.2046
    1.1845
    1.1528
    1.1431
    1.1308
    1.1308
    1.1266
    1.1066
    1.1263
    1.1221
    1.1342
    1.1176
    1.0997
    1.0857
    1.0857
    1.1068
    1.0760
    1.0461
    1.0612
    1.0677
    1.0811
    1.0504
    1.0177
    1.0177
    1.0386
    1.0306
    1.0332
    1.0544
    1.0141
    1.0353
    1.0581
    1.0626
    1.0626
    1.0867
    1.0810
    1.0777
    1.0490
    1.0346
    1.0161
    1.0023
    1.0048
    1.0182
    1.0182
    1.0556
    1.1132
    1.1024
    1.0931
    1.1192
    1.1022
    1.1065
    1.1291
    1.1291
    1.1077
    1.1069
    1.1395
    1.1319
    1.1474
    1.1149
    1.0858
    1.0677
    1.0677
    1.0735
    1.0619
    1.0282
    1.0029
    0.9920
    0.9989
