    1.0150
    0.9762
    0.8068
    1.5068
    1.5762
    0.9008
    0.6703
    1.2285
    1.4064
    2.0827
    1.5866
    1.3096
    1.0635
    1.0511
    1.0787
    0.6662
    1.1235
    1.3010
    1.2589
    1.4609
    1.1636
    1.0855
    0.7562
    0.7084
    1.1254
    1.0052
    0.8086
    0.7898
    0.8235
    0.8513
    0.8064
    0.8652
    1.0186
    1.0252
    1.0400
    1.1068
    1.0641
    1.0192
    1.0008
    0.9424
    0.8965
    0.8497
    0.8838
    0.9388
    0.9257
    0.9668
    1.0400
    1.1071
    1.0979
    1.1029
    1.1041
    1.1507
    1.1684
    1.2387
    1.2521
    1.3359
    1.4242
    1.5140
    1.6929
    2.0078
    2.2354
    2.5788
    2.9529
    3.9358
    3.8805
    3.6399
    3.8102
    3.6589
    3.4439
    3.1865
    3.0308
    2.7443
    2.4533
    2.3632
    2.2367
    2.0138
    1.9105
    1.8467
    1.7857
    1.6169
    1.4852
    1.4327
    1.4514
    1.4766
    1.4116
    1.3429
    1.2955
    1.3028
    1.3138
    1.3900
    1.4154
    1.4501
    1.4750
    1.4847
    1.4874
    1.5549
    1.5199
    1.5615
    1.5883
    1.6137
    1.6552
    1.7290
    1.8543
    1.9637
    2.0144
    1.8804
    1.7479
    1.7444
    1.7434
    1.7758
    1.7757
    1.6928
    1.5487
    1.5259
    1.4756
    1.4491
    1.4016
    1.3836
    1.3871
    1.3810
    1.3572
    1.3739
    1.3717
    1.3473
    1.3350
    1.3065
    1.3164
    1.3409
    1.3474
    1.2694
    1.2631
    1.2501
    1.2397
    1.2911
    1.2862
    1.2938
    1.3226
    1.3556
    1.3550
    1.3652
    1.3843
    1.4293
    1.4169
    1.4501
    1.5067
    1.4914
    1.4182
    1.4098
    1.3623
    1.3072
    1.2697
    1.2157
    1.2014
    1.1726
    1.1288
    1.1365
    1.1362
    1.1189
    1.1551
    1.1290
    1.1026
    1.1144
    1.1530
    1.1675
    1.1641
    1.1533
    1.1585
    1.1713
    1.1606
    1.1611
    1.1632
    1.1625
    1.1545
    1.1560
    1.1626
    1.1594
    1.1260
    1.1213
    1.1211
    1.1270
    1.1831
    1.1440
    1.1715
    1.1850
    1.2126
    1.2597
    1.2453
    1.2777
    1.3295
    1.3512
    1.3540
    1.3436
    1.3514
    1.3587
    1.3364
    1.2977
    1.2711
    1.2593
    1.2972
    1.2445
    1.2372
    1.2317
    1.2316
    1.2404
    1.2687
    1.2809
    1.2821
    1.2869
    1.3036
    1.3164
    1.3142
    1.3188
    1.3528
    1.3561
    1.3452
    1.3329
    1.3425
    1.3206
    1.2961
    1.2364
    1.2276
    1.2107
    1.2043
    1.1962
    1.1725
    1.1655
    1.1638
    1.1302
    1.1010
    1.1009
    1.0928
    1.0899
    1.0750
    1.0429
    1.0317
    1.0396
    1.0255
    1.0116
    1.0061
    0.9817
    0.9952
    1.0050
    1.0031
    1.0247
    1.0600
    1.0712
    1.0961
    1.0949
    1.1172
    1.1139
    1.0792
    1.1222
    1.1553
    1.2036
    1.2289
    1.2714
    1.3299
    1.4386
    1.4895
    1.5077
    1.5046
    1.4798
    1.4487
    1.4218
    1.3973
    1.3775
    1.3490
    1.3207
    1.3059
    1.2742
    1.2616
    1.2500
    1.2274
    1.2195
    1.2026
    1.1963
    1.1936
    1.1696
    1.1678
    1.1662
    1.1648
    1.1585
    1.1584
    1.1579
    1.1589
    1.1419
    1.1311
    1.1209
    1.1151
    1.0968
    1.0630
    1.0368
    1.0000
    0.9098
    0.8489
    0.7799
    0.6704
    0.6335
    0.6246
    0.6198
    0.6166
    0.6141
    0.6110
    0.6094
    0.6080
    0.6070
    0.6052
    0.6049
    0.6045
    0.6043
    0.6022
    0.6018
    0.6011
    0.5993
    0.5981
    0.5977
    0.5963
    0.5947
    0.5921
    0.5890
    0.5889
    0.5858
    0.5809
    0.5751
    0.5509
    0.5316
    0.5211
    0.5159
    0.5150
    0.5158
    0.5157
    0.5158
    0.5161
    0.5163
    0.5162
    0.5177
    0.5185
    0.5181
    0.5177
    0.5205
    0.5197
    0.5208
    0.5217
    0.5231
    0.5231
    0.5248
    0.5265
    0.5283
    0.5301
    0.5306
    0.5313
    0.5341
    0.5354
    0.5370
    0.5386
    0.5402
    0.5400
    0.5398
    0.5395
    0.5412
    0.5416
    0.5435
    0.5454
    0.5452
    0.5456
    0.5471
    0.5477
    0.5485
    0.5490
    0.5507
    0.5541
    0.5577
    0.5637
    0.5931
    0.6323
    0.6304
    0.6522
    0.6718
    0.6848
    0.6965
    0.7159
    0.7248
    0.7413
    0.7427
    0.7458
    0.7521
    0.7625
    0.7645
    0.7703
    0.7734
    0.7819
    0.7919
    0.8059
    0.8204
    0.8310
    0.8535
    0.8692
    0.8881
    0.8970
    0.9030
    0.9215
    0.9301
    0.9390
    0.9518
    0.9555
    0.9603
    0.9563
    0.9710
    0.9845
    0.9914
    1.0045
    1.0248
    1.0239
    1.0255
    1.0061
    1.0148
    1.0036
    1.0011
    1.0159
    1.0238
    1.0353
    1.0411
    1.0663
    1.0908
    1.1016
    1.1126
    1.1256
    1.1223
    1.1338
    1.1464
    1.1447
    1.1569
    1.1568
    1.1628
    1.1750
    1.1788
    1.1973
    1.2036
    1.2116
    1.2103
    1.2236
    1.2301
    1.2292
    1.2354
    1.2334
    1.2461
    1.2434
    1.2283
    1.2352
    1.2430
    1.2425
    1.2425
    1.2527
    1.2369
    1.2484
    1.2403
    1.2457
    1.2350
    1.2233
    1.2221
    1.2250
    1.2284
    1.2364
    1.2449
    1.2544
    1.2393
    1.2364
    1.2331
    1.2253
    1.2295
    1.2221
    1.2221
    1.2187
    1.2124
    1.2064
    1.1991
    1.1964
    1.2064
    1.2290
    1.2325
    1.2472
    1.2511
    1.2795
    1.2995
    1.3019
    1.3073
    1.3123
    1.3182
    1.3322
    1.3391
    1.3494
    1.3487
    1.3569
    1.3422
    1.3324
    1.3352
    1.3305
    1.3232
    1.3252
    1.3116
    1.3096
    1.2889
    1.2861
    1.2715
    1.2711
    1.2660
    1.2436
    1.2389
    1.2320
    1.2185
    1.2203
    1.2340
    1.2212
    1.2211
    1.2124
    1.1876
    1.1774
    1.1694
    1.1631
    1.1620
    1.1797
    1.1919
    1.1980
    1.1898
    1.1889
    1.1963
    1.1968
    1.1823
    1.1799
    1.1677
    1.1615
    1.1773
    1.1731
    1.1711
    1.1594
    1.1542
    1.1601
    1.1638
    1.1617
    1.1635
    1.1634
    1.1628
    1.1619
    1.1488
    1.1360
    1.1253
    1.1184
    1.1197
    1.1026
    1.1082
    1.1098
    1.0966
    1.0861
    1.0670
    1.0645
    1.0570
    1.0499
    1.0478
    1.0438
    1.0540
    1.0565
    1.0560
    1.0601
    1.0691
    1.0663
    1.0623
    1.0643
    1.0676
    1.0725
    1.0739
    1.0580
    1.0552
    1.0554
    1.0613
    1.0623
    1.0673
    1.0720
    1.0779
    1.0859
    1.0837
    1.0865
    1.0873
    1.0838
    1.0745
    1.0737
    1.0820
    1.0881
    1.0896
    1.0954
    1.0953
    1.0998
    1.0915
    1.0863
    1.0514
    1.0444
    1.0472
    1.0433
    1.0435
    1.0420
    1.0512
    1.0527
    1.0528
    1.0513
    1.0481
    1.0487
    1.0541
    1.0574
    1.0515
    1.0476
    1.0481
    1.0515
    1.0552
    1.0466
    1.0464
    1.0486
    1.0465
    1.0478
    1.0507
    1.0434
    1.0440
    1.0507
    1.0607
    1.0600
    1.0676
    1.0673
    1.0713
    1.0725
    1.0655
    1.0462
    1.0477
    1.0472
    1.0422
    1.0402
    1.0377
    1.0348
    1.0313
    1.0342
    1.0277
    1.0284
    1.0333
    1.0340
    1.0357
    1.0359
    1.0337
    1.0304
    1.0279
    1.0210
    1.0224
    1.0281
    1.0294
    1.0242
    1.0261
    1.0276
    1.0254
    1.0251
    1.0205
    1.0156
    1.0164
    1.0030
    1.0017
    0.9919
    0.9926
    0.9855
    0.9855
    0.9889
    0.9897
    0.9906
    0.9898
    0.9871
    0.9781
    0.9756
    0.9691
    0.9696
    0.9715
    0.9669
    0.9586
    0.9544
    0.9463
    0.9391
    0.9337
    0.9344
    0.9309
    0.9219
    0.9187
    0.9199
    0.9133
    0.9190
    0.9159
    0.9173
    0.9192
    0.9177
    0.9217
    0.9200
    0.9146
    0.9142
    0.9197
    0.9221
    0.9321
    0.9318
    0.9336
    0.9271
    0.9291
    0.9243
    0.9250
    0.9216
    0.9227
    0.9231
    0.9239
    0.9222
    0.9185
    0.9171
    0.9176
    0.9282
    0.9278
    0.9319
    0.9318
    0.9259
    0.9293
    0.9355
    0.9424
    0.9464
    0.9440
    0.9428
    0.9447
    0.9459
    0.9457
    0.9458
    0.9479
    0.9489
    0.9483
    0.9504
    0.9496
    0.9508
    0.9523
    0.9561
    0.9567
    0.9590
    0.9646
    0.9684
    0.9738
    0.9743
    0.9754
    0.9761
    0.9874
    0.9922
    1.0019
    1.0092
    1.0322
    1.0382
    1.0365
    1.0437
    1.0493
    1.0523
    1.0565
    1.0620
    1.0644
    1.0740
    1.0773
    1.0838
    1.0921
    1.0986
    1.0991
    1.1051
    1.1074
    1.1089
    1.1163
    1.1187
    1.1254
    1.1258
    1.1242
    1.1266
    1.1295
    1.1334
    1.1394
    1.1391
    1.1449
    1.1468
    1.1470
    1.1537
    1.1549
    1.1635
    1.1660
    1.1662
    1.1678
    1.1739
    1.1757
    1.1744
    1.1753
    1.1800
    1.1844
    1.1885
    1.1966
    1.2018
    1.2089
    1.2110
    1.2209
    1.2277
    1.2298
    1.2339
    1.2380
    1.2446
    1.2468
    1.2520
    1.2625
    1.2701
    1.2692
    1.2715
    1.2732
    1.2778
    1.2820
    1.2845
    1.2882
    1.2900
    1.2921
    1.2993
    1.3018
    1.3025
    1.3027
    1.3099
    1.3162
    1.3176
    1.3188
    1.3231
    1.3265
    1.3290
    1.3332
    1.3327
    1.3389
    1.3392
    1.3491
    1.3512
    1.3635
    1.3661
    1.3675
    1.3683
    1.3782
    1.3810
    1.3826
    1.3838
    1.3879
    1.3887
    1.3953
    1.4020
    1.4021
    1.4093
    1.4068
    1.4166
    1.4162
    1.4207
    1.4293
    1.4374
    1.4412
    1.4410
    1.4560
    1.4555
    1.4672
    1.4764
    1.4781
    1.4826
    1.4950
    1.5012
    1.5010
    1.5058
    1.5221
    1.5264
    1.5269
    1.5353
    1.5382
    1.5365
    1.5395
    1.5394
    1.5468
    1.5488
    1.5536
    1.5589
    1.5759
    1.5752
    1.5758
    1.5759
    1.5757
    1.5788
    1.5801
    1.5970
    1.5988
    1.6135
    1.6220
    1.6267
    1.6344
    1.6419
    1.6417
    1.6399
    1.6387
    1.6417
    1.6559
    1.6668
    1.6696
    1.6851
    1.6776
    1.6769
    1.6769
    1.6776
    1.6941
    1.7138
    1.7107
    1.7215
    1.7263
    1.7191
    1.7188
    1.7210
    1.7308
    1.7471
    1.7428
    1.7489
    1.7541
    1.7518
    1.7609
    1.7609
    1.7537
    1.7524
    1.7626
    1.7770
    1.7872
    1.7929
    1.8008
    1.8057
    1.8057
    1.8084
    1.8222
    1.8216
    1.8088
    1.7985
    1.7943
    1.7909
    1.8007
    1.8007
    1.8026
    1.8005
    1.7898
    1.7815
    1.7697
    1.7659
    1.7728
    1.7837
    1.7969
    1.7969
    1.7999
    1.8031
    1.8095
    1.8016
    1.8107
    1.8094
    1.8225
    1.8266
    1.8266
    1.8373
    1.8183
    1.8239
    1.8349
    1.8372
    1.8459
    1.8305
    1.8349
    1.8349
    1.8435
    1.8339
    1.8308
    1.8321
    1.8241
    1.8216
    1.8451
    1.8422
    1.8422
    1.8616
    1.8880
    1.8705
    1.8832
    1.8803
    1.8703
    1.8860
    1.8848
    1.8848
    1.8659
    1.8808
    1.8611
    1.8509
    1.8500
    1.8584
    1.8535
    1.8532
    1.8532
    1.8508
    1.8591
    1.8554
    1.8538
    1.8468
    1.8483
    1.8623
    1.8682
    1.8819
    1.8819
    1.8671
    1.8642
    1.8501
    1.8154
    1.8038
    1.8205
    1.8301
    1.8296
    1.8296
    1.8323
    1.8227
    1.8011
    1.7945
    1.7688
    1.7549
    1.7558
    1.7525
    1.7525
    1.7484
    1.7051
    1.7049
    1.7099
    1.6795
    1.6975
