    2.3692
    2.2197
    3.1017
    1.4875
    2.5148
    3.0625
    1.0946
    0.9727
    1.2310
    1.0681
    1.0040
    1.1546
    1.3924
    1.9551
    1.4937
    1.4393
    1.4143
    1.8386
    1.8733
    1.8539
    1.8197
    1.2682
    0.9029
    0.8953
    1.1765
    1.1459
    1.4749
    1.5725
    1.9396
    2.0421
    2.1641
    2.0685
    2.3469
    2.3762
    2.4634
    2.7238
    2.8544
    3.0458
    2.8663
    3.0667
    3.6632
    4.0286
    4.3246
    4.2638
    4.3370
    4.5388
    5.3064
    6.8668
    9.5918
   10.5884
   11.1756
    9.7877
    9.9969
    8.8650
    8.1332
    7.8046
    7.3110
    7.2053
    6.8404
    6.8224
    6.7814
    6.5477
    6.4480
    6.3477
    6.5877
    7.2815
    7.1425
    7.4591
    7.3946
    8.0578
    8.3089
    7.6793
    8.2648
    7.2485
    7.4761
    7.0983
    6.6487
    6.7176
    6.4374
    6.4453
    5.7920
    5.6392
    5.4566
    5.1842
    5.1625
    5.0692
    4.7683
    4.7056
    4.5319
    4.3873
    4.5783
    4.2730
    4.1719
    4.1674
    3.9922
    3.9675
    4.0660
    4.2861
    4.2895
    4.1672
    4.1931
    4.0332
    3.8603
    3.8629
    3.6768
    3.4267
    2.9551
    2.9143
    2.8596
    2.7603
    2.7321
    2.6063
    2.6360
    2.6408
    2.4291
    2.4747
    2.4842
    2.4610
    2.5044
    2.4625
    2.4044
    2.3066
    2.2757
    2.1402
    2.1672
    2.1840
    2.1467
    2.2042
    2.2116
    2.2250
    2.1727
    2.2581
    2.3413
    2.5417
    2.5306
    2.5581
    2.6692
    2.7186
    2.9419
    2.8658
    3.0549
    3.0388
    3.0088
    3.0879
    3.0084
    3.0712
    3.0794
    3.0934
    3.0348
    3.0713
    3.1680
    3.0355
    3.0768
    2.9216
    2.7772
    2.6648
    2.5677
    2.4966
    2.3507
    2.2166
    2.0522
    2.0418
    2.0026
    1.8809
    1.7356
    1.6729
    1.6207
    1.5670
    1.4979
    1.4949
    1.4765
    1.5301
    1.6149
    1.7292
    1.8146
    1.8208
    1.8904
    1.9118
    1.9287
    1.9697
    2.0223
    1.9906
    1.9855
    1.8950
    1.9038
    1.9343
    1.9038
    1.9953
    1.9623
    2.0008
    2.0758
    2.0740
    2.0700
    2.1247
    2.1506
    2.2406
    2.2968
    2.3895
    2.4422
    2.4646
    2.5189
    2.5284
    2.5538
    2.6160
    2.6116
    2.6486
    2.7133
    2.7721
    2.8238
    2.8623
    2.8740
    2.9243
    3.0251
    3.0741
    3.1330
    3.1264
    3.0681
    3.0554
    2.9070
    2.8704
    2.8190
    2.8259
    2.8160
    2.7594
    2.7669
    2.7499
    2.7775
    2.7544
    2.7805
    2.7843
    2.7696
    2.8573
    2.8258
    2.7706
    2.7819
    2.7957
    2.6760
    2.6985
    2.7012
    2.6643
    2.6237
    2.6252
    2.6372
    2.6030
    2.5311
    2.5003
    2.4682
    2.4657
    2.4133
    2.3550
    2.3213
    2.3268
    2.2970
    2.2636
    2.2823
    2.2223
    2.2225
    2.2252
    2.2107
    2.1896
    2.1540
    2.1564
    2.1437
    2.1519
    2.1306
    2.1325
    2.1315
    2.0721
    2.0423
    1.9948
    1.9583
    1.9568
    1.9843
    1.9317
    1.9394
    1.9429
    1.9460
    1.9130
    1.9297
    1.8592
    1.8065
    1.8316
    1.7938
    1.7810
    1.7731
    1.7328
    1.6970
    1.6849
    1.6830
    1.6583
    1.6591
    1.6656
    1.6740
    1.6565
    1.6589
    1.6643
    1.6426
    1.6403
    1.6418
    1.6346
    1.6336
    1.6167
    1.6173
    1.6041
    1.6068
    1.6122
    1.5890
    1.5941
    1.6383
    1.6321
    1.6562
    1.6436
    1.6327
    1.6263
    1.6245
    1.6056
    1.6030
    1.6461
    1.6594
    1.6833
    1.6918
    1.6817
    1.7123
    1.7284
    1.7440
    1.7236
    1.7471
    1.7604
    1.7826
    1.7770
    1.7987
    1.7912
    1.7710
    1.7979
    1.8255
    1.8105
    1.8492
    1.8374
    1.8483
    1.8462
    1.8439
    1.8300
    1.8218
    1.8343
    1.8224
    1.8330
    1.8939
    1.9036
    1.9071
    1.9006
    1.8869
    1.8987
    1.9326
    1.9490
    1.9462
    1.9680
    1.9782
    1.9818
    2.0092
    2.0197
    2.0167
    2.0109
    2.0288
    1.9737
    2.0253
    2.0532
    2.0590
    2.0612
    2.0733
    2.0780
    2.0797
    2.1001
    2.0964
    2.0853
    2.1143
    2.1411
    2.1232
    2.1208
    2.0827
    2.0770
    2.0311
    2.0359
    2.0361
    1.9991
    1.9926
    1.9923
    2.0039
    2.0032
    1.9712
    1.9681
    1.9595
    1.9570
    1.9794
    1.9929
    2.0061
    1.9941
    2.0132
    2.0126
    1.9867
    1.9498
    1.9459
    1.9472
    1.9273
    1.9214
    1.9300
    1.9247
    1.9143
    1.8879
    1.8847
    1.9117
    1.9056
    1.9188
    1.9067
    1.8990
    1.8622
    1.8557
    1.8203
    1.8289
    1.8252
    1.8030
    1.8101
    1.8193
    1.8066
    1.7999
    1.7917
    1.8018
    1.7866
    1.7780
    1.7692
    1.7675
    1.7549
    1.7648
    1.7803
    1.7828
    1.7778
    1.7686
    1.7327
    1.7108
    1.7221
    1.7066
    1.7205
    1.7464
    1.7468
    1.7234
    1.7318
    1.7171
    1.7081
    1.7210
    1.7168
    1.6938
    1.7003
    1.6901
    1.7004
    1.7062
    1.7183
    1.7301
    1.7437
    1.7618
    1.7528
    1.7223
    1.7061
    1.6993
    1.6824
    1.6816
    1.6825
    1.6984
    1.6966
    1.6810
    1.6719
    1.6862
    1.6973
    1.7065
    1.7082
    1.7001
    1.7007
    1.6932
    1.7040
    1.7044
    1.6976
    1.7179
    1.6946
    1.6922
    1.6804
    1.6756
    1.6595
    1.6614
    1.6718
    1.6585
    1.6582
    1.6720
    1.6623
    1.6592
    1.6568
    1.6191
    1.6200
    1.6236
    1.6225
    1.6163
    1.6080
    1.5873
    1.5861
    1.5819
    1.5746
    1.5662
    1.5682
    1.5569
    1.5634
    1.5541
    1.5647
    1.5636
    1.5540
    1.5539
    1.5514
    1.5568
    1.5457
    1.5498
    1.5438
    1.5458
    1.5466
    1.5497
    1.5505
    1.5537
    1.5810
    1.5872
    1.5801
    1.5842
    1.5790
    1.5637
    1.5624
    1.5438
    1.5418
    1.5262
    1.5335
    1.5577
    1.5602
    1.5676
    1.5683
    1.5735
    1.5857
    1.6003
    1.5727
    1.5963
    1.5982
    1.5664
    1.5744
    1.5883
    1.5738
    1.5810
    1.5896
    1.5767
    1.5689
    1.5809
    1.5751
    1.5808
    1.5802
    1.5553
    1.5412
    1.5321
    1.5430
    1.5456
    1.5414
    1.5440
    1.5590
    1.5484
    1.5626
    1.5721
    1.6000
    1.5980
    1.5932
    1.6110
    1.6112
    1.6070
    1.5985
    1.6049
    1.5978
    1.5996
    1.6066
    1.6019
    1.6032
    1.5951
    1.6021
    1.6058
    1.6162
    1.6286
    1.6154
    1.6301
    1.6314
    1.6436
    1.6519
    1.6551
    1.6505
    1.6327
    1.6242
    1.6141
    1.6085
    1.6056
    1.5902
    1.6004
    1.6095
    1.6184
    1.6047
    1.6135
    1.6271
    1.6398
    1.6447
    1.6425
    1.6413
    1.6482
    1.6650
    1.6712
    1.6899
    1.6952
    1.6947
    1.6912
    1.6918
    1.6905
    1.6870
    1.6855
    1.6869
    1.6992
    1.7066
    1.7179
    1.7321
    1.7439
    1.7438
    1.7386
    1.7456
    1.7622
    1.7566
    1.7437
    1.7616
    1.7727
    1.7843
    1.7948
    1.7927
    1.7907
    1.7712
    1.7706
    1.7630
    1.7720
    1.7762
    1.7702
    1.7750
    1.7739
    1.7694
    1.7732
    1.7742
    1.7843
    1.7859
    1.7966
    1.8063
    1.8009
    1.7831
    1.8038
    1.8063
    1.8056
    1.7978
    1.8140
    1.8030
    1.8177
    1.8212
    1.8238
    1.8207
    1.8233
    1.8478
    1.8484
    1.8547
    1.8679
    1.8593
    1.8430
    1.8518
    1.8575
    1.8325
    1.8397
    1.8418
    1.8471
    1.8592
    1.8481
    1.8530
    1.8413
    1.8230
    1.8477
    1.8555
    1.8681
    1.8872
    1.8981
    1.8914
    1.8898
    1.9032
    1.8979
    1.9065
    1.9062
    1.9255
    1.9307
    1.9026
    1.8903
    1.8910
    1.8838
    1.8742
    1.8666
    1.8753
    1.8847
    1.8841
    1.8755
    1.8804
    1.8758
    1.8838
    1.8917
    1.8830
    1.8848
    1.8700
    1.8473
    1.8478
    1.8341
    1.8282
    1.8169
    1.8192
    1.8033
    1.8156
    1.8139
    1.8178
    1.8385
    1.8245
    1.8252
    1.8233
    1.8371
    1.8528
    1.8741
    1.8690
    1.8822
    1.9115
    1.9026
    1.9121
    1.9228
    1.9062
    1.9085
    1.9158
    1.9072
    1.9122
    1.9099
    1.8885
    1.8754
    1.8712
    1.8912
    1.8973
    1.8950
    1.8785
    1.8964
    1.8790
    1.8854
    1.8874
    1.8609
    1.8450
    1.8304
    1.8324
    1.8452
    1.8591
    1.8636
    1.8663
    1.8844
    1.8871
    1.8856
    1.8967
    1.9116
    1.9156
    1.9153
    1.9106
    1.9099
    1.9002
    1.9000
    1.9052
    1.9117
    1.9042
    1.9062
    1.9043
    1.9224
    1.9441
    1.9434
    1.9590
    1.9652
    1.9661
    1.9667
    1.9731
    1.9753
    1.9736
    1.9759
    1.9756
    1.9693
    1.9746
    1.9828
    1.9853
    1.9962
    2.0061
    2.0208
    2.0044
    2.0075
    2.0118
    2.0170
    2.0166
    2.0174
    2.0181
    2.0395
    2.0414
    2.0443
    2.0449
    2.0451
    2.0434
    2.0467
    2.0606
    2.0552
    2.0589
    2.0624
    2.0722
    2.0695
    2.0724
    2.0723
    2.0753
    2.0776
    2.0769
    2.0767
    2.0818
    2.0940
    2.0923
    2.0841
    2.0878
    2.0873
    2.0906
    2.1013
    2.0890
    2.0982
    2.0916
    2.0917
    2.0970
    2.0993
    2.0999
    2.1044
    2.1067
    2.1009
    2.1044
    2.1060
    2.1010
    2.1083
    2.1160
    2.1162
    2.1230
    2.1255
    2.1221
    2.1351
    2.1332
    2.1292
    2.1280
    2.1229
    2.1226
    2.1359
    2.1349
    2.1331
    2.1435
    2.1594
    2.1561
    2.1435
    2.1362
    2.1363
    2.1353
    2.1384
    2.1269
    2.1268
    2.1294
    2.1227
    2.1327
    2.1253
    2.1253
    2.1244
    2.1177
    2.1216
    2.1336
    2.1503
    2.1631
    2.1635
    2.1739
    2.1740
    2.1845
    2.1979
    2.2050
    2.2022
    2.2123
    2.2138
    2.2227
    2.2194
    2.2275
    2.2275
    2.2265
    2.2243
    2.2322
    2.2335
    2.2385
    2.2663
    2.2916
    2.2918
    2.2919
    2.2988
    2.3113
    2.3336
    2.3429
    2.3592
    2.3648
    2.3539
    2.3565
    2.3565
    2.3653
    2.3438
    2.3731
    2.3827
    2.3935
    2.3723
    2.3420
    2.3595
    2.3595
    2.3316
    2.3493
    2.3351
    2.3010
    2.3173
    2.3059
    2.2899
    2.3006
    2.3006
    2.3296
    2.3212
    2.3238
    2.3349
    2.3319
    2.3368
    2.3859
    2.4234
    2.4234
    2.4429
    2.4147
    2.4168
    2.4153
    2.4521
    2.5200
    2.4895
    2.5641
    2.5617
    2.5617
    2.5960
    2.6976
    2.7302
    2.8277
    2.8989
    2.8924
    2.8416
    2.8279
    2.8279
    2.8221
    2.8069
    2.7942
    2.7680
    2.7736
    2.7927
    2.7598
    2.7368
    2.7368
    2.7508
    2.7647
    2.8043
    2.8694
    2.8496
    2.9228
    2.9383
    2.9329
    2.9329
    2.9266
    2.9857
    3.0302
    3.0733
    3.0438
    3.0144
    2.9073
    2.9603
    2.9603
    2.8823
    2.8537
    2.8452
    2.8637
    2.8572
    2.9439
    2.9276
    2.9233
    2.9233
    2.8843
    2.9409
    3.0777
    3.0596
    2.9717
    2.9341
    2.8684
    2.8762
    2.8519
    2.8519
    2.8516
    3.0549
    3.0123
    2.8981
    2.8417
    2.8746
    2.9989
    2.9782
    2.9782
    3.1699
    3.1301
    3.1054
    3.0648
    3.1838
    3.1937
    3.2625
    3.1581
    3.1581
    3.1059
    3.0360
    3.1725
    3.3107
    3.3108
    3.2778
