    5.2288
    4.6845
    2.3849
    1.4785
    1.8467
    0.9552
    0.6448
    2.9055
    1.9714
    1.8142
    1.8116
    2.0899
    2.6742
    2.8295
    2.6666
    2.1075
    2.4864
    2.0284
    1.8450
    1.8329
    1.4057
    1.0482
    1.1811
    1.6022
    1.3303
    1.3376
    1.3652
    1.1436
    1.0643
    0.9430
    0.9544
    1.0881
    0.9587
    0.9731
    0.9052
    0.8451
    0.8492
    0.8109
    0.7495
    0.6823
    0.6940
    0.7819
    0.7432
    0.7893
    0.7740
    0.8301
    0.8501
    0.8654
    1.0361
    1.0758
    1.1022
    1.3057
    1.2480
    1.3176
    1.3556
    1.4579
    1.6527
    1.7222
    1.8320
    1.8926
    2.0154
    2.1616
    2.2393
    2.2383
    2.2844
    2.5632
    2.4503
    2.3956
    2.4382
    2.3028
    2.2647
    2.1705
    2.2814
    2.0865
    2.0714
    2.0520
    1.9008
    1.6874
    1.6190
    1.6197
    1.5009
    1.4167
    1.3048
    1.1754
    1.1785
    1.1555
    1.0313
    1.0481
    1.0787
    1.0943
    1.0398
    1.0248
    0.9398
    0.8979
    0.9434
    0.9508
    0.9779
    0.9576
    0.9684
    0.9389
    0.9313
    0.9229
    0.8701
    0.8268
    0.8876
    0.8263
    0.7974
    0.7939
    0.8262
    0.8133
    0.8095
    0.7782
    0.7608
    0.7404
    0.7509
    0.7449
    0.7895
    0.8205
    0.8146
    0.8277
    0.8096
    0.8000
    0.7856
    0.7682
    0.7580
    0.7694
    0.7716
    0.7505
    0.7330
    0.7394
    0.7818
    0.7737
    0.7840
    0.8143
    0.8170
    0.8084
    0.7987
    0.8104
    0.7864
    0.7773
    0.8068
    0.8026
    0.8159
    0.8014
    0.8108
    0.8152
    0.8124
    0.7840
    0.7822
    0.7610
    0.7443
    0.7415
    0.7239
    0.7414
    0.7733
    0.7751
    0.7579
    0.7517
    0.7377
    0.7415
    0.7640
    0.7775
    0.7552
    0.7355
    0.7217
    0.7242
    0.7065
    0.7046
    0.6759
    0.6682
    0.6798
    0.6851
    0.6815
    0.6832
    0.6872
    0.7005
    0.6976
    0.6812
    0.6842
    0.6800
    0.6820
    0.6854
    0.6904
    0.6860
    0.6811
    0.6857
    0.6994
    0.7058
    0.6986
    0.7064
    0.7232
    0.7319
    0.7340
    0.7118
    0.7206
    0.7235
    0.7254
    0.7317
    0.7427
    0.7496
    0.7441
    0.7462
    0.7443
    0.7469
    0.7767
    0.7964
    0.7838
    0.8084
    0.7949
    0.8163
    0.8117
    0.8248
    0.8647
    0.8750
    0.8735
    0.8845
    0.8906
    0.8953
    0.9152
    0.9110
    0.9113
    0.9295
    0.9495
    0.9665
    0.9659
    0.9770
    0.9727
    0.9910
    0.9662
    0.9748
    0.9874
    1.0067
    1.0215
    1.0277
    1.0141
    1.0388
    1.0325
    1.0550
    1.0546
    1.0600
    1.0682
    1.0633
    1.0753
    1.0827
    1.0478
    1.0425
    1.0493
    1.0508
    1.0711
    1.1101
    1.1006
    1.1125
    1.1336
    1.1262
    1.1364
    1.1487
    1.1625
    1.1716
    1.1548
    1.1391
    1.1556
    1.1778
    1.1917
    1.1634
    1.1715
    1.1894
    1.1713
    1.1687
    1.1723
    1.1805
    1.1880
    1.1792
    1.1683
    1.1454
    1.1209
    1.1362
    1.1424
    1.1764
    1.1908
    1.1886
    1.1722
    1.1671
    1.1567
    1.1755
    1.1753
    1.1941
    1.2031
    1.2052
    1.2200
    1.2125
    1.1979
    1.1827
    1.1653
    1.1637
    1.1701
    1.1691
    1.1638
    1.1552
    1.1619
    1.1679
    1.1849
    1.1852
    1.1788
    1.1689
    1.1802
    1.1732
    1.1792
    1.2107
    1.2148
    1.2199
    1.2458
    1.2462
    1.2454
    1.2484
    1.2308
    1.2410
    1.2381
    1.2335
    1.2559
    1.2741
    1.2790
    1.2966
    1.3129
    1.3123
    1.3071
    1.3204
    1.3592
    1.3834
    1.3620
    1.3532
    1.3701
    1.3961
    1.4023
    1.4149
    1.4014
    1.4181
    1.4272
    1.4449
    1.4573
    1.4401
    1.4480
    1.4281
    1.4086
    1.4509
    1.4741
    1.4973
    1.4996
    1.5287
    1.5416
    1.5440
    1.5341
    1.5572
    1.5788
    1.5946
    1.5614
    1.5766
    1.5724
    1.5519
    1.5393
    1.5597
    1.5566
    1.5517
    1.5626
    1.5699
    1.5926
    1.6075
    1.6145
    1.6344
    1.6725
    1.6789
    1.7029
    1.6974
    1.7073
    1.7395
    1.7627
    1.7951
    1.7932
    1.7963
    1.7766
    1.7781
    1.7851
    1.7856
    1.7963
    1.7867
    1.7861
    1.8106
    1.8328
    1.8153
    1.7862
    1.7942
    1.8147
    1.8271
    1.8230
    1.8424
    1.8564
    1.8625
    1.8563
    1.8491
    1.8609
    1.8620
    1.8975
    1.8879
    1.8935
    1.9037
    1.9033
    1.8812
    1.8729
    1.8802
    1.9203
    1.9176
    1.9308
    1.9582
    1.9917
    1.9764
    1.9906
    2.0312
    2.0852
    2.0932
    2.1004
    2.0997
    2.1157
    2.1173
    2.1268
    2.1280
    2.1251
    2.0964
    2.1044
    2.1354
    2.1473
    2.1734
    2.1580
    2.1605
    2.1675
    2.1530
    2.1622
    2.1659
    2.1654
    2.1716
    2.1926
    2.2117
    2.2075
    2.2101
    2.2256
    2.2334
    2.2017
    2.2030
    2.2321
    2.2269
    2.1907
    2.1743
    2.2051
    2.2289
    2.2093
    2.1979
    2.2011
    2.2220
    2.2209
    2.2103
    2.2258
    2.2446
    2.2750
    2.2831
    2.2818
    2.2910
    2.3014
    2.2947
    2.2719
    2.2480
    2.2564
    2.2519
    2.2296
    2.2276
    2.2367
    2.2366
    2.2227
    2.2440
    2.2627
    2.3086
    2.3240
    2.3107
    2.2856
    2.2874
    2.2926
    2.2984
    2.2896
    2.2978
    2.3030
    2.2925
    2.3248
    2.3589
    2.3408
    2.3285
    2.3041
    2.3223
    2.3460
    2.3414
    2.3008
    2.2782
    2.3238
    2.3401
    2.3217
    2.3290
    2.3724
    2.4080
    2.3728
    2.3652
    2.4034
    2.4272
    2.4307
    2.4330
    2.4430
    2.4655
    2.4481
    2.4231
    2.4296
    2.4797
    2.5133
    2.4872
    2.4683
    2.4881
    2.5286
    2.5186
    2.4915
    2.4928
    2.5017
    2.4985
    2.4951
    2.4836
    2.5122
    2.5239
    2.5000
    2.4910
    2.4835
    2.4844
    2.4576
    2.4353
    2.4545
    2.4681
    2.4737
    2.4683
    2.4821
    2.5217
    2.5550
    2.5516
    2.5549
    2.5543
    2.5710
    2.5747
    2.5692
    2.5702
    2.5884
    2.5863
    2.5604
    2.5458
    2.5288
    2.5273
    2.5097
    2.5063
    2.5110
    2.5162
    2.5277
    2.5346
    2.5360
    2.5858
    2.6160
    2.6294
    2.6243
    2.6409
    2.6536
    2.6399
    2.6308
    2.6150
    2.6114
    2.5897
    2.5754
    2.5733
    2.5605
    2.5432
    2.5153
    2.5167
    2.5149
    2.5118
    2.5162
    2.5216
    2.5326
    2.5464
    2.5486
    2.5722
    2.5821
    2.5850
    2.5918
    2.5993
    2.6010
    2.6011
    2.5834
    2.5712
    2.5447
    2.5357
    2.5444
    2.5375
    2.5222
    2.5147
    2.5290
    2.5444
    2.5422
    2.5586
    2.5792
    2.5863
    2.5916
    2.6034
    2.6126
    2.6164
    2.6142
    2.6189
    2.6144
    2.6053
    2.5863
    2.5723
    2.5619
    2.5582
    2.5404
    2.5228
    2.5037
    2.5120
    2.5124
    2.5107
    2.5085
    2.5042
    2.5246
    2.5252
    2.5294
    2.5382
    2.5453
    2.5403
    2.5152
    2.5233
    2.5287
    2.5120
    2.4883
    2.4776
    2.4743
    2.4771
    2.4757
    2.4630
    2.4472
    2.4645
    2.4718
    2.4713
    2.4712
    2.4710
    2.4747
    2.4678
    2.4679
    2.4873
    2.4819
    2.4714
    2.4674
    2.4670
    2.4834
    2.4793
    2.4671
    2.4340
    2.4371
    2.4314
    2.4255
    2.4114
    2.4040
    2.4157
    2.4112
    2.3951
    2.4005
    2.4232
    2.4257
    2.4269
    2.4300
    2.4389
    2.4473
    2.4449
    2.4466
    2.4543
    2.4618
    2.4490
    2.4252
    2.4120
    2.4250
    2.4216
    2.4174
    2.4134
    2.4083
    2.4129
    2.4090
    2.4006
    2.4025
    2.4113
    2.4145
    2.4220
    2.4230
    2.4348
    2.4426
    2.4383
    2.4377
    2.4450
    2.4619
    2.4484
    2.4410
    2.4442
    2.4442
    2.4425
    2.4300
    2.4087
    2.4006
    2.3971
    2.3826
    2.3783
    2.3808
    2.3795
    2.3810
    2.3736
    2.3753
    2.3920
    2.3970
    2.3900
    2.3954
    2.3979
    2.4102
    2.4061
    2.4126
    2.4216
    2.4261
    2.4260
    2.4166
    2.4209
    2.4103
    2.4143
    2.4026
    2.4021
    2.4030
    2.3999
    2.4032
    2.4021
    2.3971
    2.3986
    2.4097
    2.4131
    2.4141
    2.4234
    2.4316
    2.4370
    2.4363
    2.4342
    2.4461
    2.4524
    2.4536
    2.4476
    2.4547
    2.4518
    2.4528
    2.4445
    2.4340
    2.4436
    2.4451
    2.4394
    2.4371
    2.4421
    2.4395
    2.4377
    2.4349
    2.4405
    2.4424
    2.4424
    2.4378
    2.4376
    2.4422
    2.4431
    2.4467
    2.4445
    2.4553
    2.4573
    2.4639
    2.4618
    2.4620
    2.4671
    2.4697
    2.4660
    2.4679
    2.4699
    2.4739
    2.4762
    2.4735
    2.4778
    2.4799
    2.4772
    2.4749
    2.4763
    2.4815
    2.4806
    2.4774
    2.4791
    2.4802
    2.4897
    2.4904
    2.4884
    2.4931
    2.4989
    2.5092
    2.5122
    2.5133
    2.5135
    2.5166
    2.5195
    2.5255
    2.5331
    2.5332
    2.5336
    2.5356
    2.5363
    2.5419
    2.5425
    2.5364
    2.5360
    2.5384
    2.5437
    2.5418
    2.5330
    2.5329
    2.5316
    2.5319
    2.5352
    2.5364
    2.5301
    2.5337
    2.5399
    2.5511
    2.5570
    2.5578
    2.5547
    2.5590
    2.5663
    2.5725
    2.5758
    2.5714
    2.5776
    2.5870
    2.5876
    2.5928
    2.5906
    2.5761
    2.5763
    2.5821
    2.5850
    2.5776
    2.5700
    2.5702
    2.5730
    2.5733
    2.5730
    2.5669
    2.5619
    2.5703
    2.5834
    2.5908
    2.5907
    2.5828
    2.5864
    2.5898
    2.5939
    2.5986
    2.5996
    2.5918
    2.6014
    2.6013
    2.6134
    2.6130
    2.6009
    2.6015
    2.6006
    2.5999
    2.6002
    2.5903
    2.5901
    2.5858
    2.5924
    2.5978
    2.5958
    2.5863
    2.5778
    2.5913
    2.5998
    2.5971
    2.5970
    2.5957
    2.5983
    2.6170
    2.6408
    2.6481
    2.6468
    2.6490
    2.6717
    2.6713
    2.6840
    2.6836
    2.6795
    2.6761
    2.6974
    2.7106
    2.7098
    2.6892
    2.6889
    2.6878
    2.7067
    2.7079
    2.7122
    2.6917
    2.7074
    2.7072
    2.7097
    2.7097
    2.7016
    2.7048
    2.7095
    2.7292
    2.7202
    2.7468
    2.7419
    2.7595
    2.7595
    2.7833
    2.7886
    2.7790
    2.7820
    2.7802
    2.7916
    2.7990
    2.7956
    2.7956
    2.7703
    2.7817
    2.7816
    2.7782
    2.7482
    2.7284
    2.7185
    2.7365
    2.7574
    2.7574
    2.7324
    2.7041
    2.7214
    2.7310
    2.7653
    2.7384
    2.7593
    2.7775
    2.7775
    2.8181
    2.8500
    2.8071
    2.8142
    2.8201
    2.8551
    2.8819
    2.8507
    2.8507
    2.8417
    2.8639
    2.8920
    2.8967
    2.8540
    2.8441
    2.8593
    2.8913
    2.8913
    2.9077
    2.8721
    2.8696
    2.8686
    2.9274
    2.9192
    2.8826
    2.9215
    2.9215
    2.9267
    2.9616
    2.9793
    2.9679
    3.0161
    3.1195
    3.1543
    3.2054
    3.2054
    3.1733
    3.1783
    3.2526
    3.3307
    3.3247
    3.2953
    3.2887
    3.3312
    3.3396
    3.3396
    3.3431
    3.2893
    3.2732
    3.3265
    3.3186
    3.2759
    3.2128
    3.2536
    3.2536
    3.2812
    3.2828
    3.2214
    3.2472
    3.2252
    3.2395
    3.2326
    3.2906
    3.2906
    3.2982
    3.2681
    3.2460
    3.2462
    3.1986
    3.1225
