    8.0874
    4.6647
    7.0823
    5.2648
    6.2578
    1.5860
    2.4527
    1.1937
    1.3096
    1.4377
    1.6078
    1.4056
    1.2244
    1.8840
    3.4037
    4.3991
    4.0467
    3.1622
    3.0851
    2.7958
    2.6295
    2.6139
    2.6589
    2.1008
    2.0714
    1.9433
    1.4376
    1.2764
    1.3267
    1.5804
    1.2960
    1.4876
    1.3215
    1.3347
    1.3880
    1.2997
    1.2366
    1.0395
    1.1147
    1.0091
    0.9898
    0.9577
    1.1341
    1.0389
    1.0112
    1.0447
    1.1525
    1.2816
    1.2012
    1.3224
    1.4832
    1.7655
    1.6899
    1.5009
    1.5283
    1.5999
    1.6983
    1.8417
    1.7361
    1.6788
    1.7864
    1.7624
    1.7172
    1.5351
    1.5265
    1.4276
    1.4711
    1.4305
    1.3737
    1.3255
    1.3429
    1.2017
    1.1766
    1.0822
    1.0832
    1.1300
    1.0748
    1.1063
    1.0878
    1.0772
    1.1024
    1.0301
    1.0626
    1.0623
    1.0297
    1.0605
    0.9603
    1.0535
    0.9369
    0.9662
    0.9388
    0.9033
    0.9553
    0.9542
    0.9179
    0.8833
    0.8439
    0.7552
    0.7480
    0.7585
    0.7914
    0.7429
    0.7491
    0.7352
    0.6886
    0.6272
    0.6510
    0.6540
    0.6760
    0.6659
    0.6627
    0.6489
    0.6507
    0.6483
    0.6644
    0.6714
    0.6948
    0.6519
    0.6692
    0.7074
    0.6776
    0.6493
    0.6939
    0.7104
    0.7276
    0.7418
    0.7408
    0.7579
    0.7306
    0.7322
    0.7888
    0.8051
    0.8483
    0.8569
    0.8617
    0.8496
    0.8429
    0.8653
    0.8647
    0.8418
    0.8467
    0.8367
    0.8277
    0.7979
    0.7973
    0.8073
    0.7876
    0.7669
    0.7830
    0.7843
    0.7349
    0.7469
    0.7707
    0.7618
    0.7511
    0.7315
    0.7378
    0.7066
    0.6805
    0.6738
    0.6827
    0.7043
    0.7119
    0.7046
    0.7107
    0.6797
    0.6589
    0.6614
    0.6517
    0.6650
    0.6878
    0.6992
    0.6702
    0.6669
    0.6696
    0.6739
    0.6751
    0.6677
    0.6607
    0.6668
    0.6743
    0.6973
    0.6906
    0.6983
    0.7254
    0.7363
    0.7423
    0.7585
    0.7459
    0.7715
    0.7788
    0.7901
    0.7895
    0.7927
    0.8106
    0.7882
    0.7916
    0.7894
    0.8127
    0.8262
    0.8105
    0.8172
    0.8106
    0.8075
    0.7977
    0.8072
    0.8081
    0.8091
    0.8116
    0.8243
    0.8120
    0.8144
    0.8196
    0.8010
    0.7930
    0.7848
    0.7997
    0.8009
    0.8219
    0.8192
    0.8293
    0.8371
    0.8531
    0.8846
    0.8893
    0.8882
    0.9081
    0.9169
    0.8764
    0.8896
    0.9116
    0.9048
    0.8947
    0.8879
    0.8895
    0.8672
    0.8756
    0.8779
    0.8696
    0.8834
    0.8936
    0.8973
    0.9060
    0.9252
    0.9140
    0.9538
    0.9636
    0.9472
    0.9557
    0.9596
    0.9555
    0.9448
    0.9692
    0.9506
    0.9596
    0.9646
    0.9705
    0.9597
    0.9985
    1.0035
    0.9788
    0.9535
    0.9493
    0.9402
    0.9531
    0.9510
    0.9475
    0.9415
    0.9506
    0.9480
    0.9407
    0.9478
    0.9475
    0.9553
    0.9536
    0.9567
    0.9863
    1.0159
    1.0163
    1.0067
    0.9967
    1.0036
    1.0057
    0.9860
    0.9815
    0.9763
    0.9944
    0.9865
    1.0124
    1.0071
    0.9962
    1.0151
    1.0041
    1.0060
    1.0172
    1.0177
    1.0320
    1.0286
    1.0373
    1.0347
    1.0476
    1.0353
    1.0423
    1.0306
    1.0258
    1.0293
    1.0320
    1.0375
    1.0406
    1.0264
    1.0096
    1.0024
    1.0166
    1.0330
    1.0285
    1.0286
    1.0407
    1.0369
    1.0557
    1.0548
    1.0626
    1.0540
    1.0461
    1.0468
    1.0518
    1.0514
    1.0347
    1.0555
    1.0639
    1.0754
    1.1023
    1.1226
    1.1432
    1.1537
    1.1725
    1.1890
    1.2152
    1.1971
    1.2048
    1.1977
    1.2071
    1.2085
    1.2209
    1.2234
    1.2340
    1.2374
    1.2376
    1.2348
    1.2310
    1.2271
    1.2360
    1.2212
    1.2359
    1.2323
    1.2112
    1.2269
    1.2583
    1.2629
    1.2772
    1.2973
    1.2982
    1.2936
    1.3096
    1.3117
    1.3211
    1.3230
    1.3266
    1.3619
    1.3904
    1.4185
    1.4257
    1.4263
    1.4200
    1.4254
    1.4323
    1.4265
    1.4276
    1.4525
    1.4532
    1.4641
    1.4690
    1.4709
    1.4930
    1.5082
    1.5263
    1.5381
    1.5185
    1.5117
    1.5131
    1.5300
    1.5475
    1.5627
    1.6078
    1.6299
    1.6454
    1.6524
    1.6815
    1.6820
    1.6814
    1.6794
    1.6780
    1.7042
    1.7232
    1.7125
    1.7292
    1.7370
    1.7628
    1.7584
    1.7257
    1.7153
    1.7158
    1.7107
    1.6848
    1.6923
    1.7158
    1.7146
    1.7010
    1.6876
    1.6735
    1.6638
    1.6457
    1.6221
    1.6030
    1.5973
    1.6095
    1.6354
    1.6157
    1.6173
    1.6328
    1.6386
    1.6526
    1.6453
    1.6680
    1.6766
    1.6872
    1.7098
    1.7198
    1.7076
    1.7329
    1.7246
    1.7510
    1.7527
    1.7422
    1.7366
    1.7345
    1.7499
    1.7706
    1.7666
    1.7542
    1.7553
    1.7721
    1.7730
    1.7673
    1.7763
    1.7719
    1.7775
    1.7831
    1.7976
    1.7966
    1.7716
    1.7726
    1.7607
    1.7422
    1.7050
    1.7187
    1.7302
    1.7414
    1.7481
    1.7607
    1.7600
    1.7455
    1.7637
    1.7456
    1.7658
    1.7686
    1.7882
    1.7920
    1.7716
    1.7897
    1.7857
    1.7988
    1.7816
    1.7639
    1.7679
    1.7744
    1.7737
    1.7630
    1.7800
    1.7857
    1.7744
    1.7630
    1.7581
    1.7810
    1.7791
    1.7839
    1.7740
    1.7585
    1.7553
    1.7446
    1.7524
    1.7518
    1.7492
    1.7605
    1.7662
    1.7695
    1.7784
    1.7739
    1.7647
    1.7687
    1.7811
    1.8119
    1.8470
    1.8699
    1.8766
    1.8798
    1.8680
    1.8846
    1.8932
    1.9354
    1.9587
    1.9406
    1.9319
    1.9373
    1.9519
    1.9503
    1.9626
    1.9630
    1.9826
    1.9775
    2.0090
    2.0270
    2.0304
    2.0612
    2.0737
    2.0982
    2.0948
    2.1044
    2.1282
    2.1722
    2.1622
    2.1712
    2.1629
    2.1753
    2.1841
    2.1734
    2.1543
    2.1505
    2.1752
    2.1645
    2.1664
    2.1582
    2.1669
    2.1797
    2.1685
    2.1749
    2.1768
    2.1813
    2.1998
    2.2366
    2.2483
    2.2819
    2.2967
    2.2983
    2.3375
    2.3312
    2.3386
    2.3336
    2.3096
    2.3022
    2.3095
    2.3244
    2.2946
    2.2939
    2.2906
    2.2820
    2.2718
    2.2800
    2.2952
    2.2983
    2.3355
    2.3616
    2.3855
    2.3939
    2.4118
    2.4184
    2.4247
    2.4097
    2.3819
    2.3746
    2.3729
    2.3695
    2.3791
    2.4106
    2.4015
    2.4160
    2.4058
    2.3949
    2.4099
    2.4246
    2.4126
    2.4171
    2.4631
    2.4630
    2.4859
    2.4781
    2.4553
    2.4435
    2.4522
    2.4526
    2.4610
    2.4594
    2.4545
    2.5072
    2.5336
    2.5367
    2.5312
    2.5581
    2.5654
    2.5614
    2.5577
    2.5886
    2.6077
    2.6241
    2.6062
    2.6458
    2.6663
    2.6752
    2.6875
    2.7121
    2.7242
    2.7607
    2.7379
    2.7529
    2.7515
    2.7584
    2.7662
    2.7830
    2.8201
    2.8394
    2.8283
    2.8421
    2.8378
    2.8379
    2.8225
    2.8203
    2.8082
    2.8023
    2.8132
    2.8438
    2.8388
    2.8073
    2.8338
    2.8651
    2.8576
    2.8494
    2.8658
    2.8757
    2.8780
    2.8854
    2.8854
    2.8674
    2.9008
    2.8707
    2.8878
    2.9139
    2.9067
    2.9079
    2.9078
    2.9226
    2.9034
    2.9185
    2.9229
    2.9430
    2.9515
    2.9441
    2.9304
    2.9267
    2.8765
    2.9065
    2.8562
    2.8298
    2.8515
    2.8676
    2.8621
    2.8537
    2.8363
    2.8311
    2.8127
    2.8361
    2.7813
    2.7675
    2.7665
    2.7660
    2.7768
    2.7789
    2.7761
    2.7696
    2.7919
    2.7681
    2.7941
    2.8109
    2.8146
    2.7906
    2.7942
    2.7904
    2.8055
    2.8059
    2.8203
    2.8324
    2.8186
    2.8285
    2.8380
    2.8542
    2.8693
    2.9064
    2.9074
    2.9237
    2.9506
    2.9803
    3.0096
    3.0326
    3.0527
    3.0425
    3.0550
    3.0583
    3.0820
    3.1159
    3.1132
    3.1317
    3.1402
    3.1390
    3.1755
    3.1666
    3.1506
    3.1687
    3.1918
    3.2027
    3.1979
    3.2308
    3.2295
    3.2469
    3.2212
    3.2371
    3.2511
    3.2713
    3.2779
    3.2602
    3.2844
    3.2916
    3.3055
    3.3297
    3.3544
    3.3569
    3.3600
    3.3512
    3.3644
    3.3693
    3.3689
    3.3638
    3.3740
    3.3843
    3.4073
    3.4472
    3.4724
    3.4914
    3.5078
    3.5283
    3.5055
    3.5140
    3.5256
    3.5378
    3.5189
    3.5391
    3.5369
    3.5198
    3.5449
    3.5328
    3.5428
    3.5457
    3.5674
    3.5803
    3.5852
    3.5787
    3.5732
    3.5576
    3.5786
    3.5463
    3.5554
    3.5596
    3.5583
    3.5602
    3.5598
    3.5479
    3.5493
    3.5409
    3.5654
    3.5700
    3.5822
    3.5767
    3.5757
    3.5828
    3.5804
    3.5945
    3.5933
    3.5818
    3.5971
    3.6007
    3.6061
    3.6177
    3.6198
    3.6261
    3.6196
    3.6262
    3.6385
    3.6534
    3.6526
    3.6587
    3.6556
    3.6759
    3.7019
    3.6908
    3.6809
    3.7022
    3.6974
    3.6999
    3.7074
    3.7181
    3.7193
    3.7278
    3.7324
    3.7396
    3.7545
    3.7519
    3.7501
    3.7491
    3.7819
    3.7891
    3.7751
    3.8035
    3.8134
    3.8192
    3.8315
    3.8327
    3.8333
    3.8654
    3.8703
    3.8757
    3.8684
    3.8601
    3.8735
    3.8949
    3.9098
    3.9100
    3.9603
    3.9785
    3.9587
    4.0163
    4.0719
    4.0567
    4.0612
    4.0754
    4.0754
    4.1058
    4.1279
    4.1595
    4.1945
    4.2424
    4.2344
    4.3388
    4.3646
    4.3651
    4.4020
    4.4329
    4.4301
    4.4342
    4.4685
    4.4861
    4.5276
    4.5185
    4.5187
    4.5783
    4.5566
    4.5389
    4.5533
    4.5876
    4.6518
    4.6561
    4.6780
    4.6759
    4.6760
    4.6781
    4.6506
    4.6429
    4.6827
    4.6896
    4.7016
    4.7256
    4.7234
    4.7239
    4.7089
    4.6476
    4.7139
    4.7057
    4.6585
    4.6794
    4.6588
    4.6506
    4.6511
    4.6243
    4.6189
    4.6882
    4.7024
    4.7028
    4.6679
    4.6628
    4.6179
    4.6179
    4.6397
    4.6241
    4.6210
    4.6388
    4.5489
    4.6018
    4.6791
    4.6927
    4.6927
    4.6837
    4.6281
    4.5927
    4.6298
    4.5959
    4.6477
    4.6436
    4.7880
    4.7880
    4.7508
    4.7327
    4.7650
    4.7160
    4.7096
    4.8278
    4.7599
    4.7814
    4.7584
    4.7584
    4.7520
    4.7256
    4.7152
    4.7281
    4.7167
    4.7970
    4.8225
    4.8334
    4.8334
    4.8183
    4.8474
    4.8077
    4.8276
    4.7952
    4.7112
    4.5589
    4.5116
    4.5116
    4.5085
    4.4624
    4.4344
    4.5004
    4.6484
    4.6359
    4.5809
    4.5816
    4.5816
    4.5959
    4.4804
    4.4556
    4.6319
    4.6719
    4.5274
    4.5935
    4.6013
    4.6013
    4.7551
    4.5770
    4.5377
    4.4534
    4.5507
    4.5565
    4.6354
    4.8147
    4.8147
    4.7575
    5.0868
    5.0001
    5.0152
    5.0763
    5.1004
    5.2301
    5.3119
    5.5708
    5.5708
    5.5419
    5.6196
    5.5626
    5.4398
    5.2531
    5.5500
    5.7464
    5.6716
    5.6716
    5.7173
    5.5854
    5.6724
    5.6929
    5.8396
    5.8420
    5.8419
    5.7673
    5.7673
    5.7950
    5.7543
    5.7462
    5.7765
    6.0284
    5.9055
