    2.3362
    2.2084
    6.4214
    5.9285
    4.1978
    1.2517
    2.0004
    3.1461
    2.1061
    1.9709
    1.9221
    3.0617
    3.6632
    2.5074
    1.8282
    1.4697
    1.2953
    1.2375
    1.4798
    1.4600
    1.6445
    1.9274
    1.7632
    1.5260
    1.3847
    1.5609
    1.2675
    1.3103
    1.4090
    1.4071
    1.1822
    1.1741
    1.1665
    1.1759
    1.1739
    1.4082
    1.4269
    1.4951
    1.6931
    1.6632
    1.7756
    1.9019
    1.8664
    1.7152
    1.4026
    1.3308
    1.5176
    1.5963
    1.4162
    1.6419
    1.5587
    1.5738
    1.5810
    1.6403
    1.4829
    1.5923
    1.7303
    1.7064
    1.4742
    1.4891
    1.7012
    1.8094
    1.6308
    1.6900
    1.6806
    1.6465
    1.6121
    1.5279
    1.5622
    1.5781
    1.6165
    1.5165
    1.5994
    1.6515
    1.6577
    1.5137
    1.3956
    1.2273
    1.1604
    1.1504
    1.0776
    0.9606
    0.9601
    0.9782
    0.9402
    0.9160
    0.9234
    0.8877
    0.8373
    0.7982
    0.7465
    0.7447
    0.6227
    0.5947
    0.6278
    0.6219
    0.5831
    0.6193
    0.6061
    0.6086
    0.5626
    0.5760
    0.5823
    0.5824
    0.5742
    0.5595
    0.5593
    0.5623
    0.5627
    0.5671
    0.5450
    0.5354
    0.5462
    0.5368
    0.5221
    0.5200
    0.5424
    0.5434
    0.5296
    0.5425
    0.5399
    0.5548
    0.5512
    0.5669
    0.5899
    0.5844
    0.6269
    0.6189
    0.6265
    0.6312
    0.6544
    0.6497
    0.6751
    0.6839
    0.6979
    0.6983
    0.6993
    0.6845
    0.6753
    0.6861
    0.7054
    0.7127
    0.7145
    0.7382
    0.7512
    0.7645
    0.7655
    0.7748
    0.7652
    0.7724
    0.7631
    0.7725
    0.7764
    0.7845
    0.7870
    0.7898
    0.7699
    0.7627
    0.7676
    0.7571
    0.7634
    0.7709
    0.7757
    0.7721
    0.7675
    0.7508
    0.7783
    0.7915
    0.7873
    0.7702
    0.7825
    0.7848
    0.8122
    0.8086
    0.7930
    0.8067
    0.8055
    0.8179
    0.8128
    0.8322
    0.8261
    0.8299
    0.8318
    0.8409
    0.8357
    0.8380
    0.8501
    0.8688
    0.8589
    0.8623
    0.8597
    0.8540
    0.8655
    0.8601
    0.8529
    0.8623
    0.8675
    0.8688
    0.8822
    0.8768
    0.8783
    0.8687
    0.8875
    0.8574
    0.8455
    0.8333
    0.8360
    0.8361
    0.8407
    0.8217
    0.8230
    0.7949
    0.8072
    0.8212
    0.8395
    0.8320
    0.8470
    0.8362
    0.8559
    0.8672
    0.8792
    0.8743
    0.8793
    0.8702
    0.8614
    0.8670
    0.8659
    0.8639
    0.8680
    0.8649
    0.8755
    0.8711
    0.8840
    0.8826
    0.8834
    0.8825
    0.8787
    0.8692
    0.8698
    0.8655
    0.8610
    0.8556
    0.8497
    0.8501
    0.8565
    0.8600
    0.8626
    0.8562
    0.8608
    0.8680
    0.8736
    0.8849
    0.8957
    0.9005
    0.8985
    0.9032
    0.8999
    0.8978
    0.9011
    0.9097
    0.9079
    0.9132
    0.9050
    0.9070
    0.9066
    0.9083
    0.9154
    0.9156
    0.9129
    0.9180
    0.9116
    0.9136
    0.9196
    0.9232
    0.9228
    0.9274
    0.9227
    0.9251
    0.9271
    0.9304
    0.9310
    0.9332
    0.9413
    0.9432
    0.9547
    0.9699
    0.9773
    0.9815
    0.9820
    0.9973
    0.9942
    1.0050
    1.0009
    0.9984
    1.0039
    1.0015
    0.9999
    1.0001
    1.0072
    1.0194
    1.0238
    1.0324
    1.0411
    1.0487
    1.0619
    1.0684
    1.0728
    1.0813
    1.0778
    1.0800
    1.0762
    1.0805
    1.0953
    1.0935
    1.1010
    1.0872
    1.0950
    1.0943
    1.1006
    1.1117
    1.1146
    1.1166
    1.1271
    1.1420
    1.1521
    1.1517
    1.1685
    1.1764
    1.1792
    1.1807
    1.1855
    1.1981
    1.2019
    1.2057
    1.2178
    1.2322
    1.2480
    1.2676
    1.2671
    1.2615
    1.2738
    1.2849
    1.2776
    1.2848
    1.2804
    1.2779
    1.2806
    1.2933
    1.3012
    1.3116
    1.3026
    1.3014
    1.2891
    1.2959
    1.2990
    1.3029
    1.2986
    1.2922
    1.2777
    1.2653
    1.2640
    1.2694
    1.2731
    1.2791
    1.2761
    1.2727
    1.2730
    1.2728
    1.2815
    1.2826
    1.3042
    1.3081
    1.3097
    1.3311
    1.3471
    1.3509
    1.3547
    1.3570
    1.3554
    1.3665
    1.3970
    1.4107
    1.4255
    1.4413
    1.4352
    1.4417
    1.4442
    1.4547
    1.4440
    1.4484
    1.4412
    1.4498
    1.4639
    1.4632
    1.4615
    1.4718
    1.5003
    1.5230
    1.5228
    1.5248
    1.5455
    1.5518
    1.5463
    1.5357
    1.5318
    1.5512
    1.5698
    1.5605
    1.5939
    1.6107
    1.6065
    1.6193
    1.6288
    1.6544
    1.6718
    1.6727
    1.6510
    1.6785
    1.6795
    1.6873
    1.6756
    1.6729
    1.6648
    1.6553
    1.6347
    1.6318
    1.6252
    1.6404
    1.6276
    1.6456
    1.6463
    1.6662
    1.6830
    1.6840
    1.7024
    1.7027
    1.7224
    1.7169
    1.7184
    1.7278
    1.7296
    1.7210
    1.7394
    1.7577
    1.7864
    1.7769
    1.7781
    1.7835
    1.7873
    1.8039
    1.8127
    1.8271
    1.8565
    1.8743
    1.8829
    1.8925
    1.9078
    1.9705
    1.9663
    1.9723
    1.9841
    1.9762
    1.9888
    1.9892
    2.0042
    2.0155
    2.0096
    2.0152
    2.0145
    2.0217
    2.0299
    2.0316
    2.0324
    2.0759
    2.0858
    2.0928
    2.0926
    2.0896
    2.0833
    2.0616
    2.0432
    2.0593
    2.0834
    2.0700
    2.0805
    2.1018
    2.1276
    2.1481
    2.1574
    2.1609
    2.1688
    2.1977
    2.2033
    2.2325
    2.2174
    2.2227
    2.2549
    2.2733
    2.3272
    2.3187
    2.3167
    2.3363
    2.3431
    2.3740
    2.3642
    2.3539
    2.3397
    2.3444
    2.3439
    2.3701
    2.3697
    2.3675
    2.3666
    2.3836
    2.3885
    2.3793
    2.3748
    2.3720
    2.3729
    2.3606
    2.3501
    2.3468
    2.3296
    2.3333
    2.3623
    2.3723
    2.3731
    2.4150
    2.4160
    2.4040
    2.4587
    2.4853
    2.5212
    2.5468
    2.5524
    2.5595
    2.5525
    2.5682
    2.5717
    2.6008
    2.6073
    2.6076
    2.6327
    2.6412
    2.6477
    2.6728
    2.6831
    2.6604
    2.6912
    2.6930
    2.6697
    2.7013
    2.7210
    2.7311
    2.7366
    2.6971
    2.7208
    2.7340
    2.7473
    2.7698
    2.7650
    2.7999
    2.7758
    2.7855
    2.8055
    2.8015
    2.7964
    2.8072
    2.7853
    2.7602
    2.7559
    2.7687
    2.7635
    2.7461
    2.7329
    2.7014
    2.7069
    2.7049
    2.7062
    2.6979
    2.7075
    2.7516
    2.7696
    2.7786
    2.7914
    2.7935
    2.7841
    2.8062
    2.7969
    2.8136
    2.8192
    2.8517
    2.8648
    2.8791
    2.9185
    2.9324
    2.9466
    2.9283
    2.9198
    2.9363
    2.9609
    2.9930
    3.0095
    2.9995
    3.0072
    3.0484
    3.0416
    3.0470
    3.0292
    3.0262
    3.0365
    3.0254
    2.9855
    2.9846
    2.9876
    2.9867
    2.9715
    2.9962
    3.0128
    3.0286
    3.0570
    3.0586
    3.0975
    3.0866
    3.0940
    3.1090
    3.1308
    3.1213
    3.1508
    3.1445
    3.1615
    3.1612
    3.1697
    3.1787
    3.1502
    3.1534
    3.1945
    3.2007
    3.2015
    3.2134
    3.2388
    3.2517
    3.2411
    3.2414
    3.2438
    3.2037
    3.1836
    3.1706
    3.1726
    3.1891
    3.1955
    3.1936
    3.1980
    3.1482
    3.1651
    3.1814
    3.2079
    3.2504
    3.2468
    3.2263
    3.2062
    3.2138
    3.2142
    3.2004
    3.1780
    3.1888
    3.1964
    3.1943
    3.2072
    3.1910
    3.1994
    3.1796
    3.1776
    3.2060
    3.2288
    3.2161
    3.2017
    3.2277
    3.2189
    3.2149
    3.2092
    3.2148
    3.2317
    3.1913
    3.1688
    3.1644
    3.1578
    3.1861
    3.1811
    3.1990
    3.2355
    3.2047
    3.2126
    3.2367
    3.2345
    3.2429
    3.2641
    3.2682
    3.2776
    3.3112
    3.3344
    3.3628
    3.3960
    3.4103
    3.4073
    3.4248
    3.4429
    3.4433
    3.5142
    3.5513
    3.5916
    3.5924
    3.5967
    3.6304
    3.6597
    3.6811
    3.7076
    3.7487
    3.8210
    3.8199
    3.8349
    3.8580
    3.9174
    3.9436
    3.9546
    3.9600
    4.0033
    4.0188
    4.0621
    4.0825
    4.1286
    4.1287
    4.1324
    4.1654
    4.2143
    4.2570
    4.2806
    4.3230
    4.3608
    4.3913
    4.4142
    4.4742
    4.4925
    4.5396
    4.5952
    4.6010
    4.6458
    4.6907
    4.7106
    4.7256
    4.7231
    4.7567
    4.7475
    4.7949
    4.8537
    4.8487
    4.8557
    4.8870
    4.8929
    4.9616
    4.9653
    4.9694
    4.9843
    5.0062
    5.0161
    5.0238
    5.0452
    5.0256
    5.0067
    5.0325
    5.0493
    5.0800
    5.1145
    5.1509
    5.1953
    5.2448
    5.2783
    5.3157
    5.3298
    5.3360
    5.3301
    5.3545
    5.3673
    5.4183
    5.4225
    5.4548
    5.4531
    5.4279
    5.4334
    5.4265
    5.4582
    5.4343
    5.4065
    5.4537
    5.4812
    5.4826
    5.4901
    5.4970
    5.5174
    5.5361
    5.6054
    5.6465
    5.6464
    5.6643
    5.6980
    5.7116
    5.7257
    5.7519
    5.7487
    5.7770
    5.8142
    5.8285
    5.8630
    5.9180
    5.9474
    5.9503
    5.9863
    6.0161
    6.0218
    6.0373
    6.0762
    6.1016
    6.1742
    6.2078
    6.2150
    6.2289
    6.2348
    6.2194
    6.2050
    6.2439
    6.2880
    6.3444
    6.3514
    6.3849
    6.3868
    6.4145
    6.4405
    6.4689
    6.4824
    6.5138
    6.5077
    6.5100
    6.5378
    6.5396
    6.5847
    6.5741
    6.6183
    6.6337
    6.6368
    6.6378
    6.6781
    6.7164
    6.7165
    6.7474
    6.7460
    6.7813
    6.7929
    6.8377
    6.8569
    6.8518
    6.9303
    6.9307
    7.0050
    7.0500
    7.0809
    7.1152
    7.0995
    7.1549
    7.1391
    7.1625
    7.1627
    7.2370
    7.2675
    7.2910
    7.3293
    7.3935
    7.3963
    7.3900
    7.4140
    7.4143
    7.4444
    7.4704
    7.4770
    7.4810
    7.4906
    7.4993
    7.5102
    7.5081
    7.5272
    7.5270
    7.5300
    7.5658
    7.5231
    7.4822
    7.4794
    7.5156
    7.5543
    7.6114
    7.6114
    7.5984
    7.5775
    7.5980
    7.6601
    7.6654
    7.6407
    7.5977
    7.6117
    7.6118
    7.6336
    7.6581
    7.6142
    7.6339
    7.6697
    7.7187
    7.6877
    7.6891
    7.6891
    7.7147
    7.7042
    7.6948
    7.7027
    7.7832
    7.8018
    7.7944
    7.8032
    7.8032
    7.8065
    7.7466
    7.7270
    7.6839
    7.6705
    7.6456
    7.6669
    7.6432
    7.6432
    7.6611
    7.6248
    7.6438
    7.5762
    7.5832
    7.5128
    7.4634
    7.4035
    7.3891
    7.3891
    7.4686
    7.5140
    7.4652
    7.5687
    7.5405
    7.4511
    7.5119
    7.5311
    7.5311
    7.4743
    7.4989
    7.5332
    7.4692
    7.5334
    7.5824
    7.6678
    7.5774
    7.5774
    7.6984
    7.7253
    7.7336
    7.8875
    8.1260
    8.3362
    8.3381
    8.3673
    8.3673
    8.4660
    8.4004
    8.3323
    8.2734
    8.2513
    8.2000
    8.2626
    8.1802
    8.1802
    8.1618
    8.2101
    8.2607
    8.1691
    8.3064
    8.2862
    8.1060
    8.1319
    8.1319
    8.1818
    8.2838
    8.4758
    8.5615
    8.6461
    8.6881
    9.0317
    9.5384
    9.6539
    9.6539
    9.4077
    9.3565
    9.4937
    9.5908
    9.6509
    9.5669
    9.6636
    9.3341
    9.3341
    9.2662
    9.0388
    9.1675
    9.2388
    9.1452
    9.3007
    9.1088
    9.0066
    9.0066
    9.0841
    9.2151
    8.9724
    8.6859
    8.8038
    8.6834
