   12.9293
    9.9177
    7.2621
    1.2426
    3.8203
    0.8883
    1.7998
    1.7851
    2.0419
    2.3937
    2.3367
    2.5560
    2.6104
    4.4361
    5.6859
    3.7226
    3.8084
    2.8596
    2.7291
    3.2506
    2.9982
    2.4493
    2.7074
    2.7462
    3.1330
    3.1165
    4.1979
    4.9148
    5.2136
    4.9540
    3.6633
    3.6096
    3.4586
    3.2860
    3.0167
    2.9815
    3.1256
    3.2229
    3.0332
    3.2140
    3.5705
    3.6201
    2.8733
    2.6785
    2.5842
    2.5208
    2.2430
    2.0772
    1.7216
    1.5788
    1.4222
    1.2856
    1.2380
    1.2273
    1.2020
    1.1023
    1.0624
    1.0207
    0.9702
    0.8924
    0.9053
    0.9126
    0.9036
    0.9493
    0.9537
    0.9354
    0.9431
    0.9741
    1.0158
    1.1411
    1.1616
    1.2417
    1.2493
    1.1664
    1.2184
    1.3523
    1.4124
    1.4682
    1.5579
    1.5544
    1.5697
    1.6244
    1.6528
    1.8217
    1.9033
    1.9704
    1.9575
    1.8771
    1.8255
    1.7479
    1.6690
    1.6786
    1.8985
    2.0369
    2.1429
    2.1585
    2.3180
    2.3511
    2.3346
    2.3204
    2.2840
    2.3526
    2.1924
    2.3101
    2.2743
    2.2204
    2.1980
    2.1883
    2.0237
    2.0119
    2.0739
    2.0482
    2.2017
    1.9726
    1.9000
    1.8280
    1.7033
    1.6185
    1.5673
    1.5636
    1.5273
    1.4079
    1.3171
    1.2652
    1.2324
    1.2650
    1.2534
    1.2385
    1.2653
    1.2935
    1.3726
    1.3795
    1.3504
    1.3408
    1.2959
    1.3533
    1.3509
    1.3340
    1.3017
    1.2965
    1.2993
    1.2964
    1.3307
    1.3836
    1.4059
    1.4643
    1.5015
    1.5542
    1.6222
    1.6621
    1.7219
    1.7313
    1.7857
    1.8067
    1.7944
    1.6908
    1.7339
    1.7542
    1.7587
    1.7651
    1.7578
    1.7824
    1.7201
    1.6717
    1.6472
    1.5925
    1.6109
    1.6157
    1.6754
    1.6782
    1.5887
    1.6138
    1.6403
    1.5754
    1.5855
    1.6402
    1.6671
    1.6525
    1.6233
    1.5949
    1.5818
    1.5515
    1.5175
    1.5027
    1.5185
    1.4866
    1.4475
    1.4331
    1.4219
    1.3960
    1.3834
    1.4088
    1.4072
    1.4594
    1.4696
    1.5037
    1.5216
    1.5436
    1.5112
    1.4996
    1.5207
    1.5392
    1.5366
    1.5505
    1.5062
    1.5334
    1.5442
    1.5624
    1.5834
    1.5675
    1.5841
    1.6064
    1.6096
    1.6468
    1.6678
    1.6285
    1.6725
    1.6890
    1.7144
    1.7168
    1.7209
    1.7474
    1.7491
    1.7581
    1.7645
    1.7798
    1.7996
    1.7987
    1.9084
    1.9154
    1.9024
    1.9736
    2.0087
    2.0781
    2.1604
    2.2040
    2.2430
    2.3146
    2.3225
    2.3324
    2.3723
    2.3981
    2.4197
    2.3656
    2.3588
    2.3934
    2.4217
    2.4748
    2.5112
    2.4871
    2.5070
    2.4988
    2.5218
    2.5657
    2.5673
    2.4982
    2.4387
    2.5571
    2.6620
    2.7174
    2.6752
    2.7243
    2.6868
    2.7269
    2.7058
    2.6732
    2.6349
    2.6045
    2.6142
    2.6347
    2.6326
    2.6376
    2.6312
    2.5718
    2.5899
    2.6657
    2.7548
    2.7049
    2.6914
    2.6697
    2.7115
    2.7646
    2.7823
    2.8234
    2.8008
    2.8228
    2.8738
    2.8446
    2.8150
    2.8548
    2.9335
    2.9789
    2.9705
    2.9577
    2.8940
    2.9173
    2.9160
    2.9223
    2.9596
    2.9241
    2.9335
    2.9668
    3.0322
    3.0455
    3.0789
    3.1432
    3.1691
    3.2199
    3.2114
    3.2112
    3.2467
    3.2511
    3.2608
    3.2787
    3.3241
    3.3544
    3.3995
    3.3663
    3.3830
    3.3537
    3.3854
    3.4106
    3.4692
    3.5771
    3.5819
    3.5788
    3.5790
    3.6610
    3.7261
    3.7240
    3.6939
    3.7596
    3.7631
    3.7578
    3.8246
    3.8833
    3.8315
    3.8350
    3.8149
    3.8098
    3.7778
    3.7929
    3.8060
    3.8409
    3.9393
    3.9679
    3.7857
    3.6452
    3.6133
    3.5651
    3.5788
    3.5332
    3.5758
    3.4994
    3.4967
    3.4819
    3.4818
    3.4586
    3.4723
    3.3781
    3.3119
    3.2828
    3.3140
    3.2697
    3.2548
    3.1504
    3.1568
    3.1114
    3.0769
    3.0873
    3.0903
    3.1115
    3.1146
    3.0777
    3.0184
    3.0119
    2.9721
    2.9570
    2.8990
    2.8732
    2.7909
    2.7777
    2.7503
    2.6450
    2.6228
    2.5825
    2.5771
    2.5536
    2.5556
    2.5600
    2.5297
    2.4610
    2.4457
    2.4233
    2.4371
    2.4400
    2.3988
    2.3658
    2.2950
    2.2806
    2.2661
    2.2356
    2.2274
    2.1799
    2.1338
    2.1209
    2.1089
    2.0697
    2.0242
    1.9943
    1.9927
    1.9880
    1.9995
    1.9568
    1.9313
    1.9057
    1.8914
    1.8740
    1.8681
    1.8653
    1.8575
    1.8569
    1.8431
    1.8279
    1.8345
    1.8189
    1.7922
    1.8021
    1.7846
    1.7755
    1.7809
    1.7839
    1.7730
    1.7656
    1.7632
    1.7494
    1.7644
    1.7654
    1.7564
    1.7542
    1.7925
    1.7880
    1.8042
    1.8078
    1.8020
    1.7864
    1.7643
    1.7829
    1.7772
    1.7740
    1.7711
    1.7872
    1.8108
    1.8486
    1.8483
    1.8353
    1.8306
    1.8498
    1.8476
    1.8404
    1.8526
    1.8313
    1.8312
    1.8291
    1.8283
    1.8256
    1.8143
    1.7899
    1.7977
    1.7595
    1.7496
    1.7588
    1.7178
    1.7209
    1.7168
    1.7021
    1.7033
    1.6828
    1.6721
    1.6572
    1.6510
    1.6128
    1.6192
    1.6228
    1.6248
    1.6192
    1.6002
    1.5868
    1.5737
    1.5422
    1.5306
    1.5249
    1.5108
    1.5235
    1.5263
    1.5172
    1.5040
    1.4745
    1.4533
    1.4484
    1.4627
    1.4691
    1.4777
    1.4508
    1.4449
    1.4170
    1.4201
    1.4078
    1.4264
    1.4313
    1.4274
    1.4234
    1.4258
    1.4366
    1.4266
    1.4260
    1.4214
    1.4164
    1.3916
    1.3741
    1.3830
    1.3870
    1.3845
    1.3936
    1.3679
    1.3660
    1.3605
    1.3529
    1.3527
    1.3441
    1.3077
    1.2989
    1.2977
    1.2981
    1.2897
    1.2870
    1.2916
    1.2936
    1.2885
    1.2873
    1.2944
    1.2782
    1.2781
    1.2750
    1.2795
    1.2785
    1.2679
    1.2374
    1.2220
    1.2156
    1.2041
    1.1939
    1.1982
    1.2011
    1.1902
    1.1940
    1.1839
    1.1660
    1.1470
    1.1492
    1.1412
    1.1421
    1.1441
    1.1327
    1.1299
    1.1200
    1.1061
    1.0990
    1.0990
    1.0875
    1.0755
    1.0727
    1.0723
    1.0631
    1.0637
    1.0547
    1.0574
    1.0540
    1.0643
    1.0609
    1.0590
    1.0699
    1.0492
    1.0509
    1.0596
    1.0595
    1.0687
    1.0736
    1.0686
    1.0815
    1.0746
    1.0841
    1.0820
    1.0795
    1.0898
    1.0897
    1.1018
    1.1025
    1.1014
    1.1112
    1.1044
    1.1111
    1.1110
    1.1266
    1.1299
    1.1291
    1.1355
    1.1486
    1.1542
    1.1594
    1.1635
    1.1628
    1.1738
    1.1742
    1.1757
    1.1826
    1.1937
    1.1951
    1.2038
    1.2097
    1.2341
    1.2299
    1.2378
    1.2439
    1.2536
    1.2550
    1.2651
    1.2613
    1.2870
    1.2933
    1.2987
    1.3077
    1.3175
    1.3329
    1.3596
    1.3697
    1.4004
    1.4068
    1.4127
    1.4345
    1.4496
    1.4597
    1.4603
    1.4800
    1.4957
    1.5208
    1.5276
    1.5357
    1.5569
    1.5653
    1.5805
    1.5903
    1.6002
    1.6423
    1.6643
    1.6727
    1.6783
    1.6876
    1.7032
    1.7218
    1.7260
    1.7833
    1.8086
    1.8183
    1.8439
    1.8491
    1.8762
    1.8855
    1.9413
    1.9768
    1.9988
    2.0168
    2.0265
    2.0370
    2.0547
    2.0647
    2.0968
    2.1322
    2.1368
    2.1542
    2.1683
    2.1656
    2.2195
    2.2288
    2.2399
    2.2685
    2.3081
    2.3292
    2.3471
    2.4042
    2.4789
    2.5359
    2.5810
    2.6540
    2.7575
    2.7592
    2.7666
    2.8013
    2.8450
    2.8950
    2.9039
    2.9433
    3.1070
    3.1607
    3.1910
    3.1914
    3.2125
    3.2680
    3.3206
    3.3725
    3.4382
    3.4413
    3.5001
    3.5818
    3.5836
    3.6624
    3.7307
    3.7963
    3.8801
    3.8978
    3.9637
    4.0315
    4.1052
    4.1137
    4.1348
    4.1964
    4.2210
    4.2835
    4.3171
    4.3455
    4.3815
    4.4341
    4.4220
    4.4714
    4.5766
    4.6059
    4.6143
    4.6480
    4.6589
    4.6531
    4.6956
    4.7502
    4.7789
    4.8389
    4.9003
    4.9579
    5.0305
    5.0910
    5.2092
    5.2525
    5.2519
    5.3149
    5.3415
    5.3779
    5.4176
    5.5011
    5.6365
    5.7176
    5.7790
    5.7943
    5.8240
    5.8975
    5.9722
    6.0681
    6.1245
    6.1570
    6.2077
    6.2102
    6.3009
    6.3492
    6.4129
    6.5470
    6.6200
    6.7091
    6.7493
    6.9605
    7.0811
    7.2446
    7.2758
    7.2973
    7.3465
    7.4304
    7.5193
    7.7143
    7.8036
    7.8733
    7.9740
    8.0529
    8.0381
    8.0955
    8.1540
    8.2430
    8.3502
    8.4930
    8.5361
    8.6048
    8.6580
    8.6705
    8.6725
    8.7372
    8.8679
    8.9810
    9.0764
    9.1780
    9.2114
    9.2549
    9.2503
    9.2939
    9.3984
    9.5444
    9.5412
    9.5485
    9.5786
    9.6506
    9.7247
    9.7436
    9.8442
    9.9337
   10.0025
   10.0115
   10.0750
   10.0571
   10.0734
   10.1305
   10.1539
   10.1697
   10.3015
   10.3546
   10.4388
   10.4342
   10.4285
   10.4620
   10.4602
   10.5116
   10.5187
   10.5113
   10.6246
   10.5983
   10.7433
   10.7471
   10.8558
   10.8447
   10.8224
   10.8251
   10.8855
   10.9745
   10.9714
   10.9873
   11.0204
   11.0938
   11.1779
   11.1760
   11.1759
   11.2104
   11.2448
   11.2756
   11.3184
   11.3885
   11.5605
   11.6079
   11.6383
   11.6366
   11.7104
   11.7897
   11.8896
   11.8743
   11.9194
   11.9143
   11.8808
   11.9137
   11.9125
   11.9045
   11.9049
   11.8763
   11.8738
   11.8712
   11.9875
   12.0617
   12.1253
   12.1264
   12.1175
   12.0837
   12.1028
   12.2318
   12.1987
   12.1610
   12.1330
   12.1846
   12.2884
   12.2852
   12.3496
   12.3526
   12.3530
   12.3310
   12.3455
   12.3165
   12.4310
   12.5450
   12.5358
   12.6011
   12.7525
   12.8217
   12.8008
   12.7712
   12.7775
   12.7706
   12.8568
   12.8547
   12.7770
   12.7455
   12.8363
   13.0095
   13.1118
   13.1524
   13.2160
   13.4726
   13.4726
   13.5809
   13.5566
   13.8338
   13.9226
   13.9327
   14.2007
   14.2370
   14.2734
   14.2734
   14.2151
   14.2619
   14.4924
   14.6145
   14.7595
   14.8450
   14.8630
   15.0520
   15.0520
   15.0649
   15.1978
   15.3943
   15.5316
   15.6089
   15.5980
   15.7315
   15.6113
   15.6030
   15.6030
   15.9369
   15.8564
   16.0581
   16.2086
   16.2562
   16.3961
   16.4677
   16.5165
   16.5165
   16.4409
   16.3896
   16.6303
   16.8146
   16.8701
   16.8329
   16.8798
   16.7933
   16.7933
   16.8577
   17.2191
   17.7462
   18.2812
   18.5614
   18.3279
   18.3319
   18.4613
   18.4613
   18.2862
   18.5893
   18.4985
   18.8284
   18.6181
   18.4103
   18.3204
   18.0170
   18.0170
   18.1729
   18.0727
   18.0970
   18.1688
   18.0359
   17.8410
   17.4480
   17.0888
   17.0888
   16.6969
   16.8481
   16.8287
   17.3875
   17.2102
   17.3681
   17.4781
   17.8436
   17.3862
   17.3862
   17.6535
   17.8178
   18.2510
   18.0867
   18.3533
   18.4579
   18.3201
   18.1846
   18.1846
   17.8841
   17.8031
   16.9194
   16.2929
   15.9475
   15.9951
   16.3850
   16.2201
   16.2201
   16.5876
   15.8441
   14.9662
   15.0283
   15.0269
   14.8363
