    2.3402
    2.2988
    1.2713
    0.2687
    0.5312
   11.0691
    0.8716
   10.6562
    0.8572
    0.9609
    1.0675
    1.1786
    1.2391
    0.9244
    0.6681
    0.3999
    0.4996
    0.6686
    0.6877
    0.5711
    0.6519
    1.1660
    1.4049
    1.7163
    2.5089
    2.8061
    3.0423
    2.8794
    2.5989
    2.3081
    2.3294
    2.1403
    2.1391
    1.8496
    2.1065
    2.0253
    2.0042
    2.1793
    2.2106
    1.9283
    1.5889
    1.5222
    1.6125
    1.5702
    1.5877
    1.5463
    1.4899
    1.4881
    1.6090
    1.9396
    2.1269
    2.1535
    2.3493
    2.4773
    2.4247
    2.6158
    2.6460
    2.7333
    2.8322
    2.9329
    3.1187
    3.1179
    3.1129
    2.9353
    3.0739
    2.6486
    2.5674
    2.4008
    2.6829
    2.7339
    2.7303
    3.0183
    3.4081
    3.9315
    4.2884
    4.1107
    4.1461
    4.1687
    4.2418
    4.1246
    3.7138
    3.4243
    3.3563
    3.2749
    3.4837
    3.6147
    3.3988
    3.1966
    3.2041
    3.1762
    2.9955
    2.8964
    2.9861
    2.7773
    2.5749
    2.6885
    2.5397
    2.5708
    2.4068
    2.4802
    2.4511
    2.5539
    2.6605
    2.4612
    2.3281
    2.3450
    2.2843
    2.1250
    2.1310
    1.9796
    2.0785
    2.1698
    2.1076
    2.1409
    2.1980
    2.1231
    1.8875
    1.9316
    1.9719
    2.0413
    2.0089
    1.9229
    1.8161
    1.7490
    1.7590
    1.6997
    1.7145
    1.6580
    1.8022
    1.7803
    1.8874
    1.9248
    1.8902
    1.8293
    1.7976
    1.7920
    1.7990
    1.7533
    1.7577
    1.7451
    1.7178
    1.7611
    1.6975
    1.6231
    1.6172
    1.6560
    1.6896
    1.6661
    1.6242
    1.6036
    1.5624
    1.5588
    1.5499
    1.5294
    1.5172
    1.6262
    1.6850
    1.7522
    1.8112
    1.7831
    1.8823
    1.8414
    1.9674
    2.0924
    2.0506
    2.1528
    2.2738
    2.3848
    2.4283
    2.4103
    2.4100
    2.3202
    2.3255
    2.2917
    2.3345
    2.4036
    2.3868
    2.3316
    2.3013
    2.2829
    2.3756
    2.4323
    2.3990
    2.3726
    2.2618
    2.2169
    2.2452
    2.2490
    2.2745
    2.2967
    2.2464
    2.2475
    2.1713
    2.1756
    2.1310
    2.0884
    2.0878
    2.0541
    1.9483
    1.9084
    1.9086
    1.9570
    1.8760
    1.8649
    1.7822
    1.7172
    1.6632
    1.6953
    1.6198
    1.5194
    1.5055
    1.4809
    1.5154
    1.5421
    1.5054
    1.5433
    1.5802
    1.5723
    1.5647
    1.5653
    1.5309
    1.4754
    1.4664
    1.5075
    1.4754
    1.4851
    1.4828
    1.4964
    1.4551
    1.4459
    1.5133
    1.5228
    1.5337
    1.5943
    1.6062
    1.6069
    1.5847
    1.5768
    1.5616
    1.5389
    1.5363
    1.5578
    1.5899
    1.6087
    1.6401
    1.6083
    1.6258
    1.6077
    1.5613
    1.5706
    1.6019
    1.5987
    1.6209
    1.6189
    1.6299
    1.6221
    1.6304
    1.6273
    1.5883
    1.6396
    1.6638
    1.6335
    1.6363
    1.6446
    1.6669
    1.6080
    1.5529
    1.4925
    1.4842
    1.4113
    1.4695
    1.4726
    1.4419
    1.4544
    1.4344
    1.3997
    1.4362
    1.4880
    1.5223
    1.5221
    1.5199
    1.4978
    1.4984
    1.4696
    1.4701
    1.4485
    1.3762
    1.3552
    1.3718
    1.3959
    1.3372
    1.3169
    1.3319
    1.3490
    1.3003
    1.2714
    1.3014
    1.3093
    1.3320
    1.3117
    1.3274
    1.3245
    1.3129
    1.2947
    1.2617
    1.2789
    1.2592
    1.2532
    1.2552
    1.2615
    1.2802
    1.2795
    1.2863
    1.2732
    1.2636
    1.2437
    1.2433
    1.2406
    1.2247
    1.1969
    1.1867
    1.1872
    1.1784
    1.1747
    1.1693
    1.1770
    1.1838
    1.1851
    1.2014
    1.2105
    1.2018
    1.1825
    1.1723
    1.1874
    1.1960
    1.1845
    1.1885
    1.1936
    1.2141
    1.2047
    1.2057
    1.1882
    1.1590
    1.1719
    1.1710
    1.1860
    1.1925
    1.1762
    1.1775
    1.1663
    1.1389
    1.1303
    1.1469
    1.1369
    1.1531
    1.1466
    1.1608
    1.1774
    1.1929
    1.2126
    1.2278
    1.2609
    1.2893
    1.2883
    1.2878
    1.2979
    1.3027
    1.3002
    1.2965
    1.3137
    1.2822
    1.2777
    1.3040
    1.2923
    1.2888
    1.2797
    1.2551
    1.2511
    1.2479
    1.2374
    1.2301
    1.2491
    1.2471
    1.2677
    1.2951
    1.3129
    1.3242
    1.3366
    1.3644
    1.3987
    1.3950
    1.3926
    1.4020
    1.4122
    1.4336
    1.4537
    1.4650
    1.4957
    1.5025
    1.4832
    1.4568
    1.4718
    1.4852
    1.4929
    1.5076
    1.5049
    1.5076
    1.5035
    1.5147
    1.5327
    1.5159
    1.5071
    1.5081
    1.4847
    1.4880
    1.4986
    1.5004
    1.5161
    1.5348
    1.5254
    1.5336
    1.5314
    1.5320
    1.5366
    1.5532
    1.5340
    1.5424
    1.5454
    1.5698
    1.5554
    1.5573
    1.5703
    1.5843
    1.5587
    1.5433
    1.5561
    1.5591
    1.5605
    1.5574
    1.5497
    1.5576
    1.5571
    1.5529
    1.5565
    1.5443
    1.5530
    1.5451
    1.5578
    1.5594
    1.5481
    1.5398
    1.5267
    1.5249
    1.5247
    1.5229
    1.5135
    1.5047
    1.5013
    1.5088
    1.5073
    1.5021
    1.4987
    1.4968
    1.5006
    1.5077
    1.4794
    1.4875
    1.4790
    1.4963
    1.4842
    1.4820
    1.4780
    1.4858
    1.4794
    1.5111
    1.5259
    1.5262
    1.5292
    1.5501
    1.5635
    1.5546
    1.5522
    1.5512
    1.5366
    1.5160
    1.5056
    1.4821
    1.4827
    1.4704
    1.4580
    1.4190
    1.3934
    1.3802
    1.3759
    1.3592
    1.3529
    1.3462
    1.3432
    1.3321
    1.3262
    1.3197
    1.3164
    1.3341
    1.3402
    1.3452
    1.3420
    1.3451
    1.3418
    1.3300
    1.3354
    1.3376
    1.3330
    1.3249
    1.3207
    1.2812
    1.2842
    1.2627
    1.2696
    1.2761
    1.2727
    1.2758
    1.2722
    1.3043
    1.3057
    1.3086
    1.2991
    1.2936
    1.2678
    1.2599
    1.2533
    1.2468
    1.2540
    1.2437
    1.2363
    1.2174
    1.2072
    1.2088
    1.1865
    1.1620
    1.1394
    1.1378
    1.1438
    1.1483
    1.1405
    1.1239
    1.1119
    1.1322
    1.1550
    1.1509
    1.1326
    1.1284
    1.1303
    1.1378
    1.1349
    1.1160
    1.1216
    1.1384
    1.1427
    1.1376
    1.1344
    1.1369
    1.1301
    1.1190
    1.0914
    1.0889
    1.0866
    1.0871
    1.0778
    1.0791
    1.0917
    1.0920
    1.0789
    1.0889
    1.0938
    1.0797
    1.0796
    1.0844
    1.0859
    1.0755
    1.0972
    1.0982
    1.0964
    1.1024
    1.1133
    1.1054
    1.1202
    1.1321
    1.1466
    1.1553
    1.1773
    1.1785
    1.1729
    1.1606
    1.1668
    1.1576
    1.1662
    1.1651
    1.1767
    1.1659
    1.1447
    1.1404
    1.1428
    1.1358
    1.1425
    1.1574
    1.1534
    1.1488
    1.1673
    1.1726
    1.1906
    1.1877
    1.2009
    1.1969
    1.1975
    1.1986
    1.2062
    1.2128
    1.2124
    1.2070
    1.2262
    1.2476
    1.2540
    1.2735
    1.2882
    1.2958
    1.2889
    1.2817
    1.2825
    1.2934
    1.2841
    1.2744
    1.2891
    1.2879
    1.2973
    1.3064
    1.3262
    1.3400
    1.3407
    1.3386
    1.3392
    1.3438
    1.3492
    1.3547
    1.3607
    1.3646
    1.3833
    1.3832
    1.4084
    1.4157
    1.4015
    1.4026
    1.4129
    1.4282
    1.4252
    1.4415
    1.4470
    1.4566
    1.4484
    1.4507
    1.4437
    1.4458
    1.4511
    1.4718
    1.4937
    1.5121
    1.5381
    1.5472
    1.5685
    1.5676
    1.6030
    1.6157
    1.6240
    1.6609
    1.6942
    1.6961
    1.7145
    1.7286
    1.7485
    1.7680
    1.7846
    1.8173
    1.8303
    1.8274
    1.8339
    1.8429
    1.8911
    1.9089
    1.9187
    1.9261
    1.9365
    1.9387
    1.9520
    1.9754
    1.9882
    2.0070
    2.0105
    2.0201
    2.0347
    2.0433
    2.0757
    2.0726
    2.0811
    2.1051
    2.1323
    2.1606
    2.1694
    2.1969
    2.2584
    2.2982
    2.3198
    2.3588
    2.3902
    2.4077
    2.4178
    2.4255
    2.4447
    2.4488
    2.4374
    2.4870
    2.5216
    2.5596
    2.5770
    2.5941
    2.6333
    2.6248
    2.6539
    2.6641
    2.6921
    2.7440
    2.7539
    2.7696
    2.7853
    2.8018
    2.7889
    2.8294
    2.8357
    2.8430
    2.8436
    2.8921
    2.8878
    2.8877
    2.8714
    2.8611
    2.8975
    2.9400
    2.9760
    3.0139
    3.0478
    3.0841
    3.0981
    3.1137
    3.1307
    3.1565
    3.2006
    3.2069
    3.3049
    3.3006
    3.3033
    3.3417
    3.3818
    3.3939
    3.4141
    3.4256
    3.4525
    3.4861
    3.4756
    3.4921
    3.5124
    3.5504
    3.5629
    3.5727
    3.6043
    3.6324
    3.6335
    3.6510
    3.6994
    3.7026
    3.7360
    3.7781
    3.7929
    3.8556
    3.8743
    3.8823
    3.8484
    3.8460
    3.8329
    3.8547
    3.8856
    3.8960
    3.9245
    3.9444
    3.9813
    4.0050
    4.0465
    4.0529
    4.0806
    4.1042
    4.1003
    4.0963
    4.1204
    4.0935
    4.1361
    4.1409
    4.1722
    4.2102
    4.2325
    4.2324
    4.2501
    4.2659
    4.2650
    4.2742
    4.2879
    4.2983
    4.3250
    4.3612
    4.3591
    4.3699
    4.3859
    4.4562
    4.5050
    4.5053
    4.5069
    4.5495
    4.6147
    4.6167
    4.6154
    4.6407
    4.6552
    4.6804
    4.7004
    4.7463
    4.7634
    4.7721
    4.7861
    4.7852
    4.7876
    4.7760
    4.7733
    4.7614
    4.7618
    4.7555
    4.8019
    4.8028
    4.8051
    4.7905
    4.7950
    4.8249
    4.8113
    4.7934
    4.8478
    4.8521
    4.8826
    4.8845
    4.9012
    4.9254
    4.9397
    4.9574
    4.9393
    4.9367
    4.9770
    4.9684
    4.9696
    4.9869
    4.9666
    4.9570
    4.9593
    4.9531
    4.9665
    4.9525
    4.9984
    4.9984
    4.9918
    5.0072
    5.0296
    5.0535
    5.0428
    5.0405
    5.0325
    5.0404
    5.0402
    5.0745
    5.0532
    5.0868
    5.0741
    5.1006
    5.0833
    5.0633
    5.0285
    5.0384
    5.0399
    5.0190
    4.9664
    4.9900
    5.0456
    5.0608
    5.0669
    5.0266
    5.0463
    5.0499
    5.0716
    5.0793
    5.1223
    5.1646
    5.2408
    5.2170
    5.2319
    5.2223
    5.2222
    5.1746
    5.1576
    5.1536
    5.1438
    5.1897
    5.1729
    5.1534
    5.2072
    5.2072
    5.1826
    5.1305
    5.1277
    5.1203
    5.1639
    5.1854
    5.2567
    5.2098
    5.2098
    5.2007
    5.2147
    5.2723
    5.3360
    5.2312
    5.2937
    5.3681
    5.4891
    5.4891
    5.5657
    5.5834
    5.5023
    5.4526
    5.4354
    5.4583
    5.3985
    5.4307
    5.5002
    5.5002
    5.5662
    5.5452
    5.6055
    5.6407
    5.5009
    5.5427
    5.4082
    5.5680
    5.5680
    5.6280
    5.6141
    5.6332
    5.5571
    5.5309
    5.5562
    5.5010
    5.4572
    5.4572
    5.4039
    5.4693
    5.4821
    5.4327
    5.4313
    5.3566
    5.3300
    5.3334
    5.3334
    5.2350
    5.3494
    5.4772
    5.5452
    5.4313
    5.4360
    5.5751
    5.5606
    5.5606
    5.7140
    5.6652
    5.3214
    5.2761
    5.3088
    5.5885
    5.7974
    5.8307
    5.8307
    6.0053
    5.9535
    6.0924
    6.0401
    5.9582
    6.0173
    5.8543
    5.8995
    5.6506
    5.6506
    5.7123
    6.0835
    5.8860
    5.8800
    5.9939
    6.0995
    5.9889
    6.1744
    6.1744
    6.2067
    6.2807
    6.2862
    6.1570
    5.8488
    5.8246
    5.8704
    6.0383
    6.0383
    5.8615
    6.0647
    6.2960
    6.6561
    6.5975
    6.8987
