    1.7737
    2.0838
    0.9491
    0.7143
    0.6195
    0.6224
    1.0888
    0.2706
    2.0891
    1.6428
    1.0557
    1.0113
    1.2074
    1.0964
    1.2794
    1.3577
    1.6283
    1.8657
    1.6188
    1.6521
    1.6429
    1.3619
    1.5375
    1.9722
    1.4313
    1.8956
    2.2622
    2.4018
    2.0680
    1.9388
    2.1498
    2.4374
    2.2306
    2.2333
    1.8281
    1.9804
    2.0883
    1.9511
    1.8377
    2.0442
    1.5294
    1.6584
    1.8500
    2.1708
    2.1631
    2.0298
    1.8496
    1.8510
    1.9806
    2.0151
    2.1344
    2.0955
    2.1660
    1.9497
    1.9438
    1.7896
    1.8320
    1.9092
    2.0782
    2.3394
    2.1107
    2.3726
    2.2496
    2.4347
    2.6302
    3.0050
    3.0688
    3.2434
    3.2964
    3.5137
    3.6932
    3.7520
    3.9082
    3.7579
    3.4929
    3.2853
    3.5046
    3.4484
    3.5136
    3.3739
    3.2781
    3.1561
    3.0326
    2.8413
    2.7379
    2.6589
    2.4823
    2.4646
    2.4776
    2.5482
    2.6374
    2.6705
    2.6238
    2.4845
    2.4947
    2.4637
    2.3357
    2.2467
    2.2345
    2.3310
    2.3690
    2.2962
    2.2219
    2.1632
    2.3292
    2.3276
    2.3895
    2.4632
    2.4330
    2.4945
    2.5608
    2.6717
    2.6016
    2.6189
    2.7600
    2.8543
    2.8221
    2.7783
    2.9643
    2.8242
    2.9651
    3.4061
    3.5671
    3.7067
    3.7548
    3.6338
    3.7382
    3.8032
    3.8418
    3.8726
    3.8822
    3.7871
    3.7842
    3.6836
    3.6342
    3.4313
    3.5646
    3.4581
    3.2835
    3.4285
    3.3773
    3.3391
    3.2666
    3.1448
    3.0724
    2.8665
    2.8316
    2.7912
    2.7620
    2.7255
    2.7700
    2.6977
    2.4499
    2.3260
    2.4444
    2.4655
    2.3476
    2.3242
    2.3308
    2.2330
    2.1374
    2.1111
    2.0736
    1.9815
    1.9781
    1.9595
    1.9868
    1.9962
    2.0194
    2.0893
    2.1300
    2.0987
    2.0737
    2.1438
    2.1247
    2.0924
    2.0498
    1.9975
    2.0102
    1.9975
    2.0907
    2.1147
    2.2081
    2.1818
    2.1154
    2.1900
    2.1668
    2.1091
    2.1183
    2.0402
    1.9896
    2.0083
    1.9530
    1.9370
    1.8307
    1.8104
    1.8261
    1.8223
    1.8106
    1.7919
    1.7860
    1.7930
    1.8480
    1.8401
    1.8218
    1.7817
    1.8598
    1.8260
    1.8799
    1.8291
    1.8077
    1.8435
    1.8971
    1.8775
    1.8680
    1.8210
    1.8006
    1.8718
    1.9110
    1.9177
    1.8281
    1.8399
    1.8173
    1.8521
    1.9330
    1.9158
    1.9410
    1.8824
    1.8538
    1.8645
    1.8335
    1.8657
    1.9113
    1.8929
    1.8890
    1.9239
    1.8963
    1.8869
    1.8786
    1.8955
    1.8816
    1.8650
    1.9055
    1.9427
    1.9046
    1.8284
    1.8847
    1.8847
    1.8520
    1.8685
    1.8763
    1.8898
    1.8788
    1.8397
    1.8515
    1.8039
    1.8054
    1.8073
    1.8357
    1.8215
    1.7983
    1.8281
    1.7789
    1.8072
    1.7782
    1.7381
    1.7094
    1.6840
    1.6670
    1.6796
    1.6651
    1.6539
    1.6671
    1.6171
    1.6015
    1.5570
    1.5675
    1.5524
    1.5483
    1.5255
    1.5348
    1.5598
    1.4797
    1.4627
    1.4962
    1.4747
    1.4786
    1.4514
    1.4585
    1.4307
    1.3768
    1.3614
    1.3746
    1.3491
    1.3474
    1.3532
    1.3383
    1.3168
    1.3288
    1.2811
    1.2746
    1.2972
    1.3296
    1.3608
    1.3824
    1.3940
    1.3705
    1.3859
    1.4191
    1.4205
    1.4105
    1.4076
    1.3986
    1.4226
    1.4134
    1.3928
    1.3866
    1.4017
    1.3929
    1.3839
    1.4005
    1.3972
    1.4147
    1.4272
    1.4231
    1.4132
    1.3957
    1.3973
    1.3780
    1.3920
    1.3986
    1.4048
    1.3919
    1.4102
    1.4049
    1.3890
    1.4063
    1.3894
    1.3827
    1.3867
    1.3572
    1.3244
    1.3369
    1.3137
    1.3425
    1.3419
    1.3276
    1.3286
    1.2952
    1.2930
    1.2950
    1.2972
    1.2933
    1.2653
    1.2239
    1.2244
    1.2167
    1.2128
    1.1935
    1.1728
    1.1785
    1.1705
    1.1844
    1.1807
    1.2081
    1.2261
    1.2197
    1.2148
    1.1936
    1.2178
    1.2092
    1.2035
    1.2212
    1.2289
    1.2195
    1.2310
    1.2300
    1.2446
    1.2381
    1.2251
    1.2241
    1.2155
    1.2166
    1.2128
    1.2205
    1.2202
    1.2303
    1.2294
    1.2380
    1.2502
    1.2527
    1.2555
    1.2741
    1.2804
    1.2853
    1.2875
    1.2954
    1.3440
    1.3482
    1.3631
    1.4179
    1.4249
    1.4361
    1.4579
    1.4563
    1.4627
    1.4651
    1.4595
    1.4558
    1.4547
    1.4748
    1.4900
    1.5071
    1.5110
    1.5329
    1.5200
    1.5119
    1.5135
    1.5275
    1.5153
    1.5180
    1.5226
    1.5291
    1.5363
    1.5252
    1.5364
    1.5418
    1.5429
    1.5581
    1.5904
    1.6014
    1.5893
    1.5780
    1.5810
    1.5668
    1.5598
    1.5671
    1.5625
    1.5748
    1.5827
    1.5988
    1.6121
    1.6127
    1.6113
    1.6170
    1.6313
    1.6316
    1.6372
    1.6448
    1.6372
    1.6427
    1.6430
    1.6405
    1.6409
    1.6517
    1.6657
    1.6571
    1.6601
    1.6482
    1.6345
    1.6447
    1.6456
    1.6585
    1.6682
    1.6931
    1.6929
    1.7125
    1.7123
    1.7241
    1.7157
    1.7190
    1.7451
    1.7342
    1.7333
    1.7177
    1.7238
    1.7235
    1.7340
    1.7482
    1.7562
    1.7426
    1.7318
    1.7286
    1.7434
    1.7251
    1.7161
    1.7171
    1.7069
    1.7000
    1.6930
    1.6944
    1.6777
    1.6773
    1.6625
    1.6665
    1.6577
    1.6293
    1.6301
    1.6063
    1.6049
    1.5461
    1.5229
    1.4991
    1.4847
    1.4954
    1.4680
    1.4410
    1.4299
    1.4074
    1.4154
    1.4036
    1.3897
    1.3828
    1.3913
    1.3784
    1.3877
    1.3941
    1.3683
    1.3755
    1.3495
    1.3419
    1.3133
    1.3100
    1.3192
    1.3152
    1.3215
    1.3199
    1.2941
    1.3161
    1.2988
    1.2843
    1.2828
    1.2691
    1.2642
    1.2538
    1.2731
    1.2615
    1.2679
    1.2754
    1.2815
    1.2855
    1.2694
    1.2640
    1.2683
    1.2858
    1.2858
    1.3031
    1.3197
    1.3292
    1.3299
    1.3241
    1.3312
    1.3476
    1.3351
    1.3288
    1.3238
    1.3229
    1.3291
    1.3264
    1.3149
    1.3149
    1.3122
    1.3213
    1.3444
    1.3552
    1.3563
    1.3524
    1.3519
    1.3502
    1.3830
    1.3816
    1.3998
    1.3964
    1.3920
    1.4034
    1.4126
    1.4135
    1.3972
    1.4173
    1.4224
    1.4362
    1.4570
    1.4482
    1.4447
    1.4223
    1.4308
    1.4317
    1.4320
    1.4351
    1.4419
    1.4388
    1.4376
    1.4345
    1.4421
    1.4496
    1.4472
    1.4414
    1.4430
    1.4574
    1.4565
    1.4546
    1.4589
    1.4570
    1.4589
    1.4487
    1.4683
    1.4641
    1.4689
    1.4867
    1.4686
    1.4745
    1.4850
    1.5007
    1.4975
    1.5027
    1.5017
    1.5128
    1.4965
    1.4910
    1.5049
    1.5221
    1.5412
    1.5379
    1.5506
    1.5611
    1.5866
    1.5951
    1.6005
    1.6219
    1.6303
    1.6541
    1.6538
    1.6617
    1.6633
    1.6668
    1.6471
    1.6655
    1.6774
    1.7041
    1.7115
    1.7168
    1.7125
    1.7056
    1.7000
    1.7179
    1.7462
    1.7459
    1.7687
    1.7821
    1.7804
    1.7838
    1.8130
    1.8089
    1.7925
    1.8346
    1.8366
    1.8563
    1.8564
    1.8836
    1.9041
    1.9076
    1.9533
    1.9703
    1.9879
    2.0065
    2.0194
    2.0668
    2.0978
    2.1163
    2.1388
    2.1388
    2.1949
    2.2277
    2.2763
    2.2887
    2.2806
    2.2913
    2.3123
    2.3096
    2.3349
    2.3278
    2.3337
    2.3652
    2.3539
    2.3371
    2.3297
    2.3491
    2.3466
    2.3443
    2.3456
    2.3377
    2.3387
    2.3740
    2.3974
    2.4183
    2.4199
    2.4320
    2.4594
    2.4598
    2.4968
    2.5274
    2.5384
    2.5736
    2.5844
    2.6783
    2.6941
    2.7216
    2.7867
    2.8435
    2.8319
    2.9165
    2.9305
    2.9648
    2.9626
    2.9811
    2.9966
    3.0157
    3.0199
    3.0266
    3.0475
    3.0398
    3.0627
    3.0728
    3.1058
    3.1019
    3.1034
    3.1247
    3.1703
    3.1832
    3.2125
    3.2357
    3.2216
    3.2302
    3.2403
    3.2860
    3.2856
    3.3316
    3.3156
    3.3681
    3.4030
    3.3996
    3.3967
    3.4135
    3.4004
    3.4373
    3.4534
    3.5240
    3.5386
    3.5462
    3.6064
    3.6415
    3.6778
    3.7040
    3.7355
    3.7738
    3.7791
    3.8145
    3.8410
    3.8531
    3.8734
    3.8781
    3.9350
    3.9494
    3.9863
    4.0067
    4.0384
    4.0663
    4.0753
    4.1367
    4.1349
    4.1572
    4.1412
    4.1687
    4.1880
    4.1955
    4.2288
    4.2235
    4.2772
    4.3042
    4.3258
    4.3523
    4.3737
    4.3557
    4.3788
    4.4060
    4.4258
    4.4313
    4.4384
    4.4315
    4.4311
    4.4374
    4.4631
    4.4654
    4.4599
    4.4750
    4.5554
    4.5680
    4.5915
    4.6236
    4.6489
    4.6974
    4.7151
    4.6982
    4.7270
    4.7257
    4.7324
    4.7308
    4.7329
    4.8011
    4.8236
    4.8577
    4.8526
    4.8362
    4.8549
    4.8631
    4.8665
    4.8772
    4.8970
    4.9211
    4.9389
    4.9356
    4.9790
    5.0220
    5.0540
    5.0455
    5.0147
    5.0337
    5.0446
    5.0815
    5.0843
    5.0707
    5.0928
    5.0798
    5.0668
    5.0670
    5.0633
    5.0703
    5.0874
    5.0703
    5.0500
    5.0442
    5.0412
    5.0549
    5.0557
    5.0734
    5.1051
    5.0652
    5.0663
    5.0578
    5.0445
    5.1140
    5.1174
    5.1191
    5.1193
    5.1260
    5.1549
    5.1570
    5.1816
    5.1981
    5.1811
    5.2124
    5.2115
    5.2820
    5.3396
    5.3689
    5.3503
    5.3749
    5.3832
    5.4370
    5.4634
    5.4641
    5.5416
    5.5258
    5.5629
    5.6159
    5.5877
    5.6007
    5.6022
    5.5878
    5.5882
    5.6110
    5.5927
    5.5619
    5.5848
    5.5833
    5.5888
    5.5980
    5.4952
    5.5017
    5.5015
    5.4765
    5.4152
    5.3705
    5.3961
    5.3520
    5.2946
    5.2805
    5.2776
    5.2772
    5.3388
    5.3182
    5.3198
    5.3164
    5.2875
    5.3026
    5.3849
    5.3835
    5.3836
    5.4249
    5.4492
    5.4623
    5.4483
    5.4944
    5.5546
    5.5097
    5.6126
    5.6126
    5.6311
    5.6108
    5.5883
    5.6043
    5.6425
    5.6188
    5.6112
    5.5379
    5.5379
    5.6491
    5.7542
    5.7364
    5.8238
    5.7618
    5.7187
    5.7686
    5.8049
    5.8049
    5.7813
    5.8297
    5.9659
    5.9328
    5.9953
    5.8866
    5.8543
    5.9385
    5.8683
    5.8683
    5.9050
    5.7934
    5.8202
    5.8370
    5.7738
    5.7763
    5.8458
    5.7788
    5.7788
    5.7458
    5.8304
    5.8443
    5.8471
    5.8487
    5.8013
    5.8231
    5.6901
    5.6901
    5.6868
    5.6242
    5.5646
    5.7580
    5.7831
    5.6766
    5.7330
    5.6375
    5.6375
    5.7034
    5.7368
    5.8051
    5.8620
    5.8708
    5.8579
    5.9985
    5.9607
    5.9607
    5.9345
    5.8110
    5.8007
    5.7586
    5.8935
    5.8417
    5.8503
    5.9836
    5.9836
    5.8987
    5.9287
    6.0262
    6.1605
    6.1404
    6.0991
    6.0996
    6.1575
    6.3574
    6.3574
    6.6413
    6.6101
    6.4907
    6.4247
    6.1670
    6.2725
    6.4284
    6.4876
    6.4876
    6.5456
    6.4838
    6.7315
    6.9399
    6.8750
    7.0758
    7.2120
    7.2151
    7.2151
    6.8156
    6.5905
    6.4054
    6.3879
    6.5844
    6.7901
