    0.8921
    0.8921
    0.8921
    0.8921
    0.8921
    0.8921
    0.8921
    0.8921
    0.8921
    0.8921
    0.8921
    0.8921
    0.8921
    0.8922
    0.8922
    0.8922
    0.8922
    0.8921
    0.8921
    0.8921
    0.8920
    0.8920
    0.8919
    0.8920
    0.8919
    0.8919
    0.8919
    0.8919
    0.8919
    0.8919
    0.8919
    0.8919
    0.8919
    0.8919
    0.8919
    0.8920
    0.8920
    0.8920
    0.8920
    0.8920
    0.8920
    0.8921
    0.8921
    0.8921
    0.8921
    0.8921
    0.8922
    0.8922
    0.8922
    0.8923
    0.8923
    0.8923
    0.8923
    0.8924
    0.8924
    0.8924
    0.8924
    0.8924
    0.8924
    0.8924
    0.8923
    0.8923
    0.8921
    0.8920
    0.8920
    0.8919
    0.8918
    0.8918
    0.8917
    0.8917
    0.8917
    0.8917
    0.8917
    0.8918
    0.8918
    0.8918
    0.8918
    0.8919
    0.8919
    0.8919
    0.8920
    0.8920
    0.8921
    0.8921
    0.8921
    0.8921
    0.8922
    0.8923
    0.8923
    0.8924
    0.8924
    0.8925
    0.8926
    0.8925
    0.8925
    0.8924
    0.8924
    0.8924
    0.8923
    0.8923
    0.8922
    0.8921
    0.8920
    0.8920
    0.8920
    0.8921
    0.8919
    0.8917
    0.8915
    0.8920
    0.8918
    0.8918
    0.8918
    0.8916
    0.8918
    0.8917
    0.8916
    0.8918
    0.8919
    0.8918
    0.8919
    0.8920
    0.8922
    0.8923
    0.8924
    0.8925
    0.8925
    0.8928
    0.8933
    0.8940
    0.8915
    0.8920
    0.8923
    0.8926
    0.8927
    0.8928
    0.8928
    0.8928
    0.8928
    0.8930
    0.8929
    0.8929
    0.8930
    0.8929
    0.8929
    0.8930
    0.8930
    0.8929
    0.8928
    0.8928
    0.8929
    0.8929
    0.8928
    0.8926
    0.8924
    0.8922
    0.8920
    0.8919
    0.8919
    0.8920
    0.8918
    0.8912
    0.8905
    0.8934
    0.8935
    0.8930
    0.8925
    0.8922
    0.8921
    0.8921
    0.8921
    0.8921
    0.8920
    0.8920
    0.8919
    0.8918
    0.8919
    0.8919
    0.8920
    0.8919
    0.8919
    0.8918
    0.8917
    0.8918
    0.8917
    0.8916
    0.8917
    0.8916
    0.8915
    0.8915
    0.8913
    0.8913
    0.8910
    0.8908
    0.8911
    0.8912
    0.8913
    0.8914
    0.8914
    0.8915
    0.8915
    0.8915
    0.8920
    0.8920
    0.8924
    0.8925
    0.8927
    0.8927
    0.8927
    0.8927
    0.8923
    0.8921
    0.8922
    0.8921
    0.8922
    0.8923
    0.8923
    0.8925
    0.8923
    0.8924
    0.8923
    0.8922
    0.8920
    0.8921
    0.8919
    0.8919
    0.8921
    0.8921
    0.8918
    0.8917
    0.8916
    0.8914
    0.8914
    0.8914
    0.8913
    0.8911
    0.8908
    0.8908
    0.8908
    0.8909
    0.8911
    0.8913
    0.8916
    0.8921
    0.8915
    0.8912
    0.8909
    0.8906
    0.8905
    0.8902
    0.8900
    0.8897
    0.8897
    0.8893
    0.8882
    0.8872
    0.8860
    0.8843
    0.8831
    0.8847
    0.8846
    0.8848
    0.8853
    0.8858
    0.8866
    0.8871
    0.8874
    0.8873
    0.8872
    0.8873
    0.8873
    0.8874
    0.8875
    0.8875
    0.8876
    0.8880
    0.8877
    0.8876
    0.8873
    0.8872
    0.8871
    0.8868
    0.8870
    0.8872
    0.8878
    0.8878
    0.8878
    0.8876
    0.8878
    0.8873
    0.8873
    0.8873
    0.8877
    0.8872
    0.8869
    0.8864
    0.8864
    0.8858
    0.8857
    0.8843
    0.8840
    0.8789
    0.8902
    0.8900
    0.8915
    0.8912
    0.8922
    0.8920
    0.8926
    0.8929
    0.8934
    0.8935
    0.8935
    0.8935
    0.8935
    0.8934
    0.8934
    0.8933
    0.8946
    0.8940
    0.8937
    0.8943
    0.8953
    0.8964
    0.8979
    0.8994
    0.8981
    0.8988
    0.8994
    0.8994
    0.8996
    0.8990
    0.8985
    0.8979
    0.8976
    0.8979
    0.8980
    0.8983
    0.8985
    0.8983
    0.8982
    0.8984
    0.8980
    0.8978
    0.8977
    0.8978
    0.8976
    0.8977
    0.8976
    0.8976
    0.8978
    0.8979
    0.8981
    0.8983
    0.8986
    0.8984
    0.8983
    0.8984
    0.8978
    0.8976
    0.8981
    0.8983
    0.8987
    0.8987
    0.8992
    0.8993
    0.8998
    0.9017
    0.9014
    0.9012
    0.9016
    0.9024
    0.9028
    0.9036
    0.9049
    0.9036
    0.9031
    0.9041
    0.9041
    0.9099
    0.9062
    0.9004
    0.9002
    0.8972
    0.8963
    0.8959
    0.8940
    0.8920
    0.8921
    0.8912
    0.8889
    0.8872
    0.8861
    0.8872
    0.8886
    0.8889
    0.8890
    0.8888
    0.8886
    0.8887
    0.8904
    0.8894
    0.8896
    0.8890
    0.8886
    0.8874
    0.8866
    0.8870
    0.8866
    0.8867
    0.8843
    0.8840
    0.8844
    0.8842
    0.8844
    0.8837
    0.8826
    0.8833
    0.8835
    0.8845
    0.8848
    0.8848
    0.8852
    0.8850
    0.8860
    0.8866
    0.8863
    0.8875
    0.8867
    0.8858
    0.8854
    0.8853
    0.8852
    0.8849
    0.8846
    0.8840
    0.8839
    0.8845
    0.8847
    0.8845
    0.8846
    0.8846
    0.8851
    0.8847
    0.8850
    0.8854
    0.8852
    0.8854
    0.8851
    0.8849
    0.8847
    0.8851
    0.8848
    0.8853
    0.8854
    0.8854
    0.8855
    0.8863
    0.8865
    0.8870
    0.8869
    0.8865
    0.8856
    0.8841
    0.8844
    0.8850
    0.8843
    0.8842
    0.8835
    0.8837
    0.8828
    0.8823
    0.8830
    0.8842
    0.8852
    0.8851
    0.8862
    0.8858
    0.8851
    0.8834
    0.8828
    0.8830
    0.8852
    0.8860
    0.8858
    0.8855
    0.8876
    0.8881
    0.8914
    0.8921
    0.8919
    0.8946
    0.8951
    0.9003
    0.9010
    0.9024
    0.9024
    0.9012
    0.9005
    0.9006
    0.9018
    0.9016
    0.8990
    0.8977
    0.8968
    0.8954
    0.8946
    0.8946
    0.8951
    0.8957
    0.8962
    0.8958
    0.8969
    0.8974
    0.8987
    0.8992
    0.8997
    0.8922
    0.8918
    0.8918
    0.8918
    0.8919
    0.8922
    0.8932
    0.8926
    0.8937
    0.8941
    0.8941
    0.8931
    0.8936
    0.8954
    0.8946
    0.8940
    0.8927
    0.8908
    0.8897
    0.8887
    0.8873
    0.8861
    0.8880
    0.8883
    0.8894
    0.8890
    0.8894
    0.8896
    0.8900
    0.8908
    0.8915
    0.8921
    0.8919
    0.8900
    0.8897
    0.8900
    0.8914
    0.8920
    0.8888
    0.8896
    0.8893
    0.8909
    0.8910
    0.8906
    0.8894
    0.8895
    0.8905
    0.8907
    0.8923
    0.8926
    0.8938
    0.8936
    0.8941
    0.8951
    0.8967
    0.8954
    0.8951
    0.8948
    0.8948
    0.8971
    0.8967
    0.8978
    0.8984
    0.8989
    0.8990
    0.9001
    0.9019
    0.9010
    0.9014
    0.9018
    0.9028
    0.9037
    0.9040
    0.9051
    0.9052
    0.9059
    0.9078
    0.9066
    0.9081
    0.9102
    0.9098
    0.9139
    0.9128
    0.9188
    0.9191
    0.9409
    0.9406
    0.9592
    0.9608
    0.9606
    0.9613
    0.9600
    0.9595
    0.9600
    0.9615
    0.9633
    0.9643
    0.9645
    0.9650
    0.9655
    0.9655
    0.9669
    0.9667
    0.9874
    0.9886
    0.9887
    0.9898
    0.9881
    0.9873
    0.9860
    0.9860
    0.9807
    0.9768
    0.9788
    0.9792
    0.9791
    0.9796
    0.9780
    0.9757
    0.9748
    0.9773
    0.9786
    0.9756
    0.9740
    0.9696
    0.9670
    0.9673
    0.9731
    0.9728
    0.9578
    0.9546
    0.9498
    0.9469
    0.9440
    0.9419
    0.9531
    0.9554
    0.9576
    0.9584
    0.9569
    0.9574
    0.9596
    0.9574
    0.9574
    0.9587
    0.9490
    0.9527
    0.9544
    0.9557
    0.9541
    0.9518
    0.9508
    0.9492
    0.9526
    0.9520
    0.9531
    0.9538
    0.9528
    0.9539
    0.9536
    0.9556
    0.9564
    0.9526
    0.9528
    0.9510
    0.9503
    0.9495
    0.9480
    0.9489
    0.9474
    0.9485
    0.9481
    0.9480
    0.9465
    0.9470
    0.9462
    0.9498
    0.9547
    0.9539
    0.9532
    0.9504
    0.9494
    0.9488
    0.9511
    0.9491
    0.9501
    0.9459
    0.9483
    0.9460
    0.9475
    0.9498
    0.9517
    0.9505
    0.9476
    0.9540
    0.9622
    0.9612
    0.9632
    0.9629
    0.9648
    0.9668
    0.9663
    0.9645
    0.9633
    0.9649
    0.9633
    0.9646
    0.9632
    0.9626
    0.9622
    0.9655
    0.9616
    0.9702
    0.9665
    0.9665
    0.9661
    0.9672
    0.9674
    0.9654
    0.9636
    0.9640
    0.9656
    0.9636
    0.9634
    0.9618
    0.9621
    0.9627
    0.9611
    0.9636
    0.9602
    0.9539
    0.9554
    0.9511
    0.9520
    0.9518
    0.9516
    0.9503
    0.9464
    0.9479
    0.9402
    0.9392
    0.9146
    0.9130
    0.9135
    0.8955
    0.8951
    0.8952
    0.8958
    0.8947
    0.8949
    0.8989
    0.9011
    0.9029
    0.9007
    0.8980
    0.8927
    0.8876
    0.8843
    0.8632
    0.8622
    0.8624
    0.8668
    0.8705
    0.8737
    0.8743
    0.8611
    0.8561
    0.8532
    0.8523
    0.8565
    0.8569
    0.8582
    0.8597
    0.8587
    0.8572
    0.8500
    0.8537
    0.8540
    0.8530
    0.8572
    0.8585
    0.8599
    0.8622
    0.8665
    0.8675
    0.8695
    0.8692
    0.8677
    0.8706
    0.8689
    0.8693
    0.8730
    0.8757
    0.8753
    0.8734
    0.8722
    0.8746
    0.8870
    0.8876
    0.8895
    0.8921
    0.8940
    0.8979
    0.8989
    0.8980
    0.8994
    0.8985
    0.8989
    0.8988
    0.8985
    0.8987
    0.8979
    0.8975
    0.8995
    0.8995
    0.8992
    0.8996
    0.8995
    0.9065
    0.9038
    0.9028
    0.9039
    0.9040
    0.9036
    0.9032
    0.9039
    0.9053
    0.9048
    0.9030
    0.9036
    0.9032
    0.9036
    0.9040
    0.9032
    0.9041
    0.9036
    0.9028
    0.9023
    0.9004
    0.9014
    0.9001
    0.9015
    0.9007
    0.9017
    0.9021
    0.9040
    0.9048
    0.9023
    0.9025
    0.9018
    0.9021
    0.9024
    0.9033
    0.9031
    0.9025
    0.9037
    0.9028
    0.9004
    0.8992
    0.8997
    0.9000
    0.9014
    0.9011
    0.9015
    0.9035
    0.9026
    0.9036
    0.9029
    0.9024
    0.9046
    0.9029
    0.9043
    0.9043
    0.9033
    0.9025
    0.9010
    0.9019
    0.9009
    0.9030
    0.8982
    0.8912
    0.8914
    0.8921
    0.8902
    0.8897
    0.8884
    0.8864
    0.8855
    0.8856
    0.8866
    0.8866
    0.8864
    0.8861
    0.8873
    0.8865
    0.8874
    0.8873
    0.8865
    0.8862
    0.8862
    0.8839
    0.8859
    0.8783
    0.8792
    0.8775
    0.8775
    0.8761
    0.8743
    0.8743
    0.8746
    0.8751
    0.8772
    0.8766
    0.8751
    0.8761
    0.8760
    0.8769
    0.8769
    0.8762
    0.8762
    0.8751
    0.8755
    0.8729
    0.8756
    0.8797
    0.8788
    0.8814
    0.8814
    0.8808
    0.8803
    0.8800
    0.8780
    0.8793
    0.8792
    0.8793
    0.8806
    0.8806
    0.8818
    0.8858
    0.8897
    0.8883
    0.8877
    0.8877
    0.8882
    0.8869
    0.8869
    0.8868
    0.8877
    0.8878
    0.8866
    0.8842
    0.8827
    0.8807
    0.8821
    0.8821
    0.8843
    0.8878
    0.8932
    0.8965
    0.9003
    0.9214
    0.9224
    0.9224
    0.9224
    0.9167
    0.9123
    0.9079
    0.9033
    0.9029
    0.9005
    0.9050
    0.9084
    0.9084
    0.9080
    0.9036
    0.9032
    0.9019
    0.9010
    0.9022
    0.9067
    0.9245
    0.9213
    0.9213
    0.9200
    0.9163
    0.9179
    0.9111
    0.9092
    0.9081
    0.9065
    0.9053
    0.9053
    0.9045
    0.9053
    0.9024
    0.9020
    0.9051
    0.9052
    0.9101
    0.9123
    0.9123
    0.9115
    0.9098
    0.9083
    0.9100
    0.9102
    0.9102
