   28.4152
   11.2732
   12.8226
    6.5685
    3.7807
    5.5272
    5.5408
    1.4202
    4.4239
    3.3506
    2.0976
    1.6278
    1.5864
    1.6690
    2.2069
    2.3368
    2.5618
    2.8845
    2.3271
    2.4863
    2.0607
    2.4159
    1.8470
    2.3076
    2.1185
    2.0869
    2.1545
    2.2952
    2.6893
    2.9802
    3.2981
    3.7370
    4.6874
    5.2530
    5.9245
    6.4108
    6.2944
    6.0117
    6.4883
    6.3804
    6.7180
    7.1044
    7.2885
    7.3038
    7.4962
    6.6251
    6.4277
    6.7771
    5.6954
    5.6352
    5.1995
    4.5362
    4.2422
    3.9023
    3.6963
    3.4349
    2.8786
    2.8817
    2.4496
    2.1840
    2.0540
    2.2634
    2.2949
    2.2522
    2.3417
    2.4943
    2.3981
    2.5468
    2.7456
    2.9296
    3.2826
    3.5928
    3.5304
    3.6239
    4.0727
    4.4566
    4.5095
    4.4100
    4.7918
    5.0705
    5.4166
    5.5520
    5.4789
    5.4851
    5.3636
    5.5270
    5.2936
    5.3570
    5.4313
    5.0476
    4.8017
    4.8665
    4.9116
    4.5798
    4.1970
    4.0453
    3.9400
    4.4466
    4.2220
    4.3573
    4.5119
    4.6118
    4.5974
    4.7616
    4.8682
    4.7890
    4.9465
    4.7990
    5.0371
    5.2699
    5.3028
    5.2860
    5.3474
    5.5254
    5.6805
    5.5661
    5.4229
    5.2059
    5.2077
    4.7870
    4.3512
    3.9254
    3.8097
    3.6939
    3.6844
    3.5672
    3.4519
    3.2289
    3.0238
    2.9502
    2.7917
    2.7135
    2.7615
    2.7399
    2.7339
    2.7365
    2.7124
    2.7085
    2.7354
    2.7767
    2.7795
    2.7882
    2.7635
    2.7863
    2.7436
    2.6291
    2.7713
    2.6575
    2.6707
    2.6185
    2.6031
    2.6657
    2.7507
    2.8243
    2.8985
    2.9419
    2.9990
    3.0634
    3.1450
    3.2055
    3.4562
    3.5941
    3.6666
    3.7939
    3.7688
    3.8538
    3.9813
    3.9583
    4.0215
    4.0679
    4.0498
    4.0791
    4.1527
    4.0274
    4.0025
    3.9843
    3.9910
    3.8278
    3.7841
    3.8542
    3.8408
    3.8535
    4.0781
    4.1672
    4.1843
    4.2503
    4.6574
    4.8237
    4.8015
    5.0483
    5.1312
    4.8821
    4.8246
    4.7234
    4.7097
    4.7516
    4.7383
    4.6507
    4.5269
    4.4947
    4.5477
    4.5836
    4.5048
    4.6131
    4.7709
    4.8281
    4.8957
    4.8653
    4.9009
    4.8235
    4.8298
    4.8655
    4.7230
    4.4285
    4.4529
    4.4736
    4.5727
    4.4144
    4.4025
    4.2973
    4.0337
    4.0635
    3.8058
    3.6284
    3.6161
    3.6389
    3.7520
    3.9264
    3.8438
    3.8074
    3.8076
    3.5999
    3.4073
    3.4147
    3.4789
    3.4350
    3.4808
    3.8317
    4.0324
    4.0340
    4.0687
    4.1485
    4.1619
    4.2130
    4.2753
    4.4386
    4.5180
    4.5477
    4.5411
    4.5609
    4.5570
    4.5828
    4.5489
    4.5216
    4.5281
    4.5015
    4.4972
    4.4596
    4.4518
    4.4333
    4.3926
    4.3987
    4.4046
    4.3567
    4.3097
    4.2785
    4.2742
    4.2690
    4.2675
    4.3241
    4.2640
    4.2315
    4.1893
    4.2158
    4.2126
    4.2250
    4.1892
    4.1282
    4.1597
    4.1484
    4.2150
    4.2939
    4.2749
    4.2746
    4.2597
    4.2542
    4.1935
    4.1518
    4.1935
    4.1719
    4.1474
    4.1915
    4.3420
    4.3174
    4.3221
    4.2422
    4.2757
    4.2980
    4.2165
    3.8843
    3.7530
    3.6669
    3.5134
    3.3895
    3.2347
    3.1450
    2.9862
    2.8924
    2.8315
    2.6221
    2.4776
    2.4595
    2.3335
    2.2526
    2.2194
    2.1704
    2.1423
    2.1288
    2.1499
    2.1086
    2.0653
    2.0669
    2.0007
    1.9626
    1.9564
    1.9525
    1.9404
    1.9536
    1.9148
    1.9458
    1.9303
    1.8687
    1.8610
    1.8615
    1.8174
    1.7614
    1.7407
    1.7620
    1.7541
    1.7246
    1.6531
    1.6610
    1.7131
    1.6968
    1.6781
    1.6912
    1.6674
    1.6832
    1.6819
    1.6605
    1.6515
    1.6047
    1.6024
    1.5668
    1.6006
    1.6156
    1.6196
    1.6359
    1.6184
    1.6489
    1.6380
    1.6420
    1.6607
    1.7011
    1.7003
    1.7088
    1.7319
    1.7528
    1.7318
    1.7745
    1.7919
    1.8163
    1.8332
    1.8309
    1.8718
    1.8955
    1.9255
    1.9303
    1.9586
    1.9886
    2.0008
    2.0295
    2.0453
    2.0693
    2.0933
    2.1101
    2.1331
    2.1331
    2.1244
    2.0931
    2.0905
    2.0825
    2.0829
    2.0943
    2.0708
    2.0767
    2.0683
    2.0864
    2.0910
    2.0892
    2.0914
    2.0811
    2.0894
    2.0835
    2.1042
    2.0934
    2.1190
    2.1047
    2.1094
    2.0848
    2.0721
    2.0662
    2.0477
    2.0338
    2.0277
    2.0216
    2.0119
    2.0239
    2.0361
    2.0183
    2.0280
    2.0216
    2.0267
    2.0423
    2.0281
    2.0111
    2.0163
    2.0212
    2.0618
    2.0429
    2.0306
    1.9957
    1.9864
    1.9849
    1.9841
    1.9861
    1.9800
    1.9581
    1.9538
    1.9602
    1.9757
    1.9913
    1.9975
    1.9989
    2.0079
    2.0411
    2.0222
    2.0209
    2.0154
    2.0211
    2.0165
    2.0215
    2.0143
    2.0057
    2.0022
    1.9974
    1.9785
    1.9411
    1.9489
    1.9445
    1.9615
    1.9658
    1.9670
    1.9853
    1.9955
    1.9505
    1.9515
    1.9515
    1.9453
    1.9277
    1.9278
    1.8975
    1.8839
    1.8563
    1.8290
    1.8354
    1.8323
    1.8078
    1.7887
    1.7691
    1.7448
    1.7342
    1.7279
    1.7193
    1.7009
    1.6990
    1.6811
    1.6798
    1.6629
    1.6622
    1.6667
    1.6690
    1.6628
    1.6546
    1.6573
    1.6636
    1.6597
    1.6662
    1.6628
    1.6688
    1.6692
    1.6604
    1.6543
    1.6546
    1.6590
    1.6507
    1.6489
    1.6505
    1.6599
    1.6589
    1.6527
    1.6511
    1.6593
    1.6560
    1.6520
    1.6550
    1.6628
    1.6676
    1.6707
    1.6777
    1.6868
    1.6828
    1.6757
    1.6729
    1.6793
    1.6859
    1.6770
    1.6661
    1.6737
    1.6791
    1.6754
    1.6732
    1.6737
    1.6763
    1.6816
    1.6887
    1.6896
    1.6899
    1.6965
    1.6949
    1.6957
    1.7029
    1.7098
    1.7188
    1.7096
    1.7103
    1.7128
    1.7063
    1.6975
    1.6954
    1.7017
    1.7106
    1.7236
    1.7203
    1.7215
    1.7153
    1.7250
    1.7125
    1.7138
    1.7157
    1.7077
    1.6982
    1.7022
    1.7175
    1.7281
    1.7301
    1.7446
    1.7464
    1.7459
    1.7423
    1.7350
    1.7408
    1.7436
    1.7546
    1.7667
    1.7692
    1.7753
    1.7759
    1.7842
    1.7888
    1.7737
    1.7759
    1.7703
    1.7706
    1.7639
    1.7758
    1.7844
    1.7997
    1.8019
    1.8057
    1.8025
    1.8162
    1.8170
    1.8270
    1.8273
    1.8270
    1.8392
    1.8512
    1.8753
    1.8752
    1.8835
    1.8939
    1.9047
    1.9367
    1.9513
    1.9797
    1.9905
    2.0012
    2.0247
    2.0389
    2.0560
    2.0640
    2.0874
    2.0913
    2.1046
    2.1490
    2.1523
    2.1618
    2.1743
    2.1778
    2.2344
    2.2356
    2.2444
    2.2385
    2.2258
    2.2424
    2.2437
    2.2515
    2.2778
    2.2720
    2.2986
    2.3319
    2.3271
    2.3323
    2.3399
    2.3508
    2.3988
    2.4123
    2.4174
    2.4120
    2.4183
    2.4276
    2.4484
    2.4817
    2.5025
    2.5291
    2.5569
    2.5739
    2.5569
    2.5742
    2.5746
    2.5860
    2.6159
    2.6641
    2.6706
    2.6669
    2.7039
    2.7134
    2.7385
    2.7225
    2.7044
    2.7061
    2.6926
    2.6927
    2.6990
    2.6823
    2.6671
    2.6808
    2.7047
    2.7670
    2.8047
    2.8296
    2.8537
    2.8850
    2.8985
    2.9465
    2.9787
    2.9626
    2.9304
    2.9282
    2.9271
    2.9443
    2.9922
    3.0147
    3.0115
    3.0085
    3.0143
    3.0163
    3.0290
    3.0723
    3.1186
    3.1550
    3.1507
    3.1845
    3.2276
    3.2560
    3.2900
    3.2950
    3.3034
    3.3120
    3.3341
    3.3144
    3.3035
    3.2935
    3.2784
    3.2695
    3.2699
    3.2280
    3.2108
    3.2148
    3.1862
    3.1894
    3.1832
    3.1695
    3.1992
    3.2137
    3.2401
    3.2310
    3.2086
    3.2369
    3.2459
    3.2521
    3.2418
    3.2769
    3.3052
    3.3368
    3.3655
    3.3908
    3.4131
    3.4267
    3.4506
    3.4681
    3.4457
    3.4378
    3.4168
    3.3980
    3.3941
    3.3893
    3.3847
    3.3883
    3.3834
    3.3864
    3.3765
    3.3354
    3.3226
    3.3094
    3.3321
    3.3213
    3.3239
    3.3371
    3.3578
    3.3663
    3.3690
    3.3711
    3.3565
    3.3617
    3.3647
    3.3682
    3.3560
    3.3774
    3.3688
    3.3861
    3.3831
    3.3752
    3.3785
    3.3798
    3.3878
    3.3837
    3.3822
    3.3870
    3.3907
    3.3973
    3.3989
    3.4049
    3.4078
    3.4047
    3.4106
    3.3853
    3.3861
    3.3943
    3.4122
    3.4274
    3.4135
    3.4361
    3.4476
    3.4568
    3.4621
    3.4706
    3.4743
    3.4784
    3.4776
    3.4728
    3.4852
    3.4907
    3.4736
    3.4629
    3.4719
    3.4796
    3.4822
    3.4884
    3.4774
    3.4621
    3.4604
    3.4687
    3.4701
    3.4719
    3.4655
    3.4609
    3.4480
    3.4398
    3.4258
    3.4118
    3.4045
    3.4095
    3.3974
    3.3987
    3.3932
    3.4076
    3.4032
    3.4088
    3.4103
    3.3985
    3.3967
    3.3827
    3.3805
    3.3851
    3.3867
    3.3754
    3.3760
    3.3725
    3.3825
    3.3978
    3.4002
    3.3947
    3.3950
    3.3998
    3.4159
    3.4249
    3.4440
    3.4615
    3.4659
    3.4629
    3.4497
    3.4501
    3.4276
    3.4166
    3.4103
    3.4033
    3.3908
    3.3890
    3.3634
    3.3413
    3.3412
    3.3647
    3.3579
    3.3836
    3.3876
    3.3855
    3.3803
    3.3548
    3.3481
    3.3482
    3.3618
    3.3704
    3.3857
    3.3877
    3.3887
    3.3914
    3.3768
    3.3475
    3.3476
    3.3336
    3.3501
    3.3303
    3.3206
    3.3089
    3.2819
    3.2558
    3.2666
    3.2666
    3.2722
    3.2774
    3.2638
    3.2765
    3.2849
    3.3108
    3.3302
    3.3549
    3.3641
    3.3640
    3.3721
    3.4195
    3.4407
    3.4336
    3.4429
    3.4706
    3.4688
    3.4738
    3.4738
    3.4798
    3.4479
    3.4448
    3.4210
    3.4456
    3.4599
    3.4858
    3.4640
    3.4640
    3.4602
    3.4706
    3.4814
    3.4436
    3.4101
    3.3823
    3.3530
    3.3562
    3.3562
    3.3309
    3.3016
    3.2912
    3.2991
    3.3018
    3.3247
    3.3365
    3.3741
    3.3741
    3.3684
    3.3871
    3.4146
    3.4230
    3.4282
    3.4160
    3.4330
    3.4232
    3.4232
    3.4447
    3.5107
    3.5422
    3.5866
    3.6141
    3.5687
    3.6026
    3.6177
    3.6047
    3.6047
    3.5514
    3.5203
    3.5291
    3.5240
    3.5571
    3.6000
    3.6030
    3.6028
    3.6028
    3.6080
    3.6588
    3.6177
    3.5682
    3.6045
    3.5626
    3.5504
    3.5827
    3.5827
    3.5738
    3.6096
    3.5520
    3.5922
    3.5726
    3.6037
    3.5816
    3.5936
    3.5936
    3.6211
    3.6288
    3.6160
    3.5989
    3.5834
    3.5862
    3.5699
    3.7546
    3.7546
    3.8025
    3.7463
    3.6303
    3.4979
    3.5305
    3.4520
    3.4705
    3.3846
    3.3846
    3.3782
    3.3850
    3.2332
    3.1970
    3.1971
    3.1063
    3.1218
    3.0439
    2.9917
    2.9917
    2.9466
    2.9837
    3.0169
    2.9918
    2.8485
    2.8537
    2.7682
    2.7726
    2.7726
    2.7808
    2.7331
    2.7851
    2.6663
    2.6087
    2.6106
    2.6945
    2.6436
    2.6436
    2.6271
    2.7263
    2.7006
    2.8033
    2.9130
    2.8898
