    0.3363
    3.2464
    1.3584
    1.3116
    1.3537
    1.7194
    0.8230
    0.9052
    1.0886
    1.1751
    1.2742
    1.5028
    1.3447
    1.2240
    1.1091
    1.1835
    1.1955
    1.2553
    1.2181
    1.1863
    1.1875
    1.1867
    1.2418
    1.3195
    1.2524
    1.3099
    1.2763
    1.2708
    1.2418
    1.1476
    1.1179
    1.1106
    1.1169
    1.0899
    1.0996
    1.0388
    1.0353
    1.0286
    1.0340
    1.0242
    0.9923
    1.0060
    1.0469
    1.0246
    1.0611
    1.1129
    1.2260
    1.3699
    1.4340
    1.5005
    1.5735
    1.5298
    1.5713
    1.5323
    1.3648
    1.4492
    1.5586
    1.6121
    1.5638
    1.4709
    1.6512
    1.7422
    1.7607
    1.8585
    2.0863
    2.4233
    2.5004
    2.9742
    3.3670
    3.6550
    3.1560
    3.1650
    3.3610
    3.7775
    3.8007
    3.7706
    3.7676
    3.7233
    3.4943
    3.5504
    3.3877
    3.6529
    3.4853
    3.8557
    3.8658
    3.9615
    4.2405
    4.1826
    4.4938
    4.6599
    4.8098
    4.7840
    4.9172
    4.6085
    4.7724
    5.2203
    5.1625
    5.0947
    5.2713
    5.5537
    5.5237
    5.5801
    5.4595
    5.5500
    5.8006
    5.5027
    5.6139
    5.5841
    5.1632
    5.0648
    4.9628
    4.6933
    4.5258
    4.5435
    4.5916
    4.6475
    4.5714
    4.7528
    4.6424
    4.5840
    4.6531
    4.5424
    4.6764
    4.9662
    5.1502
    5.0214
    4.9251
    4.7682
    4.8418
    4.8806
    4.9150
    5.0435
    5.2573
    5.4629
    5.2913
    5.1085
    5.2192
    5.3752
    5.6088
    5.9196
    5.7244
    5.9231
    5.9754
    6.0504
    5.9465
    5.9632
    5.6913
    5.5175
    5.3868
    5.3828
    5.2353
    5.0090
    5.0520
    5.0122
    4.9547
    4.8981
    4.8135
    4.7897
    4.6928
    4.6381
    4.7537
    4.7304
    4.5839
    4.5022
    4.4194
    4.2801
    4.1668
    4.0453
    3.8498
    3.9538
    3.9038
    3.7571
    3.6795
    3.6870
    3.6778
    3.4608
    3.2424
    3.3008
    3.1905
    3.1468
    3.0969
    3.0239
    2.9129
    2.8470
    2.8154
    2.8112
    2.8234
    2.8027
    2.7474
    2.8193
    2.8836
    2.8366
    2.8513
    2.8361
    2.8387
    2.8657
    2.8669
    2.8350
    2.8087
    2.7909
    2.7613
    2.7753
    2.6902
    2.7036
    2.7344
    2.7084
    2.7045
    2.6831
    2.7327
    2.6876
    2.6376
    2.7028
    2.6097
    2.5279
    2.5805
    2.6242
    2.5964
    2.5765
    2.5088
    2.4485
    2.3233
    2.2597
    2.2227
    2.2283
    2.2216
    2.1813
    2.1809
    2.1666
    2.1569
    2.1482
    2.1206
    2.1117
    2.0930
    2.1028
    2.1167
    2.1436
    2.2300
    2.2748
    2.2100
    2.1869
    2.1787
    2.1112
    2.1050
    2.1136
    2.1368
    2.1578
    2.1149
    2.1230
    2.1298
    2.1344
    2.1305
    2.1013
    2.0918
    2.0892
    2.0972
    2.0702
    2.0695
    2.0071
    2.0160
    2.0005
    1.9742
    1.9748
    1.9490
    1.9594
    1.9809
    2.0064
    1.9706
    1.9948
    1.9813
    1.9987
    1.9859
    1.9621
    1.9407
    1.9187
    1.9226
    1.9551
    1.9775
    2.0200
    2.0335
    2.0526
    2.0769
    2.0324
    2.0360
    2.0441
    2.0680
    2.0678
    2.0581
    2.0422
    2.0560
    2.0179
    2.0446
    2.0690
    2.0811
    2.0625
    2.0633
    2.0455
    2.0119
    2.0141
    1.9613
    1.9401
    1.9747
    1.9615
    1.9320
    1.9287
    1.9867
    1.9602
    1.9228
    1.9137
    1.8940
    1.8839
    1.8943
    1.9196
    1.9078
    1.9050
    1.8783
    1.8973
    1.8835
    1.8388
    1.8467
    1.8259
    1.8396
    1.8346
    1.8416
    1.8370
    1.8742
    1.8379
    1.8396
    1.8668
    1.8557
    1.8631
    1.8518
    1.8432
    1.8500
    1.8800
    1.8496
    1.8503
    1.8401
    1.8799
    1.8713
    1.8581
    1.8366
    1.8475
    1.8596
    1.8968
    1.8917
    1.9026
    1.8876
    1.8718
    1.8971
    1.8926
    1.8964
    1.9654
    1.9938
    2.0015
    2.0299
    2.0418
    2.0585
    2.0585
    2.0441
    2.0239
    2.0294
    2.0235
    2.0111
    1.9775
    2.0436
    2.0441
    2.0592
    2.0684
    2.0809
    2.1057
    2.1214
    2.1037
    2.1087
    2.1143
    2.0721
    2.0324
    1.9889
    1.9800
    1.9667
    1.9738
    1.9891
    2.0366
    2.0195
    1.9980
    1.9990
    1.9838
    2.0205
    1.9838
    1.9921
    1.9556
    1.9516
    1.9487
    1.9130
    1.8899
    1.8632
    1.8705
    1.8552
    1.8456
    1.8892
    1.9366
    1.9661
    1.9204
    1.9264
    1.9149
    1.9067
    1.9481
    1.9563
    1.9601
    1.9600
    1.9237
    1.9115
    1.9290
    1.9307
    1.9335
    1.9274
    1.9365
    1.9291
    1.9779
    1.9913
    1.9792
    1.9601
    1.9910
    1.9916
    2.0044
    2.0370
    2.0390
    2.0562
    2.0839
    2.1029
    2.0768
    2.0917
    2.1020
    2.1127
    2.1308
    2.1602
    2.1628
    2.1767
    2.2302
    2.2253
    2.2294
    2.2552
    2.2301
    2.2226
    2.2178
    2.2150
    2.2018
    2.2144
    2.1893
    2.1759
    2.1650
    2.1754
    2.1567
    2.1819
    2.1934
    2.1875
    2.2048
    2.2422
    2.2188
    2.2246
    2.1941
    2.1874
    2.1692
    2.1835
    2.1789
    2.1748
    2.1718
    2.1658
    2.1778
    2.1726
    2.1509
    2.1514
    2.1776
    2.2264
    2.2110
    2.2398
    2.2355
    2.2335
    2.2404
    2.2246
    2.2301
    2.1933
    2.1457
    2.1465
    2.1425
    2.1328
    2.1425
    2.1797
    2.1649
    2.1528
    2.1290
    2.1453
    2.1373
    2.1093
    2.1186
    2.1298
    2.1451
    2.1968
    2.2037
    2.1689
    2.1885
    2.1516
    2.0985
    2.0896
    2.0801
    2.0515
    2.0626
    2.0725
    2.0464
    2.0454
    2.0358
    2.0044
    2.0075
    2.0065
    2.0095
    2.0009
    2.0153
    2.0525
    2.0495
    2.0349
    2.0311
    2.0308
    2.0278
    1.9963
    1.9673
    1.9831
    1.9707
    1.9339
    1.9138
    1.9121
    1.9155
    1.8808
    1.9135
    1.9239
    1.9285
    1.9218
    1.9079
    1.9076
    1.8874
    1.8842
    1.8785
    1.8862
    1.8935
    1.8687
    1.8502
    1.8588
    1.8572
    1.8466
    1.8399
    1.8258
    1.8264
    1.8341
    1.8172
    1.8096
    1.8050
    1.7921
    1.7783
    1.7962
    1.7787
    1.7687
    1.7819
    1.7876
    1.7909
    1.7829
    1.7886
    1.7885
    1.7906
    1.7958
    1.7748
    1.7767
    1.7928
    1.7972
    1.7967
    1.7978
    1.8067
    1.8020
    1.8208
    1.8351
    1.8324
    1.8423
    1.8628
    1.8731
    1.8913
    1.8808
    1.8697
    1.8684
    1.8831
    1.8915
    1.8760
    1.8568
    1.8513
    1.8547
    1.8671
    1.8591
    1.8500
    1.8165
    1.8075
    1.8047
    1.8090
    1.8267
    1.8282
    1.8251
    1.8443
    1.8582
    1.8526
    1.8506
    1.8616
    1.8528
    1.8504
    1.8557
    1.8600
    1.8593
    1.8647
    1.8804
    1.8688
    1.8742
    1.8754
    1.8654
    1.8702
    1.8652
    1.8526
    1.8405
    1.8424
    1.8421
    1.8405
    1.8395
    1.8218
    1.8189
    1.8317
    1.8291
    1.8422
    1.8504
    1.8638
    1.8765
    1.8824
    1.8788
    1.8950
    1.9086
    1.9229
    1.9132
    1.9050
    1.9068
    1.8949
    1.8864
    1.8771
    1.8697
    1.8524
    1.8446
    1.8501
    1.8578
    1.8451
    1.8416
    1.8348
    1.8591
    1.8643
    1.8591
    1.8524
    1.8734
    1.8715
    1.8843
    1.8925
    1.9065
    1.9117
    1.9244
    1.9320
    1.9412
    1.9369
    1.9380
    1.9466
    1.9589
    1.9691
    1.9551
    1.9497
    1.9364
    1.9363
    1.9305
    1.9416
    1.9464
    1.9821
    2.0110
    2.0143
    2.0214
    2.0240
    2.0376
    2.0367
    2.0403
    2.0309
    2.0375
    2.0425
    2.0244
    2.0352
    2.0498
    2.0547
    2.0540
    2.0314
    2.0179
    2.0191
    2.0246
    2.0276
    2.0375
    2.0613
    2.0646
    2.0604
    2.0799
    2.0714
    2.0835
    2.0893
    2.1028
    2.1129
    2.1250
    2.1252
    2.1464
    2.1510
    2.1543
    2.1590
    2.1553
    2.1637
    2.1683
    2.1764
    2.1714
    2.1667
    2.1653
    2.1570
    2.1605
    2.1662
    2.1830
    2.1688
    2.1774
    2.1844
    2.1745
    2.1683
    2.1663
    2.1591
    2.1541
    2.1751
    2.1943
    2.2004
    2.1900
    2.1855
    2.1786
    2.1955
    2.1978
    2.2151
    2.2340
    2.2380
    2.2482
    2.2617
    2.2727
    2.2863
    2.2990
    2.2985
    2.2705
    2.2681
    2.2867
    2.2858
    2.2579
    2.2535
    2.2359
    2.2147
    2.1825
    2.1807
    2.1765
    2.1741
    2.1763
    2.1845
    2.1956
    2.1933
    2.1937
    2.2062
    2.2136
    2.2174
    2.2199
    2.2317
    2.2266
    2.2400
    2.2325
    2.2424
    2.2640
    2.2618
    2.2702
    2.2648
    2.2786
    2.2855
    2.2981
    2.3084
    2.3175
    2.3126
    2.3064
    2.3169
    2.3132
    2.3223
    2.3201
    2.3188
    2.3224
    2.3114
    2.3170
    2.3209
    2.3171
    2.3208
    2.3226
    2.3248
    2.3155
    2.3207
    2.3114
    2.3067
    2.3138
    2.3315
    2.3315
    2.3341
    2.3426
    2.3524
    2.3698
    2.3804
    2.3885
    2.4000
    2.4042
    2.4072
    2.4023
    2.3956
    2.4047
    2.4110
    2.4184
    2.4080
    2.4207
    2.4184
    2.4184
    2.4262
    2.4312
    2.4232
    2.4356
    2.4346
    2.4285
    2.4259
    2.4273
    2.4274
    2.4290
    2.4290
    2.4318
    2.4301
    2.4316
    2.4372
    2.4344
    2.4276
    2.4265
    2.4272
    2.4210
    2.4191
    2.4217
    2.4294
    2.4309
    2.4405
    2.4313
    2.4381
    2.4382
    2.4239
    2.4140
    2.3906
    2.3866
    2.3821
    2.3776
    2.3687
    2.3818
    2.3819
    2.3884
    2.3804
    2.3944
    2.3931
    2.3912
    2.4139
    2.4068
    2.3955
    2.3955
    2.3966
    2.4012
    2.4172
    2.4200
    2.4333
    2.4336
    2.4325
    2.4343
    2.4343
    2.4274
    2.4025
    2.4156
    2.4140
    2.4065
    2.4048
    2.4215
    2.3994
    2.3941
    2.3942
    2.3741
    2.3693
    2.3601
    2.3637
    2.3495
    2.3430
    2.3429
    2.3411
    2.3412
    2.3399
    2.3497
    2.3583
    2.3551
    2.3350
    2.3272
    2.3346
    2.3318
    2.3319
    2.3474
    2.3655
    2.3516
    2.3440
    2.3214
    2.3339
    2.3423
    2.3257
    2.3257
    2.3211
    2.3291
    2.3436
    2.3409
    2.3478
    2.3454
    2.3125
    2.3010
    2.3010
    2.2852
    2.2787
    2.2993
    2.2924
    2.3023
    2.2791
    2.2867
    2.2830
    2.2830
    2.2448
    2.2311
    2.2381
    2.2246
    2.1957
    2.1874
    2.1644
    2.1597
    2.1788
    2.1788
    2.2327
    2.2354
    2.2331
    2.2166
    2.2306
    2.2730
    2.2962
    2.3631
    2.3631
    2.4102
    2.5161
    2.5008
    2.5372
    2.5644
    2.6162
    2.6028
    2.5649
    2.5649
    2.5766
    2.6510
    2.6500
    2.6111
    2.6097
    2.6138
    2.6061
    2.5775
    2.5775
    2.4846
    2.4957
    2.4930
    2.5323
    2.5598
    2.5450
    2.5000
    2.5002
    2.5002
    2.4769
    2.5226
    2.5134
    2.5602
    2.5370
    2.4938
    2.4797
    2.3785
    2.3785
    2.4509
    2.5369
    2.4773
    2.5251
    2.5325
    2.5553
    2.5814
    2.6256
    2.6412
    2.6412
    2.6822
    2.6706
    2.7051
    2.6630
    2.6216
    2.6027
    2.6219
    2.6871
    2.6871
    2.8267
    2.7544
    2.8150
    2.8193
    2.8419
    2.7981
    2.8258
    2.8887
    2.8887
    3.0549
    2.9735
    3.0328
    3.0286
    2.8959
    2.8619
