   45.3423
   33.9524
   11.8508
    1.5648
    1.4967
    2.6283
    7.7898
    4.0873
    5.6217
    6.8793
   10.1845
   10.8451
    8.5310
    7.3403
    7.2080
   10.3886
   10.5725
   10.3404
   10.0966
    9.1641
    9.3432
    9.5222
   10.3194
   10.0783
    9.6521
   10.7169
   11.4314
    7.9044
    7.2203
    7.5492
    7.6285
    7.3181
    6.9439
    6.2870
    8.5635
    9.9194
    9.2872
    9.2244
    8.9194
    8.3811
    8.1008
    6.9599
    6.6214
    5.6276
    5.5740
    5.8713
    5.9379
    5.9296
    5.1097
    5.3596
    5.6206
    6.2264
    7.6747
    7.9609
    6.8530
    6.8493
    6.8350
    7.3581
    7.6334
    7.3522
    7.3702
    7.9237
    7.7923
    7.9080
    7.4881
    7.0595
    7.0154
    7.1904
    7.9538
    8.7622
    8.6635
    9.1872
    8.1537
    8.1398
    7.7303
    7.6759
    7.9001
    8.0750
    7.9451
    7.0653
    7.4185
    6.6285
    6.5805
    6.3680
    6.2807
    6.1580
    6.2536
    5.9645
    6.1710
    5.9839
    6.0234
    6.0029
    6.2538
    6.4615
    6.3512
    6.6596
    6.7603
    6.4934
    6.6875
    6.7358
    6.7097
    6.6098
    7.0403
    7.5105
    7.5682
    7.5272
    7.8037
    7.7376
    7.7530
    7.8578
    8.2474
    8.2304
    7.6652
    7.5440
    7.9513
    8.2519
    8.1305
    8.3109
    8.3431
    8.9449
    8.7220
    8.6667
    8.9820
    9.2256
    8.8597
    8.7741
    8.9224
    8.8455
    8.6615
    8.4330
    8.2665
    8.3715
    8.0468
    7.6226
    6.9851
    6.4916
    6.4543
    6.4424
    6.9074
    6.9966
    6.8566
    6.8635
    7.1732
    6.9677
    6.7781
    6.8563
    7.3512
    7.4979
    7.2568
    7.3043
    7.5361
    7.5264
    7.4889
    7.0357
    6.9453
    6.9924
    6.8230
    6.6766
    6.8252
    6.9830
    7.0904
    7.1294
    7.2192
    7.2944
    7.0461
    7.1275
    6.9198
    7.0192
    6.7420
    6.7287
    6.5737
    6.1390
    6.1385
    6.2931
    6.4381
    6.3120
    5.9928
    5.9037
    5.7975
    4.9114
    4.8419
    4.7636
    4.6936
    4.6901
    4.4648
    4.3282
    4.1722
    3.8783
    3.7140
    3.6074
    3.6110
    3.4687
    3.4649
    3.4740
    3.4028
    3.2958
    3.2727
    3.3194
    3.2726
    3.2394
    3.1710
    3.1755
    3.1429
    3.1755
    3.1781
    3.1870
    3.1864
    3.1893
    3.1890
    3.2075
    3.2450
    3.2175
    3.2702
    3.3088
    3.3725
    3.4325
    3.3827
    3.3776
    3.2817
    3.1917
    3.1565
    3.1078
    3.1095
    3.0581
    3.0426
    3.1429
    3.2052
    3.2252
    3.1636
    3.1247
    3.0915
    3.0178
    3.0488
    3.0341
    3.0228
    3.0567
    3.0107
    2.9929
    2.9364
    2.8999
    2.9239
    2.9808
    2.9488
    2.9013
    2.8019
    2.7938
    2.8038
    2.7539
    2.7535
    2.6544
    2.6599
    2.6541
    2.6124
    2.6340
    2.6102
    2.6168
    2.6063
    2.5477
    2.5480
    2.5429
    2.4964
    2.4366
    2.4355
    2.4085
    2.3788
    2.3914
    2.3879
    2.3864
    2.3063
    2.2494
    2.2294
    2.2134
    2.2197
    2.2062
    2.1734
    2.1765
    2.2000
    2.1778
    2.1584
    2.1387
    2.1320
    2.1447
    2.1633
    2.1189
    2.0778
    2.0656
    2.0698
    2.0437
    2.0240
    2.0092
    1.9919
    2.0019
    1.9941
    1.9721
    1.9349
    1.9023
    1.8645
    1.8580
    1.8522
    1.8445
    1.8661
    1.8513
    1.8292
    1.8069
    1.7918
    1.7793
    1.7678
    1.8072
    1.8278
    1.8378
    1.8573
    1.8721
    1.8831
    1.8725
    1.8886
    1.8786
    1.8768
    1.8917
    1.9143
    1.9255
    1.9522
    1.9722
    1.9337
    1.9396
    1.9682
    1.9559
    1.9259
    1.9450
    1.9742
    1.9869
    1.9887
    1.9509
    1.9310
    1.9254
    1.8772
    1.8513
    1.8436
    1.8685
    1.8786
    1.8516
    1.8086
    1.7665
    1.6979
    1.7073
    1.7038
    1.7130
    1.6858
    1.6708
    1.6649
    1.6444
    1.6490
    1.6444
    1.6670
    1.6665
    1.6548
    1.6334
    1.6436
    1.6358
    1.6464
    1.6567
    1.6679
    1.6767
    1.6913
    1.7050
    1.7122
    1.7082
    1.6996
    1.7163
    1.7116
    1.6965
    1.7162
    1.7539
    1.7728
    1.7941
    1.8032
    1.8023
    1.7998
    1.7881
    1.7603
    1.7603
    1.7609
    1.7580
    1.7675
    1.7572
    1.7640
    1.7820
    1.7826
    1.7736
    1.7521
    1.7540
    1.7469
    1.7234
    1.7230
    1.7271
    1.7338
    1.7300
    1.7288
    1.7357
    1.7349
    1.7439
    1.7358
    1.7423
    1.7373
    1.7526
    1.7480
    1.7270
    1.7354
    1.7212
    1.7109
    1.6846
    1.6928
    1.6955
    1.7186
    1.7104
    1.6912
    1.6760
    1.6750
    1.6879
    1.7050
    1.7244
    1.7534
    1.7639
    1.7927
    1.8119
    1.8027
    1.8265
    1.8536
    1.8805
    1.9220
    1.9850
    1.9808
    2.0319
    2.0990
    2.0743
    2.0850
    2.0957
    2.1351
    2.1524
    2.1785
    2.1679
    2.1737
    2.1899
    2.1745
    2.1963
    2.1785
    2.1872
    2.1922
    2.1831
    2.1715
    2.1953
    2.1994
    2.2148
    2.2367
    2.2373
    2.2133
    2.1891
    2.1956
    2.2067
    2.2065
    2.2160
    2.2311
    2.2446
    2.2347
    2.2207
    2.2236
    2.2152
    2.2009
    2.1953
    2.1739
    2.1827
    2.1740
    2.1606
    2.1560
    2.1846
    2.1942
    2.2392
    2.2487
    2.2496
    2.2290
    2.2234
    2.2336
    2.2217
    2.2290
    2.2337
    2.2443
    2.2639
    2.2571
    2.2625
    2.2780
    2.3356
    2.3305
    2.3211
    2.3711
    2.3994
    2.4357
    2.4653
    2.4634
    2.4797
    2.5275
    2.5337
    2.5293
    2.5366
    2.5128
    2.4929
    2.4770
    2.4496
    2.4441
    2.4318
    2.4100
    2.3951
    2.4054
    2.4155
    2.4189
    2.4294
    2.3962
    2.4183
    2.4640
    2.4627
    2.4441
    2.4380
    2.4624
    2.4937
    2.5085
    2.5313
    2.5443
    2.5631
    2.5890
    2.6093
    2.6016
    2.5994
    2.5779
    2.5760
    2.5573
    2.5444
    2.5465
    2.5445
    2.5178
    2.4929
    2.4891
    2.4912
    2.5029
    2.4941
    2.5035
    2.4863
    2.4976
    2.4938
    2.4833
    2.4666
    2.4662
    2.4691
    2.4455
    2.4191
    2.4042
    2.3962
    2.3670
    2.3239
    2.3041
    2.2816
    2.2466
    2.2338
    2.2254
    2.2187
    2.2124
    2.2067
    2.2084
    2.1926
    2.1622
    2.1294
    2.1213
    2.1069
    2.1060
    2.0833
    2.0726
    2.0569
    2.0425
    2.0292
    2.0336
    2.0075
    1.9644
    1.9433
    1.9218
    1.9099
    1.8983
    1.8975
    1.9030
    1.9001
    1.8857
    1.8662
    1.8708
    1.8721
    1.8648
    1.8687
    1.8753
    1.8580
    1.8320
    1.8329
    1.8188
    1.8178
    1.8226
    1.7990
    1.7743
    1.7786
    1.7876
    1.7700
    1.7366
    1.7469
    1.7509
    1.7475
    1.7403
    1.7494
    1.7431
    1.7205
    1.7045
    1.6908
    1.6871
    1.6674
    1.6551
    1.6197
    1.6114
    1.5998
    1.5848
    1.5839
    1.5661
    1.5654
    1.5349
    1.5254
    1.5102
    1.4954
    1.4949
    1.5005
    1.4948
    1.4930
    1.4999
    1.5039
    1.5101
    1.5160
    1.5334
    1.5374
    1.5345
    1.5284
    1.5278
    1.5264
    1.5277
    1.5213
    1.5061
    1.4941
    1.4993
    1.4983
    1.4950
    1.4837
    1.4879
    1.4815
    1.4865
    1.4810
    1.4779
    1.4670
    1.4554
    1.4404
    1.4317
    1.4453
    1.4417
    1.4476
    1.4421
    1.4308
    1.4272
    1.4293
    1.4329
    1.4381
    1.4338
    1.4542
    1.4522
    1.4416
    1.4450
    1.4470
    1.4463
    1.4589
    1.4620
    1.4650
    1.4768
    1.4841
    1.5024
    1.5063
    1.5126
    1.5273
    1.5346
    1.5374
    1.5373
    1.5459
    1.5470
    1.5559
    1.5609
    1.5574
    1.5381
    1.5484
    1.5512
    1.5597
    1.5615
    1.5575
    1.5645
    1.5752
    1.5862
    1.5929
    1.6126
    1.6171
    1.6353
    1.6213
    1.6178
    1.6251
    1.6344
    1.6441
    1.6556
    1.6614
    1.6634
    1.6650
    1.6677
    1.6909
    1.6956
    1.7097
    1.7123
    1.7219
    1.7202
    1.7176
    1.7245
    1.7272
    1.7207
    1.7189
    1.7076
    1.7334
    1.7539
    1.7563
    1.7592
    1.7678
    1.7632
    1.7565
    1.7445
    1.7368
    1.7223
    1.7207
    1.7169
    1.7178
    1.7107
    1.7062
    1.7140
    1.7112
    1.7146
    1.7134
    1.7060
    1.7225
    1.7442
    1.7451
    1.7495
    1.7591
    1.7602
    1.7550
    1.7526
    1.7675
    1.7859
    1.7834
    1.7807
    1.8022
    1.7950
    1.8218
    1.8331
    1.8208
    1.8171
    1.8156
    1.8149
    1.8099
    1.8118
    1.8089
    1.8239
    1.8393
    1.8345
    1.8504
    1.8596
    1.8723
    1.8775
    1.8914
    1.8877
    1.8902
    1.9007
    1.9027
    1.9045
    1.8961
    1.8956
    1.8968
    1.9016
    1.9012
    1.9045
    1.9128
    1.9167
    1.9213
    1.9101
    1.9046
    1.9165
    1.9184
    1.9153
    1.9170
    1.9139
    1.9130
    1.9116
    1.9116
    1.8978
    1.8937
    1.8903
    1.8915
    1.8955
    1.9015
    1.9116
    1.9058
    1.9110
    1.9252
    1.9381
    1.9426
    1.9296
    1.9304
    1.9391
    1.9466
    1.9504
    1.9460
    1.9486
    1.9441
    1.9496
    1.9573
    1.9560
    1.9442
    1.9428
    1.9402
    1.9529
    1.9608
    1.9478
    1.9428
    1.9378
    1.9382
    1.9383
    1.9345
    1.9410
    1.9343
    1.9246
    1.9153
    1.9201
    1.9233
    1.9201
    1.9205
    1.9020
    1.9049
    1.9188
    1.9148
    1.9201
    1.9302
    1.9122
    1.9088
    1.9088
    1.9197
    1.9137
    1.8959
    1.8872
    1.8609
    1.8454
    1.8331
    1.8057
    1.8057
    1.8027
    1.7950
    1.7896
    1.7858
    1.7738
    1.7760
    1.7626
    1.7525
    1.7525
    1.7543
    1.7859
    1.7764
    1.7889
    1.7939
    1.7832
    1.7861
    1.8073
    1.8073
    1.8157
    1.8209
    1.8077
    1.7994
    1.7786
    1.7837
    1.8019
    1.7746
    1.8090
    1.8090
    1.8204
    1.8081
    1.8049
    1.7938
    1.7754
    1.7814
    1.7739
    1.7745
    1.7746
    1.7931
    1.7890
    1.7828
    1.7787
    1.7644
    1.7549
    1.7526
    1.7470
    1.7470
    1.7475
    1.7611
    1.7610
    1.7597
    1.7772
    1.7903
    1.8002
    1.8241
    1.8241
    1.7913
    1.8080
    1.8222
    1.8145
    1.8204
    1.8687
    1.8935
    1.9410
    1.9410
    1.9689
    2.0080
    2.0617
    2.0935
    2.1598
    2.2024
    2.2979
    2.3610
    2.3610
    2.3353
    2.3526
    2.3780
    2.3820
    2.3729
    2.4143
    2.3976
    2.3691
    2.3588
    2.3588
    2.3403
    2.3298
    2.3056
    2.3209
    2.3304
    2.3179
    2.3054
    2.2760
    2.2760
    2.2946
    2.3359
    2.3435
    2.3223
    2.3899
    2.3840
    2.3395
    2.4251
    2.4251
    2.4460
    2.4735
    2.5342
    2.5616
    2.5528
    2.5488
    2.6073
    2.5777
    2.5777
    2.6185
    2.6117
    2.6343
    2.5858
    2.6667
    2.6313
    2.6820
    2.7378
    2.7378
    2.7712
    2.7519
    2.7175
    2.7051
    2.7225
    2.7578
    2.7664
    2.7762
    2.7762
    2.8354
    2.9639
    3.0849
    3.0617
    2.9326
    2.9156
    2.9643
    3.0644
    3.1601
    3.1601
    3.1747
    3.1654
    3.1845
    3.1245
    3.1086
    3.0880
    3.1165
    3.1660
    3.1660
    3.1840
    3.1462
    3.2384
    3.2878
    3.2464
    3.4469
    3.2995
    3.0893
    3.0893
    3.0630
    2.9640
    2.9129
    2.8808
    2.7937
    2.6815
