   24.6149
   26.4593
  152.6244
    8.3829
    3.2387
    7.4889
    2.2695
    2.2119
    2.6253
    2.4987
    3.2426
    3.4968
    5.7491
    5.6357
    7.0016
    5.6814
    5.8088
    6.3720
    6.5071
    8.9103
   10.7203
   15.2559
   11.4966
   13.8071
   10.7183
    8.1048
    6.8500
    7.6353
    8.0937
    7.4657
    5.9914
    6.5557
    7.6034
    7.8383
    6.0487
    4.8441
    3.7204
    2.7740
    2.9907
    2.5963
    2.3559
    2.3018
    2.2626
    2.2832
    2.2404
    2.2216
    2.5041
    2.7652
    2.5772
    2.3571
    2.0071
    2.1679
    1.8760
    1.9433
    1.9295
    1.7730
    1.7902
    1.9394
    1.8740
    1.7565
    1.6833
    1.6937
    1.7170
    1.8643
    1.6928
    1.4775
    1.5460
    1.5081
    1.4913
    1.5969
    1.5337
    1.5466
    1.5621
    1.5649
    1.6369
    1.6281
    1.6868
    1.5469
    1.5741
    1.5692
    1.7152
    1.7230
    1.6745
    1.7488
    1.7963
    1.7651
    1.7578
    1.6825
    1.7967
    1.8296
    1.8135
    1.7505
    1.8142
    1.8596
    1.7632
    1.8580
    1.8862
    1.9249
    1.9512
    2.0008
    2.0120
    1.9842
    1.8619
    1.8849
    1.9166
    1.8195
    1.7465
    1.8030
    1.8359
    1.8205
    1.7980
    1.7753
    1.6779
    1.6669
    1.5159
    1.5594
    1.4764
    1.4581
    1.5012
    1.3915
    1.4027
    1.4807
    1.6001
    1.6171
    1.5725
    1.4839
    1.4576
    1.4795
    1.5002
    1.6121
    1.6124
    1.6200
    1.6333
    1.5497
    1.5182
    1.4760
    1.3947
    1.3199
    1.2824
    1.3159
    1.2873
    1.2942
    1.2534
    1.2283
    1.2570
    1.2215
    1.2426
    1.2673
    1.2532
    1.2249
    1.2906
    1.2662
    1.1691
    1.1186
    1.1006
    1.1220
    1.1009
    1.0868
    1.1325
    1.1595
    1.2059
    1.2342
    1.2331
    1.1557
    1.1426
    1.1173
    1.0999
    1.0852
    1.1220
    1.1083
    1.0969
    1.1217
    1.1671
    1.1860
    1.1656
    1.2009
    1.2188
    1.2064
    1.1768
    1.2176
    1.2332
    1.2829
    1.2724
    1.2745
    1.2846
    1.3271
    1.3501
    1.3016
    1.2917
    1.3076
    1.3319
    1.4217
    1.4050
    1.4299
    1.4392
    1.4346
    1.4542
    1.4701
    1.5128
    1.5288
    1.5744
    1.5568
    1.4831
    1.4980
    1.4879
    1.5188
    1.5602
    1.5898
    1.6006
    1.5845
    1.5921
    1.5910
    1.5801
    1.5775
    1.5950
    1.6242
    1.6571
    1.6774
    1.7026
    1.6783
    1.6982
    1.6505
    1.6258
    1.6113
    1.6103
    1.6153
    1.5971
    1.6060
    1.5942
    1.5801
    1.5778
    1.5888
    1.5761
    1.5018
    1.4706
    1.5059
    1.5407
    1.5259
    1.5175
    1.5264
    1.5017
    1.4400
    1.4048
    1.3297
    1.3731
    1.3677
    1.3618
    1.3448
    1.3409
    1.3023
    1.2832
    1.2730
    1.2339
    1.2116
    1.2330
    1.2295
    1.2276
    1.2585
    1.2698
    1.2528
    1.2654
    1.2597
    1.2474
    1.2368
    1.2260
    1.2243
    1.2176
    1.2264
    1.2208
    1.2574
    1.2812
    1.2891
    1.3034
    1.3151
    1.3290
    1.3164
    1.3365
    1.3160
    1.3214
    1.3296
    1.3550
    1.3624
    1.3851
    1.3676
    1.4003
    1.3526
    1.3502
    1.3524
    1.3671
    1.3665
    1.3889
    1.3712
    1.3879
    1.4292
    1.4557
    1.4554
    1.4671
    1.4809
    1.4967
    1.5040
    1.4962
    1.4905
    1.4245
    1.4275
    1.4384
    1.4527
    1.4809
    1.4351
    1.4521
    1.4564
    1.4548
    1.4344
    1.4478
    1.4292
    1.4144
    1.4027
    1.4144
    1.4399
    1.5287
    1.5201
    1.5122
    1.4951
    1.4832
    1.5098
    1.5357
    1.4914
    1.5747
    1.5844
    1.5978
    1.6073
    1.6595
    1.6766
    1.6909
    1.7259
    1.7798
    1.7851
    1.7456
    1.8118
    1.8108
    1.7933
    1.7445
    1.7003
    1.6732
    1.6938
    1.7127
    1.7373
    1.7286
    1.7189
    1.7219
    1.7229
    1.7677
    1.8244
    1.8037
    1.7807
    1.8105
    1.7821
    1.7871
    1.8520
    1.8493
    1.8999
    1.9260
    1.9129
    1.9269
    1.9114
    1.9280
    1.9140
    1.9113
    1.9299
    1.9480
    1.9572
    1.9653
    1.9633
    1.9718
    1.9482
    1.9400
    1.9824
    1.9603
    1.9567
    2.0021
    1.9988
    2.0383
    2.0642
    2.0946
    2.1172
    2.1344
    2.1672
    2.1807
    2.2141
    2.2242
    2.2366
    2.2595
    2.3153
    2.3327
    2.3386
    2.3494
    2.4184
    2.4754
    2.4791
    2.5173
    2.5377
    2.5105
    2.5081
    2.5198
    2.5288
    2.5950
    2.5978
    2.6003
    2.6202
    2.6217
    2.6609
    2.6474
    2.6191
    2.6372
    2.5887
    2.5281
    2.5183
    2.4482
    2.4770
    2.4602
    2.4750
    2.4287
    2.4103
    2.3631
    2.4011
    2.4353
    2.3815
    2.3997
    2.3919
    2.4434
    2.4859
    2.5068
    2.5521
    2.5662
    2.5539
    2.5206
    2.4379
    2.4690
    2.4773
    2.4565
    2.4712
    2.4495
    2.4278
    2.4317
    2.3709
    2.3789
    2.3961
    2.4093
    2.3844
    2.4306
    2.3467
    2.2758
    2.2654
    2.2855
    2.2867
    2.3145
    2.3431
    2.3268
    2.3546
    2.3371
    2.2848
    2.3073
    2.3045
    2.2924
    2.2734
    2.2888
    2.3008
    2.2515
    2.2700
    2.2383
    2.2406
    2.2402
    2.2472
    2.2662
    2.2448
    2.2086
    2.2071
    2.1962
    2.1963
    2.1777
    2.1567
    2.1798
    2.1377
    2.1118
    2.1092
    2.0843
    2.0707
    2.0541
    2.0360
    2.0331
    2.0204
    2.0091
    1.9834
    1.9968
    1.9563
    1.9351
    1.9247
    1.8971
    1.8761
    1.8396
    1.8275
    1.8312
    1.8408
    1.8426
    1.8676
    1.8565
    1.8568
    1.8533
    1.8508
    1.8581
    1.8286
    1.8357
    1.8333
    1.7972
    1.7878
    1.7450
    1.7208
    1.7191
    1.7177
    1.7294
    1.7030
    1.6947
    1.6962
    1.6915
    1.6944
    1.7067
    1.7043
    1.6841
    1.6702
    1.6497
    1.6634
    1.6836
    1.6956
    1.7112
    1.7045
    1.7109
    1.6846
    1.6877
    1.6720
    1.6503
    1.6361
    1.6428
    1.6314
    1.6162
    1.5790
    1.5767
    1.5703
    1.5625
    1.5365
    1.5379
    1.5264
    1.5123
    1.5078
    1.5101
    1.4937
    1.4845
    1.4873
    1.4891
    1.4864
    1.4864
    1.4852
    1.4705
    1.4636
    1.4404
    1.4470
    1.4332
    1.4423
    1.4562
    1.4638
    1.4551
    1.4407
    1.4234
    1.4058
    1.4130
    1.4012
    1.3948
    1.3803
    1.3488
    1.3530
    1.3467
    1.3538
    1.3426
    1.3372
    1.3362
    1.3287
    1.3125
    1.3146
    1.3214
    1.3150
    1.3142
    1.3035
    1.3025
    1.2912
    1.2918
    1.2848
    1.2582
    1.2529
    1.2406
    1.2371
    1.2499
    1.2490
    1.2657
    1.2583
    1.2582
    1.2463
    1.2351
    1.2151
    1.2210
    1.2356
    1.2299
    1.2229
    1.2260
    1.2386
    1.2422
    1.2384
    1.2410
    1.2457
    1.2410
    1.2518
    1.2475
    1.2496
    1.2236
    1.2422
    1.2568
    1.2500
    1.2522
    1.2673
    1.2731
    1.2609
    1.2609
    1.2580
    1.2619
    1.2453
    1.2473
    1.2272
    1.2177
    1.2163
    1.2009
    1.1951
    1.2079
    1.2150
    1.1993
    1.2067
    1.2041
    1.1984
    1.2001
    1.2054
    1.1997
    1.2161
    1.2408
    1.2536
    1.2642
    1.2641
    1.2525
    1.2563
    1.2723
    1.2866
    1.2857
    1.2958
    1.3011
    1.3056
    1.3047
    1.3327
    1.3233
    1.3295
    1.3404
    1.3421
    1.3293
    1.3177
    1.3054
    1.3120
    1.3047
    1.3020
    1.3029
    1.2985
    1.2999
    1.3011
    1.3196
    1.3383
    1.3387
    1.3530
    1.3634
    1.3549
    1.3682
    1.3856
    1.4126
    1.4359
    1.4325
    1.4188
    1.4204
    1.4337
    1.4417
    1.4514
    1.4577
    1.4530
    1.4527
    1.4722
    1.4754
    1.4737
    1.4806
    1.4832
    1.4793
    1.4787
    1.4898
    1.4947
    1.4905
    1.4958
    1.5006
    1.5139
    1.5307
    1.5168
    1.5275
    1.5285
    1.5221
    1.5117
    1.5178
    1.5202
    1.5237
    1.5455
    1.5579
    1.5541
    1.5422
    1.5359
    1.5493
    1.5504
    1.5681
    1.6064
    1.6547
    1.6480
    1.6483
    1.6618
    1.6558
    1.6569
    1.6734
    1.7236
    1.7237
    1.7361
    1.7441
    1.7462
    1.7763
    1.7824
    1.8032
    1.8274
    1.8160
    1.8399
    1.8964
    1.9239
    1.9356
    1.9552
    1.9814
    1.9849
    1.9976
    2.0134
    2.0261
    2.0402
    2.0428
    2.0421
    2.0402
    2.0698
    2.0826
    2.1217
    2.1216
    2.1465
    2.1733
    2.1863
    2.2155
    2.2300
    2.2497
    2.2794
    2.2925
    2.3117
    2.3456
    2.3607
    2.3681
    2.3910
    2.4131
    2.4610
    2.4587
    2.4422
    2.4730
    2.4880
    2.4982
    2.5311
    2.5492
    2.5814
    2.5776
    2.5903
    2.5915
    2.6154
    2.6218
    2.6279
    2.6513
    2.6606
    2.6851
    2.6824
    2.6905
    2.7018
    2.7154
    2.7312
    2.7500
    2.7677
    2.7905
    2.8049
    2.8026
    2.8110
    2.8105
    2.8075
    2.8083
    2.8362
    2.8594
    2.8563
    2.8582
    2.8705
    2.8543
    2.8478
    2.8470
    2.8426
    2.8415
    2.8451
    2.8581
    2.8661
    2.8659
    2.8865
    2.8983
    2.9043
    2.9087
    2.9084
    2.9098
    2.9282
    2.9328
    2.9301
    2.9428
    2.9556
    2.9486
    2.9572
    2.9582
    2.9820
    2.9863
    2.9914
    3.0102
    3.0288
    3.0524
    3.0814
    3.0974
    3.1003
    3.1008
    3.1053
    3.1256
    3.1286
    3.1439
    3.1639
    3.1872
    3.1861
    3.1940
    3.1962
    3.2063
    3.2152
    3.2303
    3.2424
    3.2604
    3.2539
    3.2520
    3.2552
    3.2571
    3.2608
    3.2557
    3.2812
    3.3197
    3.3287
    3.3296
    3.3520
    3.3528
    3.3644
    3.3773
    3.3996
    3.4129
    3.4324
    3.4299
    3.4406
    3.4644
    3.4643
    3.4687
    3.4660
    3.4979
    3.5206
    3.5459
    3.5703
    3.5796
    3.6129
    3.6168
    3.6164
    3.6414
    3.6518
    3.6475
    3.6767
    3.6775
    3.7344
    3.7562
    3.8027
    3.8014
    3.8574
    3.8544
    3.8814
    3.9144
    3.8990
    3.8838
    3.9100
    3.9400
    3.9399
    4.0185
    4.0326
    4.0190
    4.0622
    4.0607
    4.0369
    4.0059
    4.0069
    4.0069
    4.0557
    4.1178
    4.1521
    4.2262
    4.2589
    4.2618
    4.1791
    4.1942
    4.1942
    4.2577
    4.2690
    4.2794
    4.3193
    4.2785
    4.3011
    4.2692
    4.2681
    4.2681
    4.3695
    4.3355
    4.4035
    4.3028
    4.2759
    4.2963
    4.2628
    4.2453
    4.3015
    4.3015
    4.3052
    4.2973
    4.3224
    4.3448
    4.3379
    4.3509
    4.4339
    4.4451
    4.4451
    4.3802
    4.3881
    4.3806
    4.3436
    4.3933
    4.3596
    4.3368
    4.3504
    4.3504
    4.2604
    4.2430
    4.2330
    4.2405
    4.1950
    4.2325
    4.2129
    4.1204
    4.1204
    4.0893
    4.1592
    4.1831
    4.1232
    4.0989
    4.0098
    4.0287
    4.1387
    4.1387
    4.0616
    4.0316
    4.0744
    4.0482
    4.0200
    3.9548
    3.9184
    3.9460
    3.9460
    3.9670
    4.0627
    3.9921
    3.9935
    4.0126
    4.0107
    3.9847
    3.9903
    4.0506
    4.0506
    4.1813
    4.1445
    4.1163
    4.0893
    4.0305
    4.0658
    3.9868
    4.0292
    4.0292
    3.9803
    4.0423
    4.1638
    4.1626
    4.1373
    4.1582
    4.1757
    4.1124
    4.1124
    4.1406
    4.0665
    4.2927
    4.4831
    4.4930
    5.0578
