   21.8292
   12.7714
   15.0219
    7.7957
    1.0504
    6.1066
    1.9729
   13.8312
    2.0443
    2.4572
    4.5160
    3.8078
    3.6754
    3.3262
    3.5510
    3.2076
    3.7182
    3.5175
    3.7844
    4.4452
    4.4518
    4.6704
    5.7757
    5.8222
    5.3975
    5.5913
    5.5172
    5.2158
    4.5018
    4.7409
    4.6103
    4.4573
    4.0223
    3.2038
    3.2715
    3.1912
    3.1197
    2.9113
    2.7984
    2.6415
    2.7188
    2.5477
    2.8096
    2.7666
    2.8852
    3.0780
    2.7222
    2.6136
    2.2493
    2.1604
    2.3450
    2.2050
    2.1419
    1.9701
    1.8208
    1.7843
    1.7538
    1.9799
    1.9751
    2.0593
    1.9229
    2.2570
    2.2884
    2.3154
    2.1760
    2.1116
    2.3430
    2.5243
    2.8649
    2.8788
    3.0312
    3.1291
    2.8008
    2.8862
    3.0876
    2.6618
    2.6629
    2.3564
    2.4482
    2.3445
    2.5913
    2.6659
    2.6261
    2.6409
    2.3678
    2.3456
    2.3596
    2.3164
    2.2145
    2.1797
    2.0382
    2.0011
    1.8389
    1.8891
    1.8229
    1.9949
    2.0227
    1.9873
    1.8633
    1.8128
    1.6813
    1.5740
    1.4927
    1.4116
    1.3767
    1.3125
    1.3679
    1.3381
    1.2787
    1.2299
    1.2203
    1.2158
    1.2004
    1.2070
    1.3140
    1.2759
    1.2230
    1.1944
    1.1860
    1.2240
    1.1887
    1.2290
    1.3197
    1.3033
    1.3479
    1.3957
    1.4480
    1.4123
    1.3964
    1.3859
    1.4448
    1.5051
    1.5531
    1.5048
    1.5035
    1.4977
    1.4563
    1.4854
    1.4768
    1.5187
    1.5256
    1.5311
    1.5247
    1.4635
    1.4933
    1.4569
    1.3821
    1.3621
    1.3338
    1.3371
    1.2941
    1.3082
    1.2498
    1.2067
    1.1764
    1.2058
    1.2317
    1.2632
    1.2564
    1.2112
    1.2272
    1.2290
    1.2376
    1.1868
    1.1660
    1.1816
    1.1615
    1.1902
    1.2075
    1.1818
    1.1681
    1.1500
    1.1229
    1.1186
    1.1431
    1.1305
    1.1254
    1.1115
    1.1040
    1.0732
    1.0925
    1.0690
    1.1087
    1.1044
    1.1233
    1.1172
    1.1448
    1.1775
    1.1866
    1.1885
    1.2013
    1.2461
    1.2867
    1.2854
    1.3028
    1.2575
    1.2921
    1.2716
    1.2440
    1.2029
    1.2076
    1.1875
    1.2011
    1.1635
    1.2338
    1.2744
    1.2848
    1.2932
    1.2981
    1.2480
    1.2408
    1.2062
    1.2017
    1.2061
    1.2305
    1.2210
    1.2643
    1.2861
    1.3236
    1.3756
    1.3524
    1.3503
    1.3218
    1.3442
    1.3339
    1.4145
    1.3970
    1.3885
    1.3713
    1.3702
    1.3635
    1.3657
    1.3772
    1.3970
    1.3954
    1.3772
    1.3070
    1.3272
    1.3197
    1.3175
    1.3026
    1.2931
    1.2651
    1.2610
    1.2821
    1.3066
    1.2697
    1.2979
    1.2451
    1.2513
    1.2433
    1.2562
    1.2775
    1.2847
    1.3049
    1.3257
    1.3342
    1.3148
    1.2820
    1.2512
    1.2575
    1.2993
    1.2775
    1.2901
    1.3320
    1.3238
    1.3403
    1.3344
    1.3650
    1.3276
    1.3298
    1.3296
    1.3393
    1.3391
    1.3527
    1.3421
    1.3340
    1.3786
    1.3808
    1.4344
    1.4827
    1.4731
    1.4916
    1.4210
    1.4520
    1.4991
    1.4862
    1.5132
    1.5330
    1.5142
    1.5067
    1.5374
    1.5372
    1.5773
    1.6031
    1.6526
    1.6718
    1.7284
    1.8249
    1.8833
    1.8825
    1.9272
    1.9895
    2.0139
    2.0474
    2.0456
    2.1077
    2.0891
    2.0962
    2.1559
    2.2815
    2.2845
    2.3524
    2.3665
    2.3552
    2.4091
    2.4923
    2.5804
    2.5889
    2.6286
    2.6199
    2.5783
    2.6204
    2.6546
    2.6732
    2.6888
    2.7031
    2.6931
    2.7085
    2.6891
    2.6834
    2.7287
    2.7515
    2.6956
    2.7425
    2.7609
    2.7579
    2.7086
    2.7824
    2.7703
    2.8027
    2.7769
    2.7687
    2.6963
    2.7036
    2.7035
    2.7596
    2.7556
    2.7459
    2.7106
    2.7181
    2.7452
    2.7366
    2.7126
    2.7195
    2.7065
    2.7556
    2.7176
    2.7362
    2.6869
    2.6982
    2.7648
    2.7965
    2.8608
    2.9017
    2.9077
    2.8544
    2.8767
    2.9279
    2.9729
    2.9814
    3.0011
    3.0064
    3.0121
    3.0177
    3.0034
    2.9668
    2.9552
    2.9672
    2.9390
    2.9458
    2.9358
    2.9228
    2.9192
    2.9380
    2.9763
    2.9625
    2.9753
    2.9829
    2.9369
    2.9030
    2.8721
    2.8562
    2.8085
    2.7714
    2.8300
    2.8257
    2.8299
    2.7975
    2.7578
    2.7276
    2.7191
    2.6922
    2.6938
    2.6996
    2.7195
    2.7110
    2.7128
    2.7175
    2.7179
    2.6873
    2.6447
    2.7031
    2.6968
    2.6580
    2.6293
    2.6264
    2.6576
    2.6533
    2.6863
    2.6861
    2.6663
    2.7389
    2.7510
    2.7346
    2.7642
    2.7174
    2.6950
    2.7158
    2.7575
    2.7791
    2.7744
    2.7380
    2.7786
    2.7691
    2.7095
    2.7121
    2.7037
    2.6897
    2.6513
    2.7202
    2.7189
    2.6908
    2.7010
    2.6369
    2.6410
    2.6018
    2.5924
    2.5867
    2.4168
    2.4316
    2.4279
    2.4496
    2.4332
    2.4373
    2.4509
    2.4082
    2.3005
    2.2830
    2.2611
    2.2601
    2.2655
    2.2550
    2.2360
    2.1769
    2.1607
    2.1483
    2.1675
    2.1514
    2.1549
    2.1437
    2.1264
    2.1120
    2.1431
    2.1349
    2.1122
    2.1072
    2.0791
    2.0779
    2.0897
    2.0798
    2.0960
    2.0763
    2.0812
    2.0550
    2.0489
    2.0179
    2.0180
    2.0002
    2.0218
    2.0275
    2.0251
    2.0218
    1.9889
    1.9813
    1.9912
    1.9931
    2.0190
    2.0176
    2.0048
    1.9994
    1.9977
    1.9939
    1.9758
    1.9667
    1.9613
    1.9485
    1.9407
    1.9295
    1.9224
    1.9127
    1.9017
    1.8963
    1.8888
    1.9002
    1.8938
    1.8857
    1.8744
    1.8972
    1.8853
    1.8872
    1.8788
    1.8636
    1.8621
    1.8496
    1.8298
    1.7885
    1.7651
    1.7389
    1.7319
    1.7256
    1.7092
    1.6827
    1.6624
    1.6502
    1.6335
    1.6275
    1.6096
    1.6034
    1.5850
    1.5859
    1.5617
    1.5573
    1.5574
    1.5642
    1.5739
    1.5652
    1.5669
    1.5824
    1.5876
    1.5774
    1.5861
    1.5742
    1.5811
    1.5818
    1.5640
    1.5566
    1.5627
    1.5707
    1.5794
    1.5929
    1.5923
    1.5970
    1.5735
    1.5558
    1.5785
    1.5916
    1.5966
    1.6076
    1.6045
    1.5949
    1.6022
    1.5972
    1.5776
    1.5769
    1.5957
    1.5992
    1.5928
    1.5970
    1.5992
    1.5859
    1.5892
    1.5847
    1.5934
    1.6026
    1.6013
    1.5968
    1.5777
    1.5665
    1.5669
    1.5676
    1.5705
    1.5662
    1.5751
    1.5751
    1.5702
    1.5402
    1.5268
    1.5252
    1.5265
    1.5279
    1.5359
    1.5362
    1.5089
    1.5093
    1.5045
    1.4833
    1.4781
    1.4755
    1.4693
    1.4744
    1.4833
    1.4683
    1.4671
    1.4765
    1.4792
    1.4630
    1.4583
    1.4548
    1.4549
    1.4550
    1.4648
    1.4547
    1.4437
    1.4485
    1.4457
    1.4432
    1.4361
    1.4365
    1.4326
    1.4339
    1.4474
    1.4461
    1.4525
    1.4597
    1.4572
    1.4540
    1.4623
    1.4461
    1.4465
    1.4525
    1.4685
    1.4685
    1.4685
    1.4727
    1.4533
    1.4585
    1.4587
    1.4502
    1.4645
    1.4735
    1.4649
    1.4766
    1.4816
    1.4718
    1.4691
    1.4714
    1.4729
    1.4812
    1.4730
    1.4630
    1.4968
    1.5037
    1.5213
    1.5325
    1.5462
    1.5478
    1.5418
    1.5485
    1.5379
    1.5430
    1.5450
    1.5590
    1.5572
    1.5743
    1.5894
    1.5959
    1.6061
    1.6175
    1.6173
    1.6253
    1.6345
    1.6463
    1.6611
    1.6473
    1.6445
    1.6387
    1.6286
    1.6286
    1.6214
    1.6292
    1.6329
    1.6282
    1.6352
    1.6463
    1.6623
    1.6559
    1.6555
    1.6386
    1.6387
    1.6350
    1.6374
    1.6437
    1.6360
    1.6392
    1.6501
    1.6439
    1.6423
    1.6351
    1.6487
    1.6779
    1.6845
    1.6809
    1.6788
    1.6885
    1.6866
    1.6766
    1.6790
    1.6805
    1.6794
    1.6685
    1.6752
    1.6763
    1.6828
    1.6772
    1.6816
    1.7152
    1.7205
    1.7340
    1.7413
    1.7355
    1.7449
    1.7405
    1.7489
    1.7606
    1.7525
    1.7795
    1.7837
    1.7950
    1.7937
    1.8135
    1.8276
    1.8095
    1.8320
    1.8309
    1.8466
    1.8371
    1.8266
    1.8275
    1.8336
    1.8866
    1.9005
    1.9046
    1.9243
    1.9380
    1.9494
    1.9308
    1.9272
    1.9359
    1.9482
    1.9559
    1.9546
    1.9854
    1.9987
    2.0265
    2.0283
    2.0425
    2.0540
    2.0489
    2.0565
    2.0594
    2.0735
    2.0979
    2.1168
    2.1178
    2.1060
    2.1068
    2.1079
    2.1117
    2.1107
    2.1131
    2.1347
    2.1548
    2.1610
    2.1824
    2.1892
    2.1760
    2.1725
    2.1722
    2.1705
    2.1817
    2.1851
    2.2044
    2.2180
    2.2216
    2.2142
    2.2180
    2.2163
    2.2136
    2.2228
    2.2373
    2.2533
    2.2546
    2.2631
    2.2805
    2.2905
    2.2959
    2.2942
    2.2904
    2.2961
    2.3041
    2.3056
    2.3174
    2.3342
    2.3379
    2.3479
    2.3547
    2.3618
    2.3561
    2.3570
    2.3767
    2.3758
    2.3719
    2.3756
    2.3796
    2.3867
    2.3939
    2.4080
    2.4153
    2.4252
    2.4410
    2.4660
    2.4728
    2.4811
    2.4839
    2.4941
    2.4952
    2.5042
    2.5167
    2.5213
    2.5413
    2.5522
    2.5721
    2.5726
    2.5848
    2.5987
    2.6072
    2.6039
    2.6235
    2.6328
    2.6317
    2.6541
    2.6567
    2.6577
    2.6689
    2.6627
    2.6777
    2.6871
    2.6917
    2.6983
    2.6891
    2.6904
    2.7184
    2.7233
    2.7385
    2.7479
    2.7692
    2.7776
    2.7938
    2.7971
    2.7969
    2.7966
    2.8068
    2.8006
    2.8010
    2.7949
    2.8012
    2.8223
    2.8270
    2.8267
    2.8579
    2.8845
    2.8947
    2.9084
    2.9135
    2.9059
    2.9307
    2.9222
    2.9106
    2.9107
    2.9255
    2.9381
    2.9573
    2.9614
    2.9341
    2.9556
    2.9848
    2.9913
    2.9914
    3.0165
    3.0060
    3.0098
    3.0314
    3.0362
    3.0678
    3.0794
    3.0885
    3.0882
    3.1353
    3.1427
    3.1718
    3.1732
    3.2091
    3.2185
    3.2063
    3.1826
    3.1826
    3.2208
    3.2027
    3.2286
    3.2757
    3.2729
    3.2960
    3.2929
    3.2752
    3.2752
    3.3008
    3.3438
    3.2978
    3.2910
    3.2784
    3.3435
    3.3382
    3.3504
    3.3504
    3.4518
    3.4417
    3.4207
    3.4585
    3.4114
    3.4959
    3.5472
    3.5694
    3.6086
    3.6086
    3.4728
    3.4400
    3.5129
    3.5691
    3.5046
    3.4737
    3.4883
    3.6278
    3.6278
    3.6993
    3.7061
    3.7346
    3.7739
    3.8088
    3.8657
    3.7654
    3.7366
    3.7366
    3.6595
    3.7358
    3.7160
    3.7061
    3.7432
    3.8307
    3.8267
    3.8521
    3.8521
    3.8953
    3.8245
    3.7195
    3.7577
    3.9649
    4.0380
    4.1839
    4.1840
    4.1840
    4.1691
    4.2213
    4.2718
    4.1422
    4.0722
    4.1556
    4.1403
    4.0794
    4.0794
    4.2550
    4.4266
    4.5535
    4.6382
    4.7295
    4.6728
    4.6695
    4.5989
    4.7337
    4.7337
    4.6995
    4.6817
    4.6756
    4.7665
    4.8846
    4.9278
    4.9310
    5.0418
    5.0418
    4.9224
    5.0030
    5.0425
    4.9529
    4.8786
    4.9601
    4.9604
    5.1031
    5.1031
    5.1926
    5.3188
    5.3329
    5.2886
    5.4425
    5.6824
