    1.7440
    1.7311
    1.7356
    1.7746
    1.3675
    1.4700
    1.1409
    1.0100
    1.5829
    1.6667
    1.6469
    1.6960
    1.4892
    1.2763
    1.4676
    1.4604
    1.4966
    1.3872
    1.3336
    1.3450
    1.3016
    1.3919
    1.4034
    1.4494
    1.4966
    1.5024
    1.4940
    1.4872
    1.4823
    1.4971
    1.4854
    1.4991
    1.5237
    1.5326
    1.5532
    1.5756
    1.5910
    1.6142
    1.6123
    1.6094
    1.5643
    1.5522
    1.5220
    1.5203
    1.5213
    1.5294
    1.5258
    1.5197
    1.5168
    1.5120
    1.5037
    1.5214
    1.4995
    1.4980
    1.5036
    1.4614
    1.4524
    1.4175
    1.4052
    1.4079
    1.3962
    1.3965
    1.3853
    1.4122
    1.3997
    1.4046
    1.4279
    1.4432
    1.4385
    1.4823
    1.5016
    1.5223
    1.5331
    1.5388
    1.5649
    1.5736
    1.5688
    1.5781
    1.5915
    1.5914
    1.6151
    1.5798
    1.5574
    1.5525
    1.5557
    1.5564
    1.5420
    1.5273
    1.5150
    1.5072
    1.5415
    1.6112
    1.6334
    1.6481
    1.6546
    1.6726
    1.7032
    1.6998
    1.7186
    1.6872
    1.6972
    1.7060
    1.7660
    1.7616
    1.8086
    1.8299
    1.8411
    1.8616
    1.9235
    1.9479
    1.9038
    1.9036
    1.8863
    1.8444
    1.7888
    1.7481
    1.7530
    1.7753
    1.7494
    1.7940
    1.7679
    1.7435
    1.7465
    1.7602
    1.7615
    1.7942
    1.7701
    1.7552
    1.7333
    1.6660
    1.6508
    1.5937
    1.5843
    1.5482
    1.6006
    1.6200
    1.6086
    1.6711
    1.6491
    1.7038
    1.8326
    1.8325
    1.8687
    1.8013
    1.8026
    1.8381
    1.9236
    1.9824
    2.1423
    2.2593
    2.3941
    2.5751
    2.7549
    2.8284
    2.8551
    2.9796
    2.9911
    2.9354
    2.9688
    2.9427
    2.9722
    2.9571
    2.9517
    2.9334
    2.8973
    2.8340
    2.8664
    2.8115
    2.8238
    2.7864
    2.7194
    2.5764
    2.4816
    2.4938
    2.4645
    2.4217
    2.3951
    2.3528
    2.3508
    2.3619
    2.3506
    2.2863
    2.1835
    2.0880
    2.0148
    1.9648
    1.8731
    1.7355
    1.6737
    1.6210
    1.5697
    1.5445
    1.5764
    1.5939
    1.6180
    1.6724
    1.6912
    1.7138
    1.7543
    1.7965
    1.8616
    1.9203
    1.9600
    1.9953
    2.0422
    2.0572
    2.0687
    2.0852
    2.1155
    2.1274
    2.1320
    2.1575
    2.1879
    2.2078
    2.2423
    2.2779
    2.3027
    2.3392
    2.3584
    2.3681
    2.4128
    2.4391
    2.4601
    2.4728
    2.4925
    2.5073
    2.5270
    2.5251
    2.5517
    2.5429
    2.5564
    2.5884
    2.5935
    2.5957
    2.6048
    2.6227
    2.6351
    2.6872
    2.6858
    2.7512
    2.8610
    2.9350
    2.9743
    3.0077
    3.0314
    3.0458
    3.1095
    3.1304
    3.1969
    3.2055
    3.2495
    3.2466
    3.2899
    3.3180
    3.2712
    3.2404
    3.2315
    3.2429
    3.2418
    3.2693
    3.2937
    3.2366
    3.2266
    3.2226
    3.2411
    3.2680
    3.3238
    3.3865
    3.3807
    3.2313
    3.1430
    3.0332
    2.8911
    2.7432
    2.6355
    2.5623
    2.4862
    2.3731
    2.3325
    2.3057
    2.2906
    2.2998
    2.3118
    2.3374
    2.4009
    2.4884
    2.5295
    2.5678
    2.5870
    2.5931
    2.5994
    2.5954
    2.6058
    2.5767
    2.5927
    2.6302
    2.6662
    2.6997
    2.7097
    2.7118
    2.6928
    2.6546
    2.5874
    2.5526
    2.5194
    2.5045
    2.4856
    2.4949
    2.4755
    2.4701
    2.4670
    2.4624
    2.4395
    2.4136
    2.3979
    2.3753
    2.3523
    2.3218
    2.3349
    2.3138
    2.3127
    2.3090
    2.3018
    2.2817
    2.2574
    2.2226
    2.1535
    2.1041
    2.0788
    2.0635
    2.0346
    1.9905
    1.9822
    1.9828
    1.9868
    1.9852
    1.9750
    1.9774
    1.9718
    1.9639
    1.9718
    1.9666
    1.9540
    1.9815
    2.0374
    2.0757
    2.0963
    2.1329
    2.1421
    2.1604
    2.1600
    2.1304
    2.1306
    2.1563
    2.1570
    2.1498
    2.1426
    2.1578
    2.1270
    2.1142
    2.1074
    2.1096
    2.1066
    2.1092
    2.1072
    2.1146
    2.1246
    2.1210
    2.1185
    2.1362
    2.1218
    2.1163
    2.0962
    2.0669
    2.0359
    2.0170
    2.0071
    1.9970
    2.0053
    2.0077
    2.0129
    2.0286
    2.0370
    2.0489
    2.0665
    2.0898
    2.1090
    2.1081
    2.1186
    2.1215
    2.1245
    2.1385
    2.1509
    2.1639
    2.1571
    2.1524
    2.1548
    2.1498
    2.1482
    2.1464
    2.1318
    2.1090
    2.1286
    2.1420
    2.1464
    2.1467
    2.1688
    2.1926
    2.2143
    2.2642
    2.3070
    2.3510
    2.3553
    2.4303
    2.5048
    2.5526
    2.6482
    2.7405
    2.7638
    2.7573
    2.7417
    2.7360
    2.7328
    2.6843
    2.6500
    2.6664
    2.6955
    2.7329
    2.7744
    2.8136
    2.8027
    2.8560
    2.8931
    2.8956
    2.8646
    2.8256
    2.8310
    2.8288
    2.8340
    2.8536
    2.9195
    2.9366
    2.9687
    3.0401
    3.0462
    3.0101
    3.0199
    3.0247
    3.0073
    3.0220
    3.0229
    3.0496
    3.0521
    3.0603
    3.0572
    3.0506
    3.0336
    3.0197
    3.0147
    3.0095
    3.0015
    2.9862
    2.9515
    2.9836
    2.9734
    2.9283
    2.9587
    2.9477
    2.9630
    2.9782
    3.0073
    3.0350
    3.0705
    3.0939
    3.1229
    3.1111
    3.1104
    3.1051
    3.1376
    3.1669
    3.1761
    3.2080
    3.2401
    3.2291
    3.2021
    3.1988
    3.1625
    3.1649
    3.1716
    3.2106
    3.2144
    3.2044
    3.1860
    3.1987
    3.1715
    3.1257
    3.0863
    3.0969
    3.0943
    3.1087
    3.1212
    3.1181
    3.1229
    3.1329
    3.1358
    3.1658
    3.1881
    3.1612
    3.1200
    3.1110
    3.0857
    3.0552
    3.0483
    3.0434
    3.0086
    2.9902
    2.9637
    2.9517
    2.9607
    2.9744
    2.9684
    2.9421
    2.9703
    2.9646
    2.9342
    2.9468
    2.9689
    2.9736
    2.9828
    3.0058
    3.0052
    2.9956
    2.9821
    3.0100
    3.0565
    3.0536
    3.0273
    3.0091
    2.9811
    2.9625
    2.9615
    2.9305
    2.9175
    2.8823
    2.8393
    2.8374
    2.8318
    2.8306
    2.8730
    2.8667
    2.8634
    2.8505
    2.8483
    2.8301
    2.7997
    2.7591
    2.7674
    2.7818
    2.7858
    2.7822
    2.7883
    2.7861
    2.7747
    2.7701
    2.7596
    2.7260
    2.7028
    2.6719
    2.6595
    2.6308
    2.6059
    2.5801
    2.5819
    2.5613
    2.5544
    2.5420
    2.5382
    2.5258
    2.5060
    2.4745
    2.4727
    2.4612
    2.4857
    2.4860
    2.5150
    2.5480
    2.5618
    2.6072
    2.6139
    2.6195
    2.6223
    2.6305
    2.6244
    2.6236
    2.6152
    2.6143
    2.6298
    2.6376
    2.6238
    2.6427
    2.6388
    2.6487
    2.6395
    2.6316
    2.6387
    2.6318
    2.6157
    2.6060
    2.5969
    2.6105
    2.6230
    2.6410
    2.6716
    2.6762
    2.6849
    2.6876
    2.6562
    2.6520
    2.6455
    2.6498
    2.6602
    2.6482
    2.6838
    2.6990
    2.7260
    2.7575
    2.7605
    2.7630
    2.7603
    2.7419
    2.7250
    2.7378
    2.7342
    2.7348
    2.7329
    2.7180
    2.7108
    2.6986
    2.6918
    2.6964
    2.7113
    2.7044
    2.7161
    2.7283
    2.7244
    2.7271
    2.7441
    2.7721
    2.7930
    2.8157
    2.8187
    2.8511
    2.8731
    2.8883
    2.8839
    2.8907
    2.8955
    2.8953
    2.8795
    2.8758
    2.8723
    2.8738
    2.8526
    2.8283
    2.8297
    2.8305
    2.8258
    2.8190
    2.8391
    2.8479
    2.8512
    2.8677
    2.8565
    2.8449
    2.8392
    2.8222
    2.8304
    2.8280
    2.8214
    2.8221
    2.8185
    2.8143
    2.8487
    2.8583
    2.8845
    2.9196
    2.9366
    2.9345
    2.9496
    2.9532
    2.9565
    2.9515
    2.9595
    2.9639
    2.9848
    2.9881
    2.9893
    2.9902
    3.0029
    3.0048
    3.0179
    3.0296
    3.0346
    3.0223
    3.0205
    3.0031
    2.9963
    2.9943
    2.9902
    2.9896
    2.9964
    3.0222
    3.0459
    3.0839
    3.0822
    3.1167
    3.1491
    3.1640
    3.1976
    3.2123
    3.2188
    3.2128
    3.2282
    3.2259
    3.2211
    3.2221
    3.2419
    3.2606
    3.2890
    3.3174
    3.3658
    3.3820
    3.4060
    3.4096
    3.3904
    3.3947
    3.3789
    3.3509
    3.3216
    3.2953
    3.2744
    3.2833
    3.2844
    3.2809
    3.2724
    3.2658
    3.2672
    3.2757
    3.2799
    3.2712
    3.2721
    3.2804
    3.2415
    3.2134
    3.2250
    3.2069
    3.1931
    3.1732
    3.1687
    3.1574
    3.1493
    3.1641
    3.1385
    3.1319
    3.1462
    3.1507
    3.1557
    3.1231
    3.1037
    3.1067
    3.0748
    3.0518
    3.0451
    3.0276
    3.0125
    2.9948
    2.9984
    3.0008
    3.0092
    3.0021
    2.9955
    2.9812
    2.9570
    2.9462
    2.9117
    2.8813
    2.8732
    2.8512
    2.8484
    2.8422
    2.8386
    2.8514
    2.8518
    2.8779
    2.9034
    2.8978
    2.9049
    2.9014
    2.8917
    2.8766
    2.8981
    2.9078
    2.8980
    2.9068
    2.9158
    2.9207
    2.9223
    2.9427
    2.9564
    2.9484
    2.9647
    2.9901
    2.9905
    2.9888
    2.9598
    2.9601
    2.9390
    2.9074
    2.8945
    2.8940
    2.8456
    2.8113
    2.7837
    2.7723
    2.7728
    2.7586
    2.7318
    2.7142
    2.6963
    2.7085
    2.7098
    2.6871
    2.6959
    2.6879
    2.6878
    2.6907
    2.6783
    2.6458
    2.6162
    2.5899
    2.5721
    2.5590
    2.5529
    2.5537
    2.5329
    2.5401
    2.5283
    2.5402
    2.5170
    2.5244
    2.5588
    2.5519
    2.5512
    2.5580
    2.5789
    2.5946
    2.6019
    2.6160
    2.6276
    2.6021
    2.6350
    2.6346
    2.6453
    2.6243
    2.6127
    2.6143
    2.6204
    2.6110
    2.6164
    2.6138
    2.6147
    2.6052
    2.6032
    2.5920
    2.5686
    2.5433
    2.5375
    2.5322
    2.5327
    2.5332
    2.5391
    2.5531
    2.5600
    2.5588
    2.5304
    2.5348
    2.5518
    2.5709
    2.6203
    2.6197
    2.6537
    2.6491
    2.6487
    2.6260
    2.6594
    2.5896
    2.5408
    2.5361
    2.5349
    2.5190
    2.5102
    2.4845
    2.4352
    2.4355
    2.4320
    2.4231
    2.4222
    2.4230
    2.4079
    2.3904
    2.3654
    2.3747
    2.3783
    2.3852
    2.3759
    2.3602
    2.3602
    2.3759
    2.4003
    2.3883
    2.3922
    2.3719
    2.3962
    2.3756
    2.3583
    2.3583
    2.3708
    2.3301
    2.2901
    2.2870
    2.3024
    2.2803
    2.2772
    2.2146
    2.2146
    2.1913
    2.2094
    2.2014
    2.2165
    2.1968
    2.2085
    2.1901
    2.1907
    2.2398
    2.2398
    2.2675
    2.2442
    2.1965
    2.2247
    2.2470
    2.2186
    2.2006
    2.2576
    2.2576
    2.2545
    2.2840
    2.2730
    2.2745
    2.2969
    2.2820
    2.2910
    2.3564
    2.3564
    2.3149
    2.2834
    2.2323
    2.2928
    2.2914
    2.2987
    2.2639
    2.2610
    2.2610
    2.2564
    2.2790
    2.2664
    2.2748
    2.2487
    2.2618
    2.2880
    2.2874
    2.2874
    2.2569
    2.2963
    2.2856
    2.3157
    2.3011
    2.3866
    2.3363
    2.3318
    2.3318
    2.4275
    2.4124
    2.4994
    2.5280
    2.5732
    2.5858
    2.6709
    2.6067
    2.7497
    2.7497
    2.6472
    2.6742
    2.7018
    2.7187
    2.7864
    2.7678
    2.8230
    2.7939
    2.7939
    2.8039
    2.7939
    2.7677
    2.7886
    2.7588
    2.8312
    2.7861
    2.8161
    2.8161
    2.7967
    2.8290
    2.8457
    2.9308
    3.0311
    3.0862
