    3.7858
    2.9001
    3.3194
   10.3546
    2.1892
    5.2106
    9.6132
    3.7287
    5.7719
    5.3077
    5.8104
    6.0473
    7.8442
    6.6165
    9.8047
    7.2211
    5.5787
    4.5773
    5.0968
    5.7718
    6.9758
    7.7412
   10.7178
    9.3426
    8.9414
    7.5371
    7.2650
    6.7698
    6.0118
    6.4881
    6.2801
    6.6665
    5.6790
    5.5361
    5.8754
    6.4439
    5.7838
    5.0872
    4.5391
    4.1137
    4.0229
    4.0405
    4.2948
    4.1854
    3.9614
    4.3267
    4.5117
    4.7542
    4.6928
    4.9791
    5.7860
    5.3057
    4.6929
    4.1017
    3.3445
    3.2538
    2.8185
    2.8146
    2.7933
    2.8626
    2.9932
    3.0274
    3.0965
    2.9361
    3.0413
    3.3223
    3.6317
    3.9783
    4.9993
    5.4736
    7.0211
    6.6634
    6.6938
    6.2780
    6.2761
    6.1554
    6.2103
    5.9817
    5.6765
    5.6156
    5.3867
    5.1751
    5.2062
    4.8837
    4.7049
    4.6840
    4.6266
    4.5235
    4.6409
    4.8603
    4.8508
    4.4977
    4.3407
    4.2636
    4.3425
    4.4786
    4.2680
    4.5151
    4.4031
    4.3150
    4.5219
    4.6293
    4.4511
    3.9572
    3.7652
    3.7320
    3.7110
    3.5093
    3.5847
    3.5949
    3.4342
    3.2607
    3.1828
    3.1648
    3.1049
    3.2069
    3.2632
    3.2693
    3.1953
    3.1393
    3.1511
    2.9015
    2.7393
    2.7309
    2.8174
    2.6267
    2.5234
    2.5403
    2.5211
    2.5675
    2.5774
    2.5639
    2.6483
    2.5061
    2.3782
    2.4009
    2.3501
    2.3338
    2.1995
    2.1044
    2.0428
    2.0182
    1.9998
    1.9043
    1.8673
    1.8690
    1.9334
    1.9592
    1.9444
    1.9166
    1.8858
    1.8117
    1.8339
    1.8684
    1.8172
    1.8711
    1.8395
    1.7559
    1.8183
    1.7988
    1.8209
    1.8582
    1.8956
    1.9400
    1.9625
    2.0038
    1.9594
    1.9176
    1.9795
    1.9483
    1.9547
    1.9608
    1.9174
    1.8643
    1.8912
    1.8262
    1.7932
    1.7900
    1.7965
    1.7419
    1.7421
    1.6651
    1.6408
    1.5957
    1.5709
    1.5498
    1.5379
    1.5914
    1.5555
    1.6144
    1.6058
    1.5285
    1.4964
    1.5171
    1.5178
    1.5105
    1.4909
    1.4752
    1.4453
    1.3972
    1.3954
    1.4035
    1.3928
    1.3694
    1.3547
    1.3073
    1.2857
    1.2785
    1.2359
    1.2383
    1.2395
    1.2554
    1.2225
    1.2453
    1.2359
    1.2357
    1.2213
    1.2400
    1.2506
    1.2463
    1.2087
    1.2023
    1.2174
    1.2008
    1.1975
    1.1892
    1.1992
    1.1685
    1.1990
    1.1756
    1.1869
    1.2285
    1.2269
    1.2336
    1.2178
    1.2243
    1.2254
    1.2183
    1.2364
    1.2354
    1.2444
    1.2573
    1.2511
    1.2206
    1.2397
    1.2352
    1.2292
    1.2273
    1.2328
    1.2275
    1.2342
    1.2433
    1.2486
    1.2142
    1.2221
    1.2059
    1.2039
    1.1860
    1.1918
    1.1998
    1.2121
    1.2134
    1.2101
    1.2061
    1.2008
    1.1899
    1.1949
    1.2106
    1.2279
    1.2371
    1.2459
    1.2482
    1.2298
    1.2099
    1.2130
    1.2186
    1.2257
    1.2081
    1.2209
    1.2297
    1.2292
    1.2582
    1.2680
    1.2567
    1.2709
    1.2666
    1.2899
    1.2838
    1.2768
    1.2828
    1.2893
    1.2824
    1.2960
    1.2811
    1.2962
    1.3117
    1.2831
    1.2823
    1.2699
    1.2680
    1.2770
    1.2401
    1.2517
    1.2616
    1.2631
    1.2581
    1.2588
    1.2714
    1.2476
    1.2416
    1.2369
    1.2366
    1.2249
    1.2216
    1.2106
    1.2187
    1.2049
    1.1936
    1.2291
    1.2382
    1.2278
    1.2094
    1.2169
    1.2133
    1.1953
    1.1943
    1.1978
    1.1886
    1.1793
    1.1667
    1.1485
    1.1549
    1.1643
    1.1445
    1.1476
    1.1409
    1.1356
    1.1313
    1.1193
    1.1327
    1.1454
    1.1335
    1.1286
    1.1472
    1.1668
    1.1568
    1.1510
    1.1430
    1.1473
    1.1576
    1.1684
    1.1517
    1.1466
    1.1417
    1.1325
    1.1319
    1.1417
    1.1328
    1.1301
    1.1495
    1.1516
    1.1478
    1.1517
    1.1554
    1.1756
    1.1712
    1.1643
    1.1610
    1.1449
    1.1477
    1.1582
    1.1546
    1.1587
    1.1600
    1.1654
    1.1973
    1.2097
    1.2271
    1.2274
    1.2538
    1.2518
    1.2467
    1.2423
    1.2204
    1.2234
    1.2203
    1.2420
    1.2328
    1.2344
    1.2341
    1.2357
    1.2533
    1.2532
    1.2693
    1.2704
    1.2673
    1.2842
    1.2752
    1.2823
    1.2882
    1.2659
    1.2636
    1.2817
    1.2787
    1.2709
    1.2806
    1.2991
    1.2957
    1.3058
    1.3118
    1.3121
    1.3063
    1.3129
    1.3177
    1.3286
    1.3431
    1.3485
    1.3333
    1.3320
    1.3574
    1.3540
    1.3629
    1.3641
    1.3741
    1.3739
    1.3727
    1.3795
    1.3961
    1.3939
    1.4193
    1.4213
    1.4378
    1.4582
    1.4569
    1.4598
    1.4615
    1.4545
    1.4738
    1.4863
    1.4719
    1.4730
    1.4755
    1.4890
    1.4923
    1.5084
    1.5292
    1.5209
    1.5213
    1.5320
    1.5459
    1.5458
    1.5629
    1.5747
    1.5720
    1.5774
    1.5944
    1.6149
    1.6238
    1.6117
    1.5879
    1.5855
    1.5970
    1.5826
    1.5718
    1.5723
    1.5682
    1.5629
    1.5539
    1.5649
    1.5468
    1.5573
    1.5691
    1.5612
    1.5419
    1.5436
    1.5524
    1.5460
    1.5328
    1.5115
    1.5179
    1.5189
    1.5179
    1.5421
    1.5443
    1.5485
    1.5415
    1.5405
    1.5263
    1.5140
    1.4839
    1.4674
    1.4559
    1.4397
    1.4271
    1.4446
    1.4551
    1.4489
    1.4465
    1.4093
    1.4107
    1.4103
    1.4254
    1.4040
    1.3878
    1.3845
    1.3855
    1.3567
    1.3464
    1.3449
    1.3499
    1.3591
    1.3310
    1.3363
    1.3323
    1.3129
    1.3057
    1.2992
    1.3098
    1.3082
    1.2982
    1.2712
    1.2540
    1.2456
    1.2423
    1.2560
    1.2483
    1.2549
    1.2567
    1.2584
    1.2630
    1.2626
    1.2771
    1.2845
    1.2856
    1.2897
    1.2912
    1.2729
    1.2610
    1.2844
    1.2913
    1.2930
    1.2802
    1.2913
    1.2914
    1.2842
    1.2804
    1.2764
    1.2667
    1.2726
    1.2735
    1.2771
    1.2717
    1.2669
    1.2783
    1.2783
    1.2908
    1.2887
    1.2882
    1.2983
    1.3031
    1.3011
    1.2948
    1.2999
    1.2988
    1.2896
    1.2912
    1.2902
    1.3001
    1.3095
    1.3173
    1.3232
    1.3181
    1.3235
    1.3262
    1.3309
    1.3215
    1.3228
    1.3224
    1.3292
    1.3338
    1.3373
    1.3355
    1.3467
    1.3580
    1.3601
    1.3626
    1.3691
    1.3853
    1.3989
    1.4033
    1.3992
    1.4043
    1.4016
    1.3988
    1.4114
    1.4139
    1.4290
    1.4192
    1.4241
    1.4190
    1.4266
    1.4438
    1.4622
    1.4600
    1.4755
    1.4770
    1.4842
    1.4850
    1.4769
    1.4830
    1.4801
    1.4924
    1.5072
    1.5118
    1.5213
    1.5326
    1.5589
    1.5592
    1.5766
    1.5941
    1.6076
    1.6200
    1.6138
    1.6161
    1.6137
    1.6183
    1.6302
    1.6470
    1.6690
    1.6776
    1.6851
    1.6791
    1.6872
    1.7106
    1.7438
    1.7523
    1.7622
    1.7687
    1.8020
    1.8169
    1.8316
    1.8290
    1.8319
    1.8253
    1.8660
    1.8686
    1.8818
    1.8989
    1.9288
    1.9490
    1.9437
    1.9603
    1.9521
    1.9586
    1.9712
    2.0145
    2.0482
    2.0569
    2.0714
    2.0806
    2.0974
    2.1057
    2.1454
    2.1457
    2.1475
    2.1497
    2.1571
    2.1635
    2.1709
    2.1903
    2.1721
    2.1865
    2.1842
    2.1855
    2.1991
    2.2540
    2.2812
    2.2829
    2.2868
    2.2633
    2.2711
    2.2770
    2.2908
    2.2843
    2.2920
    2.2932
    2.2970
    2.2917
    2.3054
    2.3103
    2.3263
    2.3190
    2.3212
    2.3247
    2.3427
    2.3498
    2.3410
    2.3314
    2.3325
    2.3321
    2.3248
    2.3379
    2.3331
    2.3408
    2.3413
    2.3372
    2.3321
    2.3439
    2.3463
    2.3489
    2.3747
    2.3946
    2.3887
    2.4018
    2.3953
    2.4100
    2.3961
    2.3792
    2.3681
    2.3896
    2.3914
    2.3769
    2.3668
    2.3479
    2.3533
    2.3723
    2.3758
    2.3911
    2.3913
    2.3908
    2.4036
    2.3934
    2.4044
    2.3983
    2.4063
    2.4054
    2.4148
    2.4284
    2.4314
    2.4380
    2.4206
    2.4072
    2.4206
    2.4181
    2.4164
    2.4366
    2.4410
    2.4434
    2.4338
    2.4339
    2.4329
    2.4343
    2.4470
    2.4924
    2.4954
    2.5184
    2.5179
    2.5144
    2.5134
    2.5111
    2.5119
    2.4964
    2.5018
    2.5194
    2.5109
    2.5265
    2.5392
    2.5539
    2.5668
    2.5647
    2.5634
    2.5672
    2.5575
    2.5556
    2.5648
    2.5717
    2.5708
    2.5726
    2.5665
    2.5674
    2.5668
    2.5738
    2.5925
    2.6088
    2.6024
    2.6058
    2.6105
    2.6218
    2.6205
    2.6148
    2.6288
    2.6437
    2.6357
    2.6329
    2.6473
    2.6528
    2.6513
    2.6565
    2.6674
    2.6593
    2.6639
    2.6767
    2.6696
    2.6854
    2.6817
    2.6801
    2.6836
    2.6838
    2.6971
    2.7079
    2.7179
    2.7073
    2.7101
    2.7206
    2.7197
    2.7237
    2.7312
    2.7251
    2.7137
    2.7279
    2.7222
    2.7286
    2.7321
    2.7497
    2.7508
    2.7619
    2.7744
    2.7827
    2.7907
    2.8132
    2.8121
    2.7961
    2.7885
    2.7833
    2.7830
    2.7661
    2.7743
    2.7747
    2.7688
    2.7677
    2.7610
    2.7633
    2.7513
    2.7519
    2.7346
    2.7462
    2.7225
    2.7344
    2.7393
    2.7299
    2.7068
    2.7099
    2.7102
    2.7054
    2.7179
    2.7156
    2.7180
    2.6970
    2.6999
    2.7064
    2.7045
    2.7041
    2.7073
    2.7120
    2.7438
    2.7621
    2.7842
    2.7817
    2.7891
    2.8037
    2.8034
    2.8280
    2.8423
    2.8543
    2.8441
    2.8540
    2.8609
    2.8872
    2.9032
    2.9028
    2.9246
    2.9148
    2.9379
    2.9429
    2.9772
    2.9699
    2.9446
    2.9496
    2.9682
    2.9680
    2.9895
    2.9966
    2.9986
    2.9966
    2.9890
    2.9846
    3.0031
    3.0574
    3.0568
    3.0415
    3.0658
    3.0457
    3.0831
    3.1074
    3.1429
    3.1221
    3.1693
    3.1688
    3.1648
    3.2052
    3.2118
    3.2383
    3.2353
    3.2311
    3.2867
    3.2797
    3.2797
    3.2769
    3.2776
    3.3056
    3.3083
    3.3467
    3.3501
    3.3916
    3.3381
    3.3381
    3.3752
    3.3894
    3.3879
    3.3902
    3.3932
    3.3490
    3.3577
    3.3775
    3.3775
    3.3256
    3.3588
    3.3721
    3.4000
    3.3364
    3.3567
    3.3923
    3.3624
    3.4047
    3.4047
    3.3944
    3.4408
    3.4282
    3.4193
    3.3578
    3.3447
    3.2750
    3.3190
    3.3190
    3.2702
    3.2253
    3.3063
    3.3118
    3.3320
    3.3708
    3.3415
    3.2622
    3.2622
    3.2891
    3.2564
    3.2881
    3.2506
    3.1617
    3.1421
    3.1665
    3.1274
    3.1274
    3.1755
    3.1334
    3.2025
    3.1355
    3.1152
    3.0922
    3.1304
    3.1315
    3.1315
    3.2059
    3.2238
    3.1617
    3.1255
    2.9793
    2.9515
    2.8140
    2.8893
    2.8893
    2.9029
    2.9038
    2.9110
    2.9378
    3.0265
    3.0376
    3.1005
    3.1661
    3.2090
    3.2090
    3.1947
    3.0979
    3.1436
    3.0759
    3.0125
    2.9640
    2.9315
    2.9590
    2.9590
    2.9335
    2.9364
    2.9274
    2.8868
    2.9248
    2.9049
    2.8301
    2.7822
    2.7822
    2.6808
    2.7271
    2.7435
    2.7198
    2.6204
    2.6869
