    2.1409
    1.7054
    1.1436
    0.7449
    5.2792
    0.8479
    0.7286
    1.4976
    1.2703
    2.0540
    2.0450
    2.7832
    1.8308
    2.2206
    2.0374
    2.1547
    1.4638
    1.7217
    1.4498
    1.3098
    0.9208
    0.9596
    1.0452
    1.2638
    1.4225
    1.6180
    1.4676
    1.4880
    1.4697
    1.4741
    1.6467
    1.6671
    2.2497
    2.1211
    2.1868
    2.9760
    3.0073
    3.3754
    2.9012
    2.7279
    2.6231
    2.4172
    2.4466
    2.6522
    2.2638
    2.0533
    2.0319
    1.8810
    1.8750
    1.8911
    1.7075
    1.5571
    1.4718
    1.4403
    1.4014
    1.3559
    1.4079
    1.6032
    1.4494
    1.4680
    1.5566
    1.7123
    1.9798
    1.9815
    2.0510
    2.2790
    2.6110
    2.7501
    3.0439
    3.1326
    3.4798
    3.5832
    3.4229
    3.2733
    3.7171
    3.7927
    3.5821
    3.1875
    3.0331
    3.0985
    3.1805
    3.1647
    3.1479
    3.1681
    3.0724
    2.9838
    2.9293
    2.8601
    2.8164
    2.7550
    2.8694
    2.8015
    2.6707
    2.6019
    2.3468
    2.1915
    2.2607
    2.1817
    2.3604
    2.4359
    2.4825
    2.4555
    2.3385
    2.3370
    2.3191
    2.2934
    2.3261
    2.4167
    2.3889
    2.3320
    2.4332
    2.5078
    2.5584
    2.4875
    2.3383
    2.4019
    2.4288
    2.5608
    2.5425
    2.4964
    2.5886
    2.5402
    2.5284
    2.5276
    2.4902
    2.5036
    2.5803
    2.6777
    2.6993
    2.8226
    3.0067
    3.0416
    3.0882
    3.0438
    3.0958
    3.0721
    3.0524
    3.1432
    3.2641
    3.2649
    3.1743
    3.1772
    3.2388
    3.3081
    3.3724
    3.3191
    3.2941
    3.4843
    3.4699
    3.6082
    3.6517
    3.6301
    3.7785
    3.8975
    4.0330
    4.1027
    4.1168
    4.0726
    3.9075
    3.8883
    3.6691
    3.6782
    3.5951
    3.5957
    3.6208
    3.5516
    3.6496
    3.6470
    3.5496
    3.3833
    3.3232
    3.4025
    3.3010
    3.3165
    3.1817
    3.1028
    3.0850
    3.1059
    3.1663
    3.1797
    3.1403
    3.1067
    3.1126
    3.1131
    3.0422
    3.0330
    2.9487
    2.7981
    2.7498
    2.7494
    2.7576
    2.7179
    2.6378
    2.5817
    2.5262
    2.5056
    2.4405
    2.4474
    2.4603
    2.5598
    2.5402
    2.5232
    2.5486
    2.5780
    2.4904
    2.4290
    2.4230
    2.4075
    2.3758
    2.3533
    2.3783
    2.3550
    2.4244
    2.4579
    2.4576
    2.4433
    2.4038
    2.3837
    2.3362
    2.2935
    2.3934
    2.3643
    2.3024
    2.2859
    2.2360
    2.2102
    2.1952
    2.1819
    2.1795
    2.1670
    2.2051
    2.1491
    2.2104
    2.1749
    2.1660
    2.1770
    2.1742
    2.1762
    2.2071
    2.2385
    2.2073
    2.2134
    2.2897
    2.3130
    2.3387
    2.3285
    2.3060
    2.2759
    2.3000
    2.3041
    2.2988
    2.2189
    2.2054
    2.2701
    2.2804
    2.2862
    2.2956
    2.3071
    2.3545
    2.4072
    2.3736
    2.3799
    2.4018
    2.3833
    2.3631
    2.3701
    2.3739
    2.3705
    2.3114
    2.2102
    2.1869
    2.1541
    2.0932
    2.0997
    2.0631
    2.0322
    2.0601
    2.0510
    1.9773
    1.9698
    2.0308
    2.0230
    2.0084
    1.9921
    1.9656
    1.9356
    1.9595
    1.9915
    1.9834
    1.9945
    1.9558
    1.9701
    1.9332
    1.9272
    1.9207
    1.8974
    1.8828
    1.8533
    1.8554
    1.8520
    1.8079
    1.8021
    1.7817
    1.7788
    1.7620
    1.7166
    1.6893
    1.6944
    1.6717
    1.6720
    1.6207
    1.6199
    1.6572
    1.6632
    1.6659
    1.6571
    1.6714
    1.6769
    1.6817
    1.6451
    1.6290
    1.6525
    1.6124
    1.5963
    1.5961
    1.6036
    1.5902
    1.6047
    1.5959
    1.5896
    1.5808
    1.5867
    1.5637
    1.5896
    1.5885
    1.5924
    1.5995
    1.6163
    1.6412
    1.6318
    1.6429
    1.6548
    1.6779
    1.7049
    1.6765
    1.6974
    1.7194
    1.7131
    1.7010
    1.6926
    1.6983
    1.7284
    1.7611
    1.7345
    1.7198
    1.7255
    1.7083
    1.7189
    1.7341
    1.7347
    1.6942
    1.6874
    1.6497
    1.6291
    1.6201
    1.6327
    1.6317
    1.6054
    1.5972
    1.5854
    1.5990
    1.6185
    1.6196
    1.6199
    1.6275
    1.6140
    1.6107
    1.6032
    1.6035
    1.5962
    1.5962
    1.5943
    1.5917
    1.5897
    1.5940
    1.6067
    1.6223
    1.6304
    1.6405
    1.6458
    1.6606
    1.6877
    1.6905
    1.6728
    1.6729
    1.6879
    1.6899
    1.6957
    1.6795
    1.6787
    1.6860
    1.6679
    1.6812
    1.6917
    1.6829
    1.6584
    1.6693
    1.6767
    1.6903
    1.6797
    1.6537
    1.6677
    1.6788
    1.6718
    1.6816
    1.6921
    1.6932
    1.6813
    1.7009
    1.6663
    1.6805
    1.6748
    1.6710
    1.6631
    1.6461
    1.6565
    1.6593
    1.6690
    1.6447
    1.6463
    1.6362
    1.6215
    1.6049
    1.5857
    1.6034
    1.5945
    1.5997
    1.5953
    1.6111
    1.6191
    1.6110
    1.5872
    1.5673
    1.5687
    1.5781
    1.5864
    1.5902
    1.6012
    1.5993
    1.6130
    1.6129
    1.5964
    1.5895
    1.5958
    1.6297
    1.6404
    1.6444
    1.6954
    1.6958
    1.7026
    1.6966
    1.6879
    1.6975
    1.7146
    1.7209
    1.7590
    1.7443
    1.7319
    1.7212
    1.7313
    1.7561
    1.7581
    1.7522
    1.7807
    1.7969
    1.8161
    1.8283
    1.8476
    1.8767
    1.8758
    1.8966
    1.9027
    1.9103
    1.9346
    1.9429
    1.9348
    1.9688
    1.9856
    1.9809
    2.0412
    2.0454
    2.0713
    2.0840
    2.1014
    2.0945
    2.0846
    2.0924
    2.0986
    2.0709
    2.0745
    2.0580
    2.0760
    2.0624
    2.0460
    2.0519
    2.0216
    2.0359
    2.0282
    2.0216
    2.0353
    2.0333
    2.0519
    2.0534
    2.0701
    2.0856
    2.0745
    2.0725
    2.1015
    2.1044
    2.1086
    2.0941
    2.0912
    2.0934
    2.0915
    2.0855
    2.0719
    2.0752
    2.0720
    2.0719
    2.0724
    2.0433
    2.0515
    2.0605
    2.0722
    2.0693
    2.0901
    2.0762
    2.0602
    2.0668
    2.0886
    2.0870
    2.0556
    2.0358
    2.0512
    2.0705
    2.0876
    2.0959
    2.1010
    2.1077
    2.0912
    2.0775
    2.0641
    2.0512
    2.0260
    2.0256
    2.0564
    2.0521
    2.0812
    2.0792
    2.0830
    2.0892
    2.0841
    2.0841
    2.0624
    2.0749
    2.0839
    2.0765
    2.0807
    2.0858
    2.1080
    2.1076
    2.1064
    2.1032
    2.0857
    2.0966
    2.0933
    2.0663
    2.0534
    2.0611
    2.0645
    2.0596
    2.0596
    2.0509
    2.0602
    2.0742
    2.0717
    2.0813
    2.0702
    2.0820
    2.0920
    2.0910
    2.0857
    2.0806
    2.0973
    2.1113
    2.1186
    2.1133
    2.1126
    2.1048
    2.1031
    2.0952
    2.0886
    2.0737
    2.0681
    2.0456
    2.0501
    2.0432
    2.0529
    2.0596
    2.0382
    2.0224
    2.0109
    2.0211
    2.0055
    2.0120
    2.0038
    1.9593
    1.9394
    1.9452
    1.9434
    1.9235
    1.9135
    1.8997
    1.9006
    1.9132
    1.9105
    1.8973
    1.9111
    1.9205
    1.9222
    1.9310
    1.9242
    1.9164
    1.9269
    1.9351
    1.9259
    1.9497
    1.9536
    1.9489
    1.9486
    1.9450
    1.9443
    1.9536
    1.9636
    1.9518
    1.9602
    1.9491
    1.9432
    1.9375
    1.9292
    1.9437
    1.9553
    1.9587
    1.9692
    1.9553
    1.9698
    1.9620
    1.9654
    1.9713
    1.9516
    1.9442
    1.9726
    1.9775
    1.9741
    1.9727
    1.9933
    1.9853
    2.0139
    2.0198
    2.0130
    2.0175
    2.0037
    1.9931
    2.0215
    2.0043
    2.0050
    2.0038
    2.0126
    2.0429
    2.0582
    2.0636
    2.0633
    2.0869
    2.1234
    2.1203
    2.1121
    2.1088
    2.0926
    2.1065
    2.1119
    2.0828
    2.0901
    2.1125
    2.1199
    2.1229
    2.1200
    2.1106
    2.1296
    2.1231
    2.1309
    2.1325
    2.1441
    2.1380
    2.1069
    2.1151
    2.1195
    2.1088
    2.1091
    2.1137
    2.1048
    2.1347
    2.1463
    2.1371
    2.1417
    2.1263
    2.1222
    2.1111
    2.1174
    2.1280
    2.1321
    2.1242
    2.1312
    2.1236
    2.1168
    2.1084
    2.1269
    2.1504
    2.1495
    2.1556
    2.1519
    2.1590
    2.1486
    2.1498
    2.1454
    2.1446
    2.1439
    2.1373
    2.1410
    2.1304
    2.1345
    2.1260
    2.1264
    2.1130
    2.1149
    2.1157
    2.1386
    2.1303
    2.1136
    2.1117
    2.0991
    2.0977
    2.0950
    2.1075
    2.1096
    2.1137
    2.1060
    2.1088
    2.1231
    2.1180
    2.1177
    2.1263
    2.1349
    2.1473
    2.1427
    2.1369
    2.1341
    2.1314
    2.1202
    2.1203
    2.1182
    2.1365
    2.1271
    2.1214
    2.1289
    2.1293
    2.1305
    2.1463
    2.1333
    2.1267
    2.1243
    2.1142
    2.1124
    2.1097
    2.1046
    2.1242
    2.1267
    2.1247
    2.1250
    2.1256
    2.1361
    2.1289
    2.1220
    2.1262
    2.1213
    2.1225
    2.1312
    2.1425
    2.1403
    2.1393
    2.1367
    2.1344
    2.1249
    2.1314
    2.1233
    2.1307
    2.1305
    2.1347
    2.1363
    2.1363
    2.1291
    2.1265
    2.1279
    2.1325
    2.1199
    2.1175
    2.1153
    2.1132
    2.1179
    2.1304
    2.1200
    2.1132
    2.1037
    2.0902
    2.0899
    2.0915
    2.0939
    2.0875
    2.0878
    2.0802
    2.0770
    2.0945
    2.0981
    2.0911
    2.0855
    2.0840
    2.0856
    2.0911
    2.0924
    2.0854
    2.0882
    2.0903
    2.0854
    2.0908
    2.0908
    2.0926
    2.0820
    2.0909
    2.0965
    2.0756
    2.0823
    2.0844
    2.0961
    2.0961
    2.0949
    2.0856
    2.0552
    2.0356
    2.0287
    2.0283
    2.0307
    2.0200
    2.0192
    2.0202
    2.0224
    2.0145
    2.0081
    2.0229
    2.0180
    2.0131
    2.0409
    2.0406
    2.0329
    2.0225
    2.0205
    2.0320
    2.0368
    2.0440
    2.0534
    2.0508
    2.0504
    2.0491
    2.0266
    2.0272
    2.0268
    2.0238
    2.0242
    2.0564
    2.0410
    2.0340
    2.0333
    2.0250
    2.0255
    2.0222
    2.0341
    2.0078
    2.0075
    1.9905
    1.9955
    1.9938
    1.9860
    2.0052
    1.9999
    2.0083
    1.9925
    1.9889
    1.9826
    1.9866
    1.9860
    1.9867
    1.9755
    1.9955
    2.0104
    2.0233
    1.9872
    1.9728
    1.9594
    1.9594
    1.9756
    1.9553
    1.9533
    1.9408
    1.9612
    1.9737
    1.9804
    1.9718
    1.9718
    1.9767
    1.9746
    1.9768
    1.9548
    1.9587
    1.9308
    1.9565
    1.9470
    1.9470
    1.9728
    1.9504
    1.9713
    1.9793
    1.9420
    1.9454
    1.9630
    1.9663
    1.9854
    1.9854
    1.9722
    1.9591
    1.9795
    1.9484
    1.9307
    1.9092
    1.9188
    1.9019
    1.9019
    1.8579
    1.8520
    1.8647
    1.8696
    1.8350
    1.8408
    1.8125
    1.8017
    1.8017
    1.8263
    1.8216
    1.8094
    1.8253
    1.8587
    1.8783
    1.8816
    1.8541
    1.8541
    1.8623
    1.8225
    1.7801
    1.7552
    1.7528
    1.7605
    1.7500
    1.7847
    1.7847
    1.7934
    1.8014
    1.7977
    1.8146
    1.8396
    1.8028
    1.8446
    1.8119
    1.8119
    1.7853
    1.7617
    1.7521
    1.7415
    1.7280
    1.7508
    1.7820
    1.7099
    1.6677
    1.6677
    1.6567
    1.6311
    1.5710
    1.5340
    1.5417
    1.5178
    1.5242
    1.5296
    1.5296
    1.5355
    1.5591
    1.5449
    1.5842
    1.5566
    1.5694
    1.5141
    1.5320
    1.5320
    1.5229
    1.5209
    1.5478
    1.5265
    1.5024
    1.4870
