    2.3069
    2.6913
    1.9024
    3.9490
    2.8762
    1.0975
    2.7015
    1.0169
    1.8252
    1.8161
    1.5125
    1.3790
    1.1140
    1.7126
    1.8121
    2.5552
    1.5947
    1.4037
    1.4230
    1.4482
    1.6277
    1.8877
    2.0825
    2.3630
    2.3656
    2.3164
    2.3876
    2.3126
    2.4600
    2.4079
    2.4895
    2.4964
    2.8229
    2.8551
    3.0937
    3.1344
    3.1075
    3.3535
    3.5087
    3.9352
    3.4517
    3.2145
    3.2791
    3.2004
    3.0377
    3.0611
    3.0310
    2.8719
    2.3929
    2.2528
    2.2828
    2.3495
    2.1964
    2.1531
    2.2144
    2.0618
    2.0485
    1.8986
    1.8185
    1.7485
    1.9354
    1.9903
    1.9020
    1.8915
    1.9398
    1.9193
    1.9989
    1.9864
    1.9534
    2.0575
    2.0398
    2.0896
    2.2874
    2.4360
    2.4459
    2.6164
    2.6147
    2.6205
    2.7937
    2.9242
    2.9184
    3.0643
    2.9920
    2.9510
    3.0323
    3.1335
    3.2112
    3.1715
    3.2254
    2.9917
    2.8859
    2.7966
    2.7595
    2.5580
    2.5970
    2.4980
    2.4683
    2.4180
    2.3707
    2.3623
    2.3350
    2.3169
    2.3050
    2.1989
    2.2392
    2.2483
    2.2466
    2.1945
    2.1591
    2.1792
    2.1906
    2.1911
    2.2557
    2.2716
    2.2746
    2.3054
    2.3112
    2.3831
    2.4464
    2.4637
    2.4948
    2.4963
    2.4561
    2.3895
    2.4233
    2.3296
    2.3793
    2.4775
    2.4665
    2.4206
    2.4384
    2.3997
    2.3780
    2.3373
    2.3093
    2.3071
    2.2581
    2.3245
    2.4326
    2.4566
    2.5009
    2.5429
    2.5119
    2.5817
    2.6624
    2.6420
    2.6261
    2.7297
    2.6539
    2.6139
    2.5958
    2.5711
    2.4982
    2.5828
    2.6653
    2.8487
    3.0041
    2.9850
    3.0650
    2.9713
    2.7545
    2.7313
    2.7300
    2.7375
    2.6897
    2.6420
    2.7991
    2.7970
    2.7801
    2.7909
    2.7237
    2.7878
    2.7873
    2.6827
    2.7455
    2.6999
    2.7601
    2.7866
    2.8089
    2.8834
    2.8207
    2.7874
    2.7960
    2.7966
    2.8278
    2.8391
    2.8150
    2.8054
    2.8338
    2.8325
    2.8793
    2.9138
    2.9064
    2.8717
    2.9005
    2.9901
    2.9031
    2.8439
    2.8537
    2.9041
    2.9666
    3.0001
    3.0455
    3.0684
    3.0760
    3.1053
    3.1421
    3.1286
    3.2270
    3.2136
    3.2267
    3.3525
    3.2100
    3.2459
    3.3373
    3.3747
    3.3299
    3.2705
    3.3344
    3.3195
    3.3391
    3.2853
    3.2734
    3.1932
    3.2309
    3.1766
    3.1702
    3.1359
    3.1459
    3.2118
    3.1775
    3.1246
    3.1459
    3.1502
    3.0817
    3.1570
    3.1482
    3.1617
    3.2284
    3.2641
    3.2458
    3.2147
    3.2048
    3.2103
    3.2006
    3.1542
    3.1255
    3.1443
    3.1494
    3.2501
    3.2729
    3.3831
    3.3011
    3.3798
    3.4651
    3.4730
    3.4943
    3.5489
    3.5695
    3.5033
    3.5464
    3.6042
    3.5072
    3.5064
    3.4614
    3.3108
    3.2075
    3.2922
    3.3024
    3.2974
    3.2368
    3.2883
    3.3271
    3.3320
    3.3286
    3.3028
    3.2994
    3.3075
    3.2916
    3.2703
    3.2625
    3.3171
    3.2529
    3.2594
    3.2285
    3.2149
    3.2705
    3.2668
    3.2752
    3.2208
    3.2013
    3.2263
    3.2234
    3.2393
    3.2344
    3.2927
    3.2658
    3.1795
    3.1696
    3.1663
    3.0783
    2.9864
    2.9711
    2.9278
    2.9322
    2.9488
    2.9460
    2.9608
    2.9723
    2.9857
    2.9889
    2.9613
    2.9625
    2.9848
    2.9131
    2.8780
    2.8240
    2.8380
    2.8273
    2.7796
    2.7932
    2.7451
    2.7539
    2.7272
    2.6998
    2.6513
    2.6721
    2.5955
    2.5279
    2.5409
    2.5129
    2.5131
    2.5026
    2.5152
    2.5965
    2.6209
    2.6476
    2.6695
    2.6632
    2.6642
    2.6979
    2.7399
    2.7457
    2.7640
    2.7117
    2.7308
    2.7471
    2.7613
    2.7776
    2.8047
    2.7724
    2.8159
    2.8531
    2.8539
    2.8492
    2.8464
    2.7902
    2.8042
    2.7797
    2.8051
    2.7924
    2.7769
    2.7814
    2.7681
    2.7927
    2.8129
    2.8681
    2.9392
    2.9560
    2.9544
    2.9038
    2.9027
    2.9180
    2.9183
    2.9681
    2.9929
    3.0086
    2.9899
    2.9772
    2.9743
    2.9831
    3.0450
    3.0097
    3.0571
    2.9768
    2.9452
    2.9671
    2.9967
    2.9757
    2.9495
    2.9181
    2.8549
    2.8407
    2.8146
    2.8126
    2.8049
    2.7698
    2.7557
    2.7248
    2.6800
    2.6133
    2.5897
    2.5423
    2.5724
    2.5851
    2.5865
    2.5746
    2.5647
    2.5112
    2.4971
    2.4795
    2.4748
    2.4879
    2.5164
    2.5742
    2.5868
    2.5785
    2.5596
    2.5601
    2.5663
    2.5794
    2.5879
    2.5628
    2.5800
    2.5537
    2.5266
    2.4983
    2.5134
    2.5098
    2.5079
    2.5434
    2.5145
    2.5245
    2.4678
    2.4359
    2.4187
    2.4398
    2.4240
    2.3912
    2.3137
    2.2790
    2.2704
    2.2536
    2.2436
    2.2243
    2.2189
    2.1912
    2.1882
    2.2061
    2.1869
    2.2057
    2.1955
    2.1668
    2.1632
    2.1514
    2.1287
    2.1512
    2.1754
    2.1990
    2.1893
    2.2224
    2.2119
    2.2360
    2.2496
    2.2634
    2.3125
    2.3250
    2.3413
    2.3409
    2.3181
    2.3445
    2.3259
    2.3059
    2.3404
    2.3555
    2.3730
    2.3768
    2.3948
    2.4087
    2.4072
    2.4051
    2.4786
    2.4939
    2.5019
    2.5160
    2.5204
    2.5324
    2.4913
    2.4952
    2.5086
    2.5090
    2.5233
    2.5063
    2.5086
    2.5159
    2.5002
    2.4902
    2.4994
    2.4754
    2.4817
    2.5049
    2.5185
    2.5497
    2.5557
    2.5759
    2.5892
    2.6052
    2.5951
    2.5713
    2.5580
    2.5453
    2.5396
    2.5579
    2.5781
    2.6173
    2.6392
    2.6567
    2.6702
    2.6693
    2.6509
    2.6401
    2.5890
    2.5644
    2.5266
    2.5388
    2.5348
    2.5324
    2.5252
    2.5204
    2.4949
    2.4517
    2.4327
    2.4273
    2.3974
    2.3544
    2.3657
    2.3868
    2.3713
    2.3423
    2.3521
    2.3566
    2.3646
    2.3451
    2.3309
    2.3018
    2.2847
    2.2945
    2.2905
    2.2829
    2.2815
    2.2781
    2.2420
    2.2429
    2.2735
    2.2807
    2.2632
    2.2531
    2.2708
    2.2735
    2.2453
    2.2370
    2.2434
    2.2473
    2.2586
    2.2616
    2.2508
    2.2558
    2.2411
    2.2496
    2.2714
    2.2713
    2.2559
    2.2588
    2.2705
    2.2490
    2.2630
    2.2677
    2.2548
    2.2443
    2.2290
    2.2322
    2.2124
    2.1943
    2.1588
    2.1529
    2.1401
    2.1437
    2.1136
    2.1089
    2.0888
    2.0757
    2.0777
    2.0751
    2.0676
    2.0469
    2.0331
    1.9928
    1.9974
    1.9906
    1.9946
    2.0007
    2.0003
    1.9923
    1.9723
    1.9843
    1.9815
    1.9671
    1.9356
    1.9232
    1.9157
    1.9249
    1.9189
    1.9329
    1.9447
    1.9510
    1.9418
    1.9462
    1.9369
    1.9201
    1.9300
    1.9210
    1.9120
    1.8963
    1.8812
    1.8795
    1.8999
    1.8955
    1.9073
    1.9279
    1.9461
    1.9433
    1.9360
    1.9346
    1.9061
    1.9065
    1.8791
    1.8657
    1.8750
    1.8875
    1.9079
    1.9222
    1.9151
    1.9100
    1.8915
    1.8903
    1.8779
    1.8545
    1.8443
    1.8291
    1.8189
    1.8183
    1.8168
    1.8017
    1.8069
    1.7943
    1.8011
    1.8001
    1.7907
    1.7819
    1.7649
    1.7561
    1.7337
    1.7217
    1.7315
    1.7182
    1.6968
    1.6980
    1.6971
    1.7082
    1.7190
    1.7305
    1.7357
    1.7454
    1.7691
    1.7661
    1.7587
    1.7675
    1.7736
    1.7769
    1.7757
    1.7732
    1.7735
    1.7694
    1.7747
    1.7862
    1.7828
    1.7824
    1.7808
    1.7849
    1.7795
    1.7856
    1.7793
    1.7707
    1.7590
    1.7761
    1.7791
    1.7870
    1.7902
    1.7953
    1.7977
    1.8038
    1.7902
    1.7729
    1.7881
    1.8067
    1.8122
    1.8116
    1.8096
    1.8208
    1.8217
    1.8174
    1.8156
    1.8186
    1.8088
    1.8044
    1.7958
    1.7999
    1.7935
    1.7925
    1.8068
    1.8131
    1.8186
    1.8160
    1.8048
    1.8184
    1.8167
    1.8134
    1.8078
    1.8016
    1.8160
    1.8212
    1.8253
    1.8315
    1.8352
    1.8372
    1.8382
    1.8263
    1.8317
    1.8237
    1.8177
    1.8270
    1.8203
    1.8202
    1.8175
    1.8231
    1.8322
    1.8214
    1.8224
    1.8279
    1.8418
    1.8490
    1.8306
    1.8367
    1.8251
    1.8204
    1.8201
    1.8037
    1.8001
    1.8078
    1.8150
    1.8048
    1.8118
    1.8175
    1.8202
    1.8098
    1.8189
    1.8037
    1.7984
    1.7920
    1.7825
    1.7778
    1.7703
    1.7561
    1.7508
    1.7468
    1.7338
    1.7289
    1.7260
    1.7280
    1.7251
    1.7189
    1.7209
    1.7213
    1.7161
    1.7181
    1.7289
    1.7319
    1.7173
    1.7161
    1.7132
    1.7061
    1.7010
    1.6985
    1.6879
    1.6844
    1.6821
    1.6817
    1.6791
    1.6874
    1.6866
    1.6937
    1.6895
    1.6942
    1.6895
    1.6786
    1.6783
    1.6791
    1.6731
    1.6764
    1.6781
    1.6881
    1.6897
    1.6942
    1.6935
    1.7005
    1.7046
    1.7076
    1.7106
    1.7155
    1.7155
    1.7142
    1.7206
    1.7183
    1.7158
    1.7174
    1.7267
    1.7208
    1.7243
    1.7325
    1.7370
    1.7496
    1.7613
    1.7635
    1.7734
    1.7736
    1.7806
    1.7756
    1.7863
    1.8029
    1.8050
    1.8083
    1.8045
    1.8030
    1.8026
    1.7954
    1.7888
    1.7854
    1.7818
    1.7718
    1.7711
    1.7711
    1.7698
    1.7697
    1.7672
    1.7650
    1.7619
    1.7640
    1.7595
    1.7560
    1.7535
    1.7470
    1.7468
    1.7416
    1.7486
    1.7497
    1.7497
    1.7505
    1.7470
    1.7586
    1.7507
    1.7503
    1.7569
    1.7629
    1.7689
    1.7692
    1.7619
    1.7598
    1.7508
    1.7473
    1.7467
    1.7394
    1.7400
    1.7328
    1.7512
    1.7606
    1.7650
    1.7400
    1.7267
    1.7190
    1.7184
    1.7202
    1.7176
    1.7042
    1.6974
    1.6987
    1.6957
    1.6931
    1.6941
    1.6929
    1.7031
    1.7076
    1.7152
    1.7027
    1.7025
    1.7046
    1.7035
    1.6837
    1.6830
    1.6753
    1.6649
    1.6641
    1.6778
    1.6568
    1.6405
    1.6385
    1.6352
    1.6352
    1.6470
    1.6498
    1.6324
    1.6171
    1.5858
    1.5768
    1.5655
    1.5603
    1.5603
    1.5440
    1.5496
    1.5596
    1.5445
    1.5540
    1.5579
    1.5408
    1.5472
    1.5472
    1.5408
    1.5451
    1.5407
    1.5293
    1.5033
    1.5093
    1.5092
    1.5101
    1.4841
    1.4841
    1.4712
    1.4986
    1.5048
    1.4909
    1.5087
    1.5122
    1.4889
    1.5125
    1.5125
    1.5089
    1.4813
    1.4621
    1.4669
    1.4890
    1.4397
    1.4153
    1.3955
    1.3955
    1.4131
    1.3909
    1.4244
    1.4239
    1.4254
    1.4318
    1.4626
    1.4797
    1.4797
    1.4939
    1.5188
    1.5352
    1.5340
    1.5579
    1.5836
    1.5897
    1.6091
    1.6091
    1.6260
    1.6402
    1.6308
    1.6473
    1.6383
    1.6473
    1.6930
    1.6961
    1.6961
    1.6580
    1.6443
    1.6915
    1.7002
    1.7097
    1.7247
    1.7509
    1.7552
    1.7245
    1.7245
    1.7573
    1.7480
    1.7707
    1.7780
    1.8140
    1.8092
    1.8425
    1.8204
    1.8204
    1.8291
    1.9055
    1.8492
    1.8558
    1.8647
    1.7835
    1.7743
    1.7693
    1.7693
    1.7535
    1.7436
    1.7184
    1.6948
    1.6727
    1.6743
