   59.2245
    9.1374
    5.8082
    1.8145
    2.2131
    1.2777
    4.5433
    0.8469
    1.1985
    1.1058
    0.9354
    0.9795
    0.7986
    1.3573
    1.2329
    1.2979
    0.8596
    0.9588
    0.9130
    0.9040
    0.9467
    1.0867
    1.0830
    1.3212
    1.2389
    1.3517
    1.2875
    1.3965
    1.3588
    1.4338
    1.9901
    2.3335
    3.0738
    3.8852
    5.1241
    5.1484
    4.8653
    5.0617
    4.5539
    3.5769
    3.0640
    2.4264
    2.5011
    2.5070
    2.5834
    2.4882
    2.4093
    2.6317
    2.7114
    3.3963
    2.7469
    2.5973
    2.5273
    2.3270
    2.1905
    1.7442
    1.6843
    1.5339
    1.3649
    1.2729
    1.2608
    1.1719
    0.9816
    1.0066
    0.9790
    0.8704
    0.8278
    0.8250
    0.7894
    0.7868
    0.8163
    0.8215
    0.7658
    0.8245
    0.9236
    0.9360
    0.8794
    0.8914
    0.8947
    0.8737
    0.8996
    1.0209
    1.0396
    1.1227
    1.2089
    1.1656
    1.1901
    1.1850
    1.1424
    1.1331
    1.1826
    1.2206
    1.1939
    1.2392
    1.1618
    1.1217
    1.1863
    1.2505
    1.3506
    1.2879
    1.2973
    1.3041
    1.2630
    1.2760
    1.2877
    1.2719
    1.2963
    1.3710
    1.3405
    1.3182
    1.3732
    1.3524
    1.3678
    1.3552
    1.3692
    1.3468
    1.3465
    1.3828
    1.4985
    1.5184
    1.5844
    1.5586
    1.5749
    1.5663
    1.5809
    1.6547
    1.6269
    1.6850
    1.7098
    1.8771
    1.7740
    1.7530
    1.7456
    1.7053
    1.6923
    1.7002
    1.7862
    1.7706
    1.8613
    1.9116
    1.9975
    2.0488
    2.1321
    2.1302
    2.2123
    2.2258
    2.3079
    2.2910
    2.2899
    2.2214
    2.1999
    2.2052
    2.3200
    2.3133
    2.3071
    2.3116
    2.2856
    2.2654
    2.3396
    2.3883
    2.4327
    2.4663
    2.3718
    2.4597
    2.4757
    2.5297
    2.5878
    2.5830
    2.5702
    2.5754
    2.5354
    2.4625
    2.4253
    2.4666
    2.5039
    2.4422
    2.4262
    2.4399
    2.4954
    2.4343
    2.4016
    2.2932
    2.2579
    2.1220
    2.1506
    2.1624
    2.1722
    2.0552
    2.0998
    2.1014
    2.1299
    2.1233
    2.0376
    2.0992
    2.0370
    1.9845
    1.9367
    1.8498
    1.8074
    1.7718
    1.7852
    1.7960
    1.7873
    1.7771
    1.7792
    1.7621
    1.7468
    1.7499
    1.7321
    1.6891
    1.6825
    1.7075
    1.7687
    1.7572
    1.8464
    1.9081
    1.9003
    1.9114
    1.8511
    1.8912
    1.7891
    1.7666
    1.6988
    1.6456
    1.6761
    1.6654
    1.6741
    1.6817
    1.7293
    1.6962
    1.6826
    1.7446
    1.7318
    1.7193
    1.7120
    1.7149
    1.8000
    1.8266
    1.8736
    1.9125
    1.9477
    1.9743
    2.0270
    2.0019
    1.9631
    1.9444
    1.9073
    1.8827
    1.8831
    1.9209
    1.9350
    1.9225
    1.8955
    1.8830
    1.8646
    1.8827
    1.8571
    1.8958
    1.8849
    1.8790
    1.8946
    1.8906
    1.9118
    1.9710
    2.0284
    2.0223
    2.0168
    2.0300
    2.0397
    2.0267
    2.0409
    2.0575
    2.0670
    2.0548
    2.0660
    2.0703
    2.0851
    2.1405
    2.1790
    2.2227
    2.2796
    2.2828
    2.2206
    2.1953
    2.1522
    2.1785
    2.1788
    2.2190
    2.2006
    2.2074
    2.2421
    2.2577
    2.3224
    2.3782
    2.3583
    2.3809
    2.3965
    2.4013
    2.3621
    2.3535
    2.3234
    2.2971
    2.2991
    2.3244
    2.2812
    2.2463
    2.2532
    2.3082
    2.3195
    2.3649
    2.4824
    2.4907
    2.5747
    2.5898
    2.5796
    2.6358
    2.7284
    2.7652
    2.8373
    2.8963
    2.9533
    2.9962
    3.0084
    3.0631
    3.0337
    3.0654
    3.1151
    3.1283
    3.1400
    3.0912
    3.1187
    3.1758
    3.1896
    3.1399
    3.1345
    3.1716
    3.1842
    3.2352
    3.2971
    3.2946
    3.3119
    3.2963
    3.2739
    3.2485
    3.2522
    3.2439
    3.2470
    3.2369
    3.2377
    3.2372
    3.2273
    3.2842
    3.3101
    3.3234
    3.3742
    3.4797
    3.5383
    3.5186
    3.5463
    3.5792
    3.6448
    3.6570
    3.6607
    3.7139
    3.8063
    3.8046
    3.7971
    3.7904
    3.7356
    3.7522
    3.7378
    3.7876
    3.7329
    3.6982
    3.7049
    3.7073
    3.7532
    3.7512
    3.8100
    3.8701
    3.8644
    3.8754
    3.8460
    3.9066
    3.9000
    3.9529
    3.9271
    3.9087
    3.9337
    3.8849
    3.9312
    3.8701
    3.8791
    3.8212
    3.7983
    3.7774
    3.7798
    3.7319
    3.6698
    3.6592
    3.6148
    3.5585
    3.5149
    3.4951
    3.4400
    3.4303
    3.3750
    3.3671
    3.3616
    3.3703
    3.3758
    3.3579
    3.3584
    3.3536
    3.3890
    3.4155
    3.3689
    3.3107
    3.2860
    3.2818
    3.3084
    3.2873
    3.2805
    3.2757
    3.2513
    3.1978
    3.1292
    3.1402
    3.1451
    3.1047
    3.1139
    3.0931
    3.1026
    3.1297
    3.1494
    3.1394
    3.1553
    3.1258
    3.1252
    3.0854
    3.0822
    3.0820
    3.0264
    2.9656
    2.8870
    2.8627
    2.8356
    2.7394
    2.7207
    2.7105
    2.6939
    2.6938
    2.6282
    2.5741
    2.5457
    2.5603
    2.5546
    2.5201
    2.5051
    2.4388
    2.4175
    2.4085
    2.3609
    2.3115
    2.3171
    2.2720
    2.2453
    2.2213
    2.2038
    2.2075
    2.1897
    2.1609
    2.1500
    2.1644
    2.1323
    2.1378
    2.1265
    2.1234
    2.0862
    2.0776
    2.0666
    2.0381
    2.0168
    2.0235
    1.9960
    1.9876
    1.9597
    1.9714
    1.9620
    1.9481
    1.9674
    1.9187
    1.9032
    1.8791
    1.8810
    1.8772
    1.8958
    1.8833
    1.8841
    1.8878
    1.8773
    1.8594
    1.8613
    1.8555
    1.8465
    1.8444
    1.8201
    1.7885
    1.7686
    1.7405
    1.7296
    1.7365
    1.6992
    1.7049
    1.7225
    1.7041
    1.6697
    1.6584
    1.6397
    1.6301
    1.6111
    1.5974
    1.5838
    1.5881
    1.5812
    1.5737
    1.5710
    1.5740
    1.5718
    1.5671
    1.5415
    1.5465
    1.5351
    1.5135
    1.5034
    1.4970
    1.4856
    1.4811
    1.4874
    1.4783
    1.4863
    1.4844
    1.4676
    1.4585
    1.4527
    1.4542
    1.4518
    1.4495
    1.4409
    1.4319
    1.4086
    1.4028
    1.4090
    1.4045
    1.4077
    1.3951
    1.3914
    1.3953
    1.3919
    1.4000
    1.4087
    1.4038
    1.4119
    1.4285
    1.4201
    1.4039
    1.3775
    1.3723
    1.3524
    1.3584
    1.3518
    1.3736
    1.3589
    1.3506
    1.3246
    1.3024
    1.2887
    1.2842
    1.2783
    1.2665
    1.2601
    1.2535
    1.2390
    1.2412
    1.2355
    1.2218
    1.2176
    1.2073
    1.2040
    1.2030
    1.1844
    1.1787
    1.1840
    1.1648
    1.1505
    1.1465
    1.1272
    1.1138
    1.1037
    1.0856
    1.0768
    1.0647
    1.0560
    1.0566
    1.0435
    1.0350
    1.0164
    1.0099
    0.9999
    0.9950
    0.9876
    0.9936
    0.9899
    0.9878
    0.9854
    0.9816
    0.9792
    0.9874
    0.9814
    0.9747
    0.9651
    0.9537
    0.9470
    0.9526
    0.9481
    0.9397
    0.9331
    0.9303
    0.9263
    0.9183
    0.9203
    0.9101
    0.9042
    0.9042
    0.9073
    0.9102
    0.9001
    0.8958
    0.8957
    0.8953
    0.8932
    0.8889
    0.8923
    0.8857
    0.8826
    0.8827
    0.8808
    0.8743
    0.8722
    0.8622
    0.8583
    0.8606
    0.8595
    0.8577
    0.8582
    0.8541
    0.8506
    0.8542
    0.8568
    0.8603
    0.8548
    0.8521
    0.8519
    0.8492
    0.8436
    0.8411
    0.8408
    0.8443
    0.8445
    0.8448
    0.8399
    0.8402
    0.8387
    0.8358
    0.8289
    0.8281
    0.8296
    0.8279
    0.8306
    0.8261
    0.8246
    0.8224
    0.8222
    0.8234
    0.8243
    0.8193
    0.8134
    0.8126
    0.8098
    0.8041
    0.8029
    0.8015
    0.8024
    0.8064
    0.8136
    0.8100
    0.8097
    0.8132
    0.8098
    0.8101
    0.8150
    0.8109
    0.8148
    0.8149
    0.8140
    0.8142
    0.8138
    0.8120
    0.8045
    0.8099
    0.8167
    0.8192
    0.8220
    0.8220
    0.8306
    0.8231
    0.8264
    0.8236
    0.8356
    0.8425
    0.8376
    0.8445
    0.8481
    0.8534
    0.8559
    0.8578
    0.8645
    0.8715
    0.8737
    0.8733
    0.8815
    0.8874
    0.8875
    0.8927
    0.9062
    0.9108
    0.9194
    0.9274
    0.9319
    0.9351
    0.9383
    0.9414
    0.9486
    0.9584
    0.9702
    0.9805
    0.9776
    0.9933
    0.9967
    0.9967
    1.0044
    1.0191
    1.0249
    1.0388
    1.0431
    1.0620
    1.0693
    1.0773
    1.0957
    1.1092
    1.1109
    1.1143
    1.1168
    1.1288
    1.1374
    1.1478
    1.1578
    1.1615
    1.1721
    1.1760
    1.1770
    1.1790
    1.1838
    1.1874
    1.1927
    1.1946
    1.1990
    1.1984
    1.1975
    1.1973
    1.2079
    1.2136
    1.2176
    1.2284
    1.2336
    1.2332
    1.2375
    1.2416
    1.2417
    1.2493
    1.2503
    1.2581
    1.2639
    1.2716
    1.2697
    1.2800
    1.2893
    1.2859
    1.2865
    1.2829
    1.2805
    1.2847
    1.2972
    1.3060
    1.3057
    1.3160
    1.3166
    1.3222
    1.3301
    1.3314
    1.3417
    1.3463
    1.3559
    1.3567
    1.3610
    1.3609
    1.3659
    1.3703
    1.3851
    1.3957
    1.3995
    1.4051
    1.4146
    1.4173
    1.4183
    1.4197
    1.4317
    1.4384
    1.4340
    1.4324
    1.4290
    1.4366
    1.4372
    1.4438
    1.4440
    1.4459
    1.4494
    1.4581
    1.4649
    1.4660
    1.4650
    1.4670
    1.4697
    1.4701
    1.4728
    1.4812
    1.4819
    1.4887
    1.4922
    1.5041
    1.5073
    1.5050
    1.5048
    1.5054
    1.5114
    1.5089
    1.5087
    1.5103
    1.5105
    1.5131
    1.5143
    1.5141
    1.5193
    1.5291
    1.5396
    1.5457
    1.5512
    1.5515
    1.5613
    1.5590
    1.5585
    1.5657
    1.5676
    1.5700
    1.5710
    1.5593
    1.5588
    1.5626
    1.5587
    1.5580
    1.5588
    1.5571
    1.5499
    1.5562
    1.5571
    1.5514
    1.5480
    1.5509
    1.5533
    1.5530
    1.5493
    1.5543
    1.5638
    1.5570
    1.5444
    1.5369
    1.5308
    1.5167
    1.5163
    1.5212
    1.5140
    1.5209
    1.5142
    1.5139
    1.5116
    1.5044
    1.4904
    1.4898
    1.4880
    1.4827
    1.4787
    1.4783
    1.4791
    1.4793
    1.4810
    1.4768
    1.4768
    1.4683
    1.4687
    1.4719
    1.4682
    1.4686
    1.4722
    1.4710
    1.4785
    1.4785
    1.4768
    1.4811
    1.4748
    1.4798
    1.4832
    1.4811
    1.4873
    1.4954
    1.4954
    1.4851
    1.4829
    1.4841
    1.4768
    1.4677
    1.4828
    1.4698
    1.4931
    1.5086
    1.5086
    1.5083
    1.4880
    1.4793
    1.4623
    1.4549
    1.4672
    1.4413
    1.4325
    1.4325
    1.4245
    1.3871
    1.3855
    1.3575
    1.3604
    1.3843
    1.4031
    1.3971
    1.3971
    1.4199
    1.4086
    1.4024
    1.3948
    1.3997
    1.3931
    1.3769
    1.3599
    1.3599
    1.3621
    1.3606
    1.3559
    1.3410
    1.3606
    1.3647
    1.3514
    1.3367
    1.3367
    1.3612
    1.3665
    1.3365
    1.3285
    1.3310
    1.3565
    1.3569
    1.3596
    1.3596
    1.3434
    1.3546
    1.3480
    1.3477
    1.3614
    1.3696
    1.3418
    1.3570
    1.3183
    1.3183
    1.3157
    1.3177
    1.3483
    1.3452
    1.3906
    1.3697
    1.3933
    1.3899
    1.3899
    1.4206
    1.4147
    1.3776
    1.3932
    1.4128
    1.3642
    1.3542
    1.3364
    1.3364
    1.3103
    1.3236
    1.3091
    1.2971
    1.2986
    1.2534
