    1.5343
    1.7187
    1.8131
    3.3678
    0.8979
    0.7698
    2.0816
    2.4091
    1.0670
    0.7183
    0.7180
    0.6866
    1.0164
    0.9804
    0.9815
    1.0441
    0.9096
    1.0234
    1.0637
    1.2224
    1.5685
    1.8334
    1.5699
    1.6291
    1.1706
    1.4309
    1.5675
    1.7522
    2.2249
    2.4793
    2.9901
    2.8814
    2.5174
    2.7751
    2.7329
    2.4290
    2.2119
    2.2115
    2.3562
    2.4543
    2.4526
    2.2201
    2.0462
    1.8130
    1.7524
    1.8228
    2.0853
    1.9215
    1.7310
    1.7580
    1.6559
    1.6611
    1.7354
    1.6113
    1.6331
    1.5446
    1.5209
    1.4039
    1.3680
    1.3136
    1.2175
    1.2438
    1.0506
    1.1054
    0.9472
    0.9395
    0.8603
    0.8182
    0.7961
    0.8552
    0.8648
    0.8972
    0.8677
    0.8877
    0.8877
    0.8748
    0.8826
    0.8496
    0.9398
    0.9410
    1.0309
    1.0642
    1.0969
    1.0998
    1.1508
    1.2291
    1.2200
    1.1869
    1.2201
    1.1865
    1.1564
    1.1418
    1.1817
    1.1635
    1.1286
    1.1721
    1.2067
    1.2072
    1.1879
    1.1881
    1.1975
    1.2031
    1.2128
    1.1662
    1.1288
    1.1695
    1.1579
    1.1760
    1.1910
    1.1996
    1.2200
    1.2378
    1.2834
    1.3055
    1.3539
    1.3895
    1.3186
    1.3600
    1.3357
    1.3728
    1.3755
    1.3865
    1.4839
    1.5115
    1.5917
    1.5745
    1.5870
    1.6309
    1.5920
    1.5761
    1.5198
    1.4987
    1.5070
    1.4934
    1.4329
    1.3918
    1.3643
    1.3658
    1.4431
    1.4279
    1.4283
    1.3981
    1.4445
    1.4902
    1.4531
    1.4606
    1.5323
    1.5885
    1.5905
    1.6712
    1.6474
    1.6452
    1.6434
    1.6704
    1.7474
    1.7775
    1.7844
    1.7873
    1.8240
    1.7922
    1.8192
    1.8673
    1.8844
    1.8807
    1.9064
    1.9800
    2.0506
    2.0701
    2.1137
    2.1731
    2.2335
    2.2860
    2.2752
    2.2873
    2.2630
    2.2217
    2.2869
    2.2586
    2.2838
    2.2551
    2.2792
    2.3136
    2.2522
    2.2571
    2.2139
    2.2220
    2.1888
    2.1640
    2.1981
    2.1426
    2.1394
    2.2295
    2.2541
    2.1072
    2.0467
    1.9391
    1.9061
    1.9186
    1.8279
    1.7578
    1.7967
    1.7786
    1.7181
    1.7104
    1.6939
    1.6051
    1.6626
    1.6727
    1.6465
    1.6336
    1.6267
    1.5978
    1.5146
    1.4838
    1.4829
    1.4516
    1.3979
    1.4228
    1.3947
    1.4243
    1.3873
    1.3940
    1.3781
    1.3838
    1.3780
    1.3837
    1.3935
    1.3746
    1.2835
    1.2519
    1.2493
    1.2712
    1.2641
    1.2523
    1.2697
    1.2982
    1.2865
    1.2543
    1.2413
    1.2399
    1.2333
    1.2340
    1.2122
    1.2452
    1.2760
    1.2798
    1.2927
    1.3165
    1.2804
    1.2524
    1.2870
    1.3072
    1.3328
    1.3565
    1.3591
    1.3850
    1.4019
    1.4431
    1.4239
    1.4747
    1.4519
    1.4627
    1.4614
    1.4758
    1.4587
    1.4800
    1.4873
    1.5041
    1.5328
    1.5371
    1.5174
    1.5565
    1.5687
    1.5719
    1.5826
    1.5894
    1.6053
    1.6399
    1.6394
    1.6612
    1.6582
    1.6455
    1.6045
    1.6008
    1.6175
    1.6644
    1.6955
    1.7301
    1.7767
    1.8016
    1.7727
    1.7644
    1.7980
    1.8127
    1.7970
    1.7994
    1.8423
    1.8158
    1.8486
    1.9077
    1.9366
    1.9634
    1.9935
    2.0462
    2.0568
    2.0595
    2.0603
    2.0827
    2.0908
    2.0784
    2.0489
    2.0864
    2.1230
    2.1589
    2.2320
    2.1958
    2.2017
    2.1513
    2.2190
    2.1917
    2.1999
    2.2133
    2.1897
    2.2085
    2.1980
    2.2791
    2.2704
    2.3330
    2.3246
    2.2965
    2.3321
    2.3485
    2.3239
    2.3624
    2.3542
    2.3568
    2.3441
    2.3814
    2.3692
    2.3857
    2.4107
    2.4531
    2.4699
    2.4646
    2.4779
    2.4793
    2.4696
    2.4437
    2.4004
    2.4084
    2.3980
    2.4734
    2.4729
    2.5285
    2.5526
    2.5913
    2.6043
    2.6144
    2.6479
    2.6930
    2.7222
    2.7441
    2.7825
    2.7451
    2.7903
    2.8201
    2.8013
    2.7941
    2.7431
    2.7894
    2.7838
    2.8343
    2.8208
    2.7972
    2.8274
    2.8439
    2.8792
    2.8725
    2.8515
    2.8674
    2.8332
    2.8242
    2.8180
    2.8186
    2.8373
    2.7983
    2.7745
    2.7548
    2.7522
    2.7497
    2.7407
    2.7922
    2.7869
    2.7674
    2.7664
    2.7775
    2.7719
    2.8157
    2.8115
    2.8524
    2.7728
    2.7845
    2.7989
    2.8093
    2.8063
    2.8159
    2.8301
    2.8241
    2.8239
    2.7815
    2.8093
    2.8028
    2.7827
    2.7832
    2.7609
    2.7757
    2.7756
    2.7902
    2.7969
    2.8199
    2.8304
    2.8581
    2.8571
    2.8547
    2.8704
    2.8561
    2.8718
    2.8848
    2.8904
    2.8680
    2.8385
    2.8234
    2.8208
    2.8016
    2.7591
    2.7559
    2.7413
    2.7230
    2.7711
    2.7661
    2.7023
    2.7151
    2.6761
    2.6365
    2.6328
    2.5794
    2.5129
    2.5199
    2.4663
    2.4299
    2.4218
    2.3813
    2.3560
    2.3090
    2.2624
    2.2452
    2.2055
    2.1946
    2.1922
    2.1318
    2.1153
    2.1291
    2.1234
    2.1312
    2.1479
    2.1107
    2.1071
    2.0951
    2.0935
    2.0779
    2.0639
    2.0441
    2.0167
    2.0268
    2.0107
    2.0058
    2.0016
    2.0066
    1.9863
    1.9866
    1.9801
    1.9795
    1.9890
    2.0132
    2.0089
    2.0108
    2.0463
    2.0619
    2.0778
    2.0574
    2.0338
    2.0304
    2.0319
    2.0069
    2.0197
    2.0240
    2.0053
    2.0046
    1.9967
    1.9857
    1.9924
    1.9836
    1.9867
    1.9834
    1.9787
    1.9758
    1.9800
    1.9810
    1.9652
    1.9687
    1.9560
    1.9523
    1.9650
    1.9644
    1.9624
    1.9665
    1.9702
    1.9641
    1.9796
    1.9820
    1.9704
    1.9654
    1.9708
    1.9732
    1.9828
    1.9778
    1.9631
    1.9611
    1.9429
    1.9466
    1.9524
    1.9606
    1.9615
    1.9628
    1.9512
    1.9555
    1.9348
    1.9264
    1.9044
    1.9044
    1.9173
    1.9068
    1.9254
    1.9104
    1.9042
    1.8884
    1.9044
    1.8939
    1.8955
    1.8755
    1.8883
    1.9056
    1.8928
    1.8879
    1.8859
    1.8931
    1.8970
    1.8945
    1.8985
    1.8995
    1.8946
    1.9001
    1.9175
    1.8920
    1.8924
    1.8918
    1.8874
    1.8761
    1.8820
    1.8678
    1.8593
    1.8597
    1.8690
    1.8506
    1.8566
    1.8470
    1.8431
    1.8404
    1.8489
    1.8265
    1.8189
    1.8043
    1.8139
    1.7779
    1.7519
    1.7466
    1.7429
    1.7339
    1.7381
    1.7361
    1.7250
    1.7427
    1.7442
    1.7498
    1.7668
    1.7702
    1.7609
    1.7670
    1.7562
    1.7441
    1.7480
    1.7438
    1.7485
    1.7445
    1.7588
    1.7669
    1.7655
    1.7580
    1.7707
    1.7697
    1.7665
    1.7667
    1.7646
    1.7748
    1.7629
    1.7620
    1.7684
    1.7671
    1.7818
    1.7861
    1.7464
    1.7576
    1.7416
    1.7509
    1.7349
    1.7444
    1.7388
    1.7329
    1.7472
    1.7401
    1.7415
    1.7455
    1.7459
    1.7462
    1.7489
    1.7464
    1.7451
    1.7404
    1.7472
    1.7440
    1.7525
    1.7527
    1.7553
    1.7460
    1.7483
    1.7305
    1.7251
    1.7236
    1.7205
    1.7303
    1.7367
    1.7333
    1.7365
    1.7160
    1.7208
    1.7212
    1.7306
    1.7019
    1.7177
    1.7320
    1.7330
    1.7127
    1.7242
    1.7302
    1.7336
    1.7359
    1.7213
    1.7260
    1.7149
    1.7076
    1.7056
    1.6986
    1.6873
    1.6714
    1.6615
    1.6667
    1.6736
    1.6783
    1.6936
    1.6903
    1.6922
    1.7056
    1.7127
    1.7186
    1.7249
    1.7296
    1.7395
    1.7308
    1.7358
    1.7400
    1.7656
    1.7697
    1.7894
    1.7926
    1.7652
    1.7690
    1.7805
    1.7801
    1.7778
    1.7775
    1.7836
    1.7788
    1.7883
    1.7855
    1.7725
    1.7663
    1.7604
    1.7702
    1.7692
    1.7794
    1.7936
    1.8223
    1.8074
    1.8346
    1.8318
    1.8380
    1.8285
    1.8382
    1.8484
    1.8574
    1.8612
    1.8561
    1.8519
    1.8492
    1.8489
    1.8651
    1.9005
    1.9146
    1.9100
    1.9174
    1.9374
    1.9315
    1.9207
    1.9096
    1.8844
    1.8929
    1.8961
    1.8993
    1.9126
    1.9135
    1.9060
    1.9140
    1.9180
    1.9204
    1.9162
    1.9188
    1.9181
    1.9264
    1.9122
    1.9089
    1.9067
    1.9182
    1.9107
    1.9049
    1.9174
    1.9280
    1.9038
    1.9000
    1.9119
    1.9036
    1.8946
    1.8846
    1.8683
    1.8659
    1.8464
    1.8552
    1.8310
    1.8192
    1.8113
    1.8151
    1.8209
    1.8148
    1.8096
    1.8091
    1.8235
    1.8220
    1.8068
    1.8055
    1.8017
    1.7999
    1.7922
    1.8026
    1.7984
    1.7799
    1.7821
    1.7633
    1.7664
    1.7609
    1.7614
    1.7548
    1.7494
    1.7389
    1.7435
    1.7441
    1.7326
    1.7310
    1.7277
    1.7242
    1.7175
    1.7113
    1.7071
    1.7053
    1.7028
    1.6987
    1.6876
    1.6881
    1.6796
    1.6709
    1.6706
    1.6581
    1.6608
    1.6578
    1.6581
    1.6558
    1.6558
    1.6557
    1.6579
    1.6539
    1.6450
    1.6414
    1.6376
    1.6297
    1.6314
    1.6333
    1.6327
    1.6264
    1.6237
    1.6218
    1.6298
    1.6215
    1.6117
    1.6071
    1.6069
    1.6086
    1.6088
    1.6009
    1.5982
    1.5961
    1.5942
    1.5988
    1.5908
    1.5916
    1.5974
    1.5967
    1.5931
    1.5901
    1.5931
    1.5972
    1.6064
    1.6075
    1.6080
    1.6042
    1.6042
    1.6011
    1.6047
    1.5947
    1.5951
    1.5900
    1.5749
    1.5716
    1.5620
    1.5619
    1.5607
    1.5592
    1.5559
    1.5511
    1.5555
    1.5478
    1.5454
    1.5305
    1.5304
    1.5254
    1.5173
    1.5109
    1.5221
    1.5202
    1.5180
    1.5072
    1.5067
    1.5066
    1.5016
    1.4984
    1.4971
    1.4943
    1.4877
    1.4821
    1.4815
    1.4887
    1.4902
    1.4902
    1.4924
    1.4818
    1.4772
    1.4762
    1.4641
    1.4564
    1.4340
    1.4439
    1.4438
    1.4208
    1.4203
    1.4129
    1.4146
    1.4103
    1.4010
    1.4001
    1.3920
    1.3920
    1.3832
    1.3840
    1.3927
    1.3936
    1.3901
    1.3742
    1.3436
    1.3285
    1.3285
    1.3097
    1.3080
    1.3025
    1.2799
    1.2852
    1.2929
    1.2932
    1.2912
    1.2912
    1.3093
    1.3118
    1.3149
    1.3089
    1.2905
    1.2915
    1.2994
    1.2811
    1.2811
    1.2731
    1.2657
    1.2642
    1.2679
    1.2481
    1.2480
    1.2309
    1.2374
    1.2339
    1.2339
    1.2292
    1.2130
    1.2003
    1.2058
    1.2004
    1.1854
    1.1721
    1.1927
    1.1927
    1.1922
    1.1662
    1.1589
    1.1699
    1.1712
    1.1788
    1.1865
    1.1786
    1.1786
    1.1956
    1.1811
    1.1999
    1.1966
    1.1987
    1.2056
    1.1859
    1.1643
    1.1643
    1.1594
    1.1598
    1.1371
    1.1143
    1.1076
    1.0854
    1.1052
    1.1073
    1.1073
    1.1018
    1.0954
    1.0961
    1.1002
    1.1006
    1.1104
    1.1214
    1.1187
    1.1187
    1.1532
    1.1508
    1.1594
    1.1505
    1.1650
    1.1818
    1.1810
    1.1670
    1.1561
    1.1561
    1.1619
    1.1763
    1.1717
    1.1774
    1.1792
    1.1753
    1.1913
    1.2148
    1.2148
    1.1944
    1.1920
    1.2040
    1.2059
    1.2237
    1.2142
    1.2551
    1.2746
    1.2746
    1.2452
    1.2434
    1.2868
    1.2956
    1.2702
    1.2583
