    1.6228
    0.8848
    2.5239
    6.0695
    3.3665
    2.8713
   10.6436
    1.0644
    0.8784
    1.0481
    1.5479
    2.7234
    3.9194
    3.1948
    2.1709
    1.5666
    1.2232
    1.5605
    1.6001
    1.4616
    1.6126
    1.7801
    1.4677
    1.5819
    1.5810
    1.4220
    1.9131
    1.7249
    1.8172
    1.2320
    1.1421
    1.0899
    1.0107
    0.8451
    0.7344
    0.7117
    0.7069
    0.7210
    0.6532
    0.6770
    0.7401
    0.7752
    0.7928
    0.9074
    0.8190
    0.8205
    0.7344
    0.6821
    0.7539
    0.7337
    0.8194
    0.8379
    0.8231
    0.8182
    0.8159
    0.8368
    0.8264
    0.8708
    0.9512
    0.9847
    0.9798
    0.9583
    1.0343
    0.9990
    1.1178
    1.0090
    1.1063
    1.0846
    1.1573
    1.1848
    1.2871
    1.4375
    1.3646
    1.2774
    1.3651
    1.4288
    1.3830
    1.4170
    1.3509
    1.2336
    1.1721
    1.1633
    1.2000
    1.3435
    1.2564
    1.3291
    1.3203
    1.3622
    1.3643
    1.3753
    1.3626
    1.3955
    1.3990
    1.5147
    1.5416
    1.5496
    1.6169
    1.7895
    1.8016
    1.9949
    2.0451
    2.0584
    2.2475
    2.3506
    2.3813
    2.3633
    2.4210
    2.4422
    2.3791
    2.3100
    2.2996
    2.3410
    2.4380
    2.4565
    2.4815
    2.4965
    2.5628
    2.4555
    2.4411
    2.4977
    2.6842
    2.6753
    2.4411
    2.2944
    2.3680
    2.3420
    2.3645
    2.3750
    2.3761
    2.2639
    2.2155
    2.2269
    2.2506
    2.2626
    2.3186
    2.3906
    2.3199
    2.3102
    2.2790
    2.2412
    2.1325
    2.1569
    2.1408
    2.1479
    2.1001
    2.0973
    2.1112
    2.1525
    2.2575
    2.2574
    2.2695
    2.1388
    2.1469
    2.1953
    2.1998
    2.2270
    2.2904
    2.2812
    2.1596
    2.1259
    2.2294
    2.2016
    2.1784
    2.0517
    2.1381
    2.1633
    2.1527
    2.0796
    2.0227
    1.9636
    1.9429
    2.0145
    2.0585
    2.0356
    2.0280
    2.0297
    2.0389
    2.1227
    2.0794
    2.0970
    2.1235
    2.1696
    2.1082
    2.0601
    2.0905
    2.1894
    2.1812
    2.0881
    2.1550
    2.0777
    2.0657
    1.9692
    1.9458
    1.9200
    1.9527
    1.9613
    2.0141
    1.9506
    2.0066
    1.9987
    1.9954
    2.0044
    1.9447
    1.9481
    2.0329
    2.0699
    1.9955
    1.9557
    1.9349
    1.9519
    1.9240
    1.9234
    1.9971
    2.0061
    2.0285
    1.9919
    2.0147
    2.0099
    2.0151
    2.0166
    2.0378
    2.0856
    2.0798
    2.0906
    2.0852
    2.0919
    2.0907
    2.1128
    2.3061
    2.3017
    2.3739
    2.3907
    2.3831
    2.3328
    2.3277
    2.3571
    2.4106
    2.3816
    2.4080
    2.3890
    2.4392
    2.5202
    2.5424
    2.5487
    2.5366
    2.5820
    2.5800
    2.5668
    2.5872
    2.7968
    2.8520
    2.8785
    2.9253
    2.9528
    3.0523
    3.0514
    3.0340
    3.0058
    3.0083
    3.0004
    3.0935
    3.0560
    3.0867
    3.1170
    3.1277
    3.1043
    3.1114
    3.1121
    3.1327
    3.0468
    3.1054
    3.1494
    3.1579
    3.1797
    3.1683
    3.1742
    3.1848
    3.1343
    3.1947
    3.1732
    3.2281
    3.1879
    3.2174
    3.1981
    3.1996
    3.2486
    3.2299
    3.1635
    3.0916
    3.1077
    3.0569
    3.0688
    3.0504
    3.0431
    3.0551
    3.0404
    3.0428
    3.0188
    3.0242
    3.0188
    2.9919
    3.0676
    3.1149
    3.0968
    3.0957
    3.0875
    3.1322
    3.1858
    3.1455
    3.0927
    3.1026
    3.1064
    3.1412
    3.0839
    2.9162
    2.8433
    2.8631
    2.8392
    2.8239
    2.7914
    2.7741
    2.6855
    2.6757
    2.6512
    2.6690
    2.6500
    2.6750
    2.6577
    2.6709
    2.6585
    2.6926
    2.6837
    2.6360
    2.6609
    2.6560
    2.6811
    2.6955
    2.6412
    2.6584
    2.6484
    2.7144
    2.6188
    2.5135
    2.4188
    2.3878
    2.3460
    2.3270
    2.3002
    2.2682
    2.2533
    2.2450
    2.1801
    2.1188
    2.0723
    2.0814
    2.0649
    2.0748
    2.0521
    2.0471
    1.9783
    1.9433
    1.9405
    1.9239
    1.8786
    1.8662
    1.7917
    1.7548
    1.6953
    1.6797
    1.6449
    1.6225
    1.5946
    1.5932
    1.5624
    1.5605
    1.5107
    1.4762
    1.4539
    1.4200
    1.3806
    1.3181
    1.2822
    1.2572
    1.1770
    1.1635
    1.1436
    1.1045
    1.0341
    1.0286
    1.0176
    1.0001
    0.9863
    0.9660
    0.9412
    0.9362
    0.9227
    0.9171
    0.9134
    0.9022
    0.8949
    0.8785
    0.8720
    0.8653
    0.8660
    0.8582
    0.8508
    0.8541
    0.8464
    0.8349
    0.8406
    0.8491
    0.8331
    0.8269
    0.8142
    0.7987
    0.7965
    0.7928
    0.7861
    0.7875
    0.7801
    0.7809
    0.7816
    0.7735
    0.7671
    0.7561
    0.7510
    0.7454
    0.7384
    0.7265
    0.7169
    0.7144
    0.7179
    0.7242
    0.7259
    0.7168
    0.7208
    0.7175
    0.7135
    0.7078
    0.7063
    0.6977
    0.7007
    0.7025
    0.6934
    0.6963
    0.6888
    0.6932
    0.6912
    0.6917
    0.7010
    0.7036
    0.7082
    0.7112
    0.7110
    0.7099
    0.7070
    0.7058
    0.7096
    0.7058
    0.6999
    0.7065
    0.7114
    0.7166
    0.7154
    0.7158
    0.7225
    0.7276
    0.7264
    0.7327
    0.7307
    0.7298
    0.7261
    0.7326
    0.7328
    0.7381
    0.7331
    0.7337
    0.7326
    0.7322
    0.7352
    0.7364
    0.7339
    0.7463
    0.7508
    0.7554
    0.7604
    0.7611
    0.7730
    0.7874
    0.7938
    0.7942
    0.8003
    0.8037
    0.8124
    0.8170
    0.8283
    0.8387
    0.8478
    0.8479
    0.8560
    0.8581
    0.8607
    0.8740
    0.8815
    0.8828
    0.8897
    0.8918
    0.8981
    0.9006
    0.8978
    0.9055
    0.9068
    0.9129
    0.9141
    0.9201
    0.9232
    0.9179
    0.9046
    0.9170
    0.9259
    0.9390
    0.9418
    0.9408
    0.9435
    0.9491
    0.9496
    0.9575
    0.9558
    0.9527
    0.9586
    0.9604
    0.9639
    0.9764
    0.9841
    1.0118
    1.0289
    1.0304
    1.0339
    1.0557
    1.0686
    1.0703
    1.0766
    1.0826
    1.0786
    1.0782
    1.0884
    1.0948
    1.1047
    1.1024
    1.1050
    1.1053
    1.1115
    1.1178
    1.1295
    1.1348
    1.1399
    1.1396
    1.1381
    1.1422
    1.1447
    1.1430
    1.1456
    1.1466
    1.1582
    1.1592
    1.1627
    1.1569
    1.1588
    1.1635
    1.1654
    1.1617
    1.1745
    1.1803
    1.1834
    1.1889
    1.1918
    1.1996
    1.2068
    1.2139
    1.2236
    1.2302
    1.2246
    1.2373
    1.2358
    1.2364
    1.2279
    1.2218
    1.2334
    1.2323
    1.2400
    1.2374
    1.2435
    1.2567
    1.2585
    1.2642
    1.2648
    1.2745
    1.2917
    1.2909
    1.3056
    1.3124
    1.3278
    1.3286
    1.3455
    1.3493
    1.3638
    1.3747
    1.3887
    1.3883
    1.3902
    1.3992
    1.3992
    1.4020
    1.3993
    1.3966
    1.3991
    1.4043
    1.4047
    1.4092
    1.4172
    1.4146
    1.4174
    1.4143
    1.4143
    1.4189
    1.4150
    1.4187
    1.4603
    1.4680
    1.4610
    1.4595
    1.4747
    1.4690
    1.4730
    1.4691
    1.4727
    1.4680
    1.4661
    1.4683
    1.4656
    1.4640
    1.4517
    1.4621
    1.4667
    1.4814
    1.4783
    1.4767
    1.4737
    1.4794
    1.4529
    1.4102
    1.3825
    1.3633
    1.3370
    1.3345
    1.3382
    1.3292
    1.3447
    1.3381
    1.3370
    1.3367
    1.3402
    1.3480
    1.3540
    1.3513
    1.3600
    1.3514
    1.3541
    1.3541
    1.3497
    1.3433
    1.3312
    1.3350
    1.3300
    1.3284
    1.3296
    1.3345
    1.3322
    1.3343
    1.3274
    1.3269
    1.3246
    1.3316
    1.3391
    1.3322
    1.3399
    1.3315
    1.3366
    1.3362
    1.3396
    1.3444
    1.3501
    1.3525
    1.3602
    1.3608
    1.3662
    1.3680
    1.3614
    1.3630
    1.3702
    1.3783
    1.3866
    1.3979
    1.4060
    1.4073
    1.3984
    1.4035
    1.4143
    1.4223
    1.4299
    1.4250
    1.4164
    1.4208
    1.4211
    1.4203
    1.4159
    1.4186
    1.4102
    1.4267
    1.4206
    1.4264
    1.4266
    1.4249
    1.4254
    1.4249
    1.4266
    1.4170
    1.4150
    1.4247
    1.4339
    1.4395
    1.4359
    1.4366
    1.4343
    1.4233
    1.4277
    1.4360
    1.4404
    1.4510
    1.4410
    1.4395
    1.4372
    1.4333
    1.4365
    1.4428
    1.4386
    1.4476
    1.4641
    1.4551
    1.4568
    1.4689
    1.4776
    1.4692
    1.4673
    1.4708
    1.4669
    1.4616
    1.4607
    1.4604
    1.4657
    1.4793
    1.4764
    1.4678
    1.4620
    1.4597
    1.4616
    1.4609
    1.4694
    1.4693
    1.4688
    1.4646
    1.4605
    1.4663
    1.4641
    1.4606
    1.4603
    1.4674
    1.4673
    1.4718
    1.4794
    1.4741
    1.4798
    1.4779
    1.4773
    1.4843
    1.4843
    1.4786
    1.4778
    1.4799
    1.4708
    1.4701
    1.4732
    1.4688
    1.4736
    1.4765
    1.4715
    1.4755
    1.4703
    1.4635
    1.4627
    1.4621
    1.4652
    1.4700
    1.4752
    1.4730
    1.4762
    1.4736
    1.4734
    1.4776
    1.4791
    1.4716
    1.4753
    1.4861
    1.4975
    1.5002
    1.5001
    1.5066
    1.5047
    1.5212
    1.5569
    1.5848
    1.6107
    1.6398
    1.6489
    1.6497
    1.6571
    1.6575
    1.6698
    1.6702
    1.6705
    1.6770
    1.6757
    1.6717
    1.6771
    1.6764
    1.6711
    1.6634
    1.6665
    1.6645
    1.6671
    1.6633
    1.6711
    1.6738
    1.6743
    1.6806
    1.6903
    1.7021
    1.7004
    1.6997
    1.7010
    1.7074
    1.7071
    1.7070
    1.7131
    1.7075
    1.7064
    1.7098
    1.7072
    1.7112
    1.7096
    1.7034
    1.7034
    1.7107
    1.7061
    1.7066
    1.7053
    1.7017
    1.7074
    1.7066
    1.7007
    1.7008
    1.6990
    1.6960
    1.6948
    1.6979
    1.6956
    1.6936
    1.6930
    1.6964
    1.6964
    1.7034
    1.6961
    1.6949
    1.6834
    1.6777
    1.6731
    1.6682
    1.6653
    1.6777
    1.6776
    1.6792
    1.6727
    1.6600
    1.6516
    1.6561
    1.6524
    1.6620
    1.6550
    1.6547
    1.6575
    1.6610
    1.6682
    1.6629
    1.6674
    1.6586
    1.6529
    1.6527
    1.6527
    1.6494
    1.6485
    1.6464
    1.6421
    1.6439
    1.6477
    1.6550
    1.6632
    1.6632
    1.6616
    1.6558
    1.6445
    1.6338
    1.6444
    1.6560
    1.6610
    1.6690
    1.6690
    1.6792
    1.6765
    1.6747
    1.6737
    1.6713
    1.6846
    1.6965
    1.7076
    1.7076
    1.7175
    1.7139
    1.7172
    1.7133
    1.7317
    1.7169
    1.6950
    1.7142
    1.7113
    1.7113
    1.6974
    1.6840
    1.6797
    1.6852
    1.6809
    1.6748
    1.6692
    1.6861
    1.6861
    1.6769
    1.6974
    1.6935
    1.6670
    1.6179
    1.6300
    1.6627
    1.6593
    1.6593
    1.6635
    1.6306
    1.6374
    1.6411
    1.6202
    1.6119
    1.6145
    1.6290
    1.6290
    1.6496
    1.6369
    1.6566
    1.6907
    1.6861
    1.6710
    1.6341
    1.6268
    1.6268
    1.6177
    1.5805
    1.5897
    1.5749
    1.5774
    1.5640
    1.5794
    1.5642
    1.5642
    1.5687
    1.5918
    1.5921
    1.5775
    1.6167
    1.5874
    1.5699
    1.5873
    1.6035
    1.6035
    1.5867
    1.5933
    1.5843
    1.5829
    1.6371
    1.6457
    1.6383
    1.6268
    1.6268
    1.6474
    1.6275
    1.5965
    1.5742
    1.6079
    1.6127
    1.6538
    1.6689
    1.6689
    1.6859
    1.7504
    1.7813
    1.8963
    1.8416
    1.7942
