   11.0291
   26.8199
   21.7469
   33.0341
    4.0044
    9.5894
    8.8603
    9.2960
   15.3805
   15.1668
   10.7948
    6.6892
    6.2658
    7.0930
   14.4823
   16.0211
   18.8432
   19.9780
   20.9109
   21.5044
   20.0498
   20.5138
   20.1390
   21.8106
   19.4141
   18.0512
   18.1107
   15.5267
   15.5121
   13.0790
   11.5251
    9.5760
    8.4648
    6.5171
    5.7405
    4.4133
    4.5915
    4.4000
    4.1215
    4.3501
    4.5662
    4.2895
    5.1242
    4.6360
    4.8272
    4.7246
    3.9674
    4.0868
    4.1151
    3.6107
    3.3605
    3.3355
    3.2205
    3.0411
    2.9885
    2.9423
    2.6461
    2.5016
    2.5529
    2.3209
    2.4014
    2.1395
    1.9862
    1.9259
    1.9721
    1.9044
    1.9204
    1.7877
    1.5715
    1.5116
    1.5041
    1.2942
    1.2826
    1.2612
    1.2616
    1.2069
    1.1212
    1.1987
    1.2517
    1.3463
    1.2783
    1.4172
    1.3877
    1.3451
    1.4049
    1.4339
    1.5714
    1.6697
    1.7868
    1.9550
    1.8981
    1.8424
    1.8408
    1.8492
    1.7815
    1.8267
    1.8521
    1.8618
    1.7797
    1.7377
    1.7688
    1.8033
    1.7436
    1.7229
    1.7012
    1.7208
    1.7558
    1.7513
    1.7434
    1.7784
    1.7665
    1.6863
    1.7100
    1.8358
    1.9123
    1.9043
    1.9050
    1.9201
    1.9502
    1.8577
    1.8281
    1.8284
    1.8240
    1.8162
    1.9122
    1.9186
    1.9140
    1.9978
    2.0723
    2.1427
    2.1442
    2.2973
    2.3332
    2.3246
    2.2638
    2.2260
    2.1097
    2.0675
    2.0711
    2.1295
    2.2019
    2.1112
    2.0402
    2.0721
    2.1197
    2.1801
    2.1974
    2.2116
    2.1641
    2.1574
    2.2937
    2.3683
    2.4277
    2.4089
    2.4438
    2.3857
    2.3451
    2.4163
    2.3752
    2.4017
    2.3344
    2.3265
    2.3277
    2.3288
    2.3531
    2.3501
    2.3219
    2.3542
    2.3401
    2.3308
    2.3723
    2.3439
    2.4619
    2.3891
    2.5120
    2.6899
    2.7767
    2.7834
    2.9069
    3.0360
    2.9988
    3.0210
    3.0059
    3.0087
    3.0176
    3.0494
    3.1480
    3.0639
    3.0155
    2.9866
    3.0559
    2.9823
    3.0369
    3.1133
    3.2291
    3.3310
    3.3505
    3.3454
    3.3081
    3.3896
    3.4366
    3.4291
    3.5518
    3.6118
    3.7766
    3.8281
    3.8024
    3.7882
    3.7776
    3.5862
    3.6329
    3.5151
    3.2873
    3.3482
    3.3896
    3.5034
    3.6059
    3.6833
    3.5649
    3.5069
    3.3821
    3.3975
    3.3397
    3.3310
    3.3636
    3.3880
    3.5393
    3.5892
    3.5344
    3.4238
    3.5113
    3.4931
    3.6047
    3.5847
    3.6048
    3.5881
    3.5554
    3.4794
    3.3623
    3.2416
    3.1891
    3.1432
    3.1141
    3.0979
    3.0425
    3.0461
    3.1117
    3.1698
    3.2838
    3.3025
    3.2483
    3.2846
    3.2626
    3.1237
    3.1284
    3.0144
    3.0095
    2.8921
    2.8319
    2.8121
    2.8140
    2.9046
    2.9362
    2.9501
    2.9528
    2.9539
    3.0233
    3.0759
    3.1505
    3.1017
    3.0889
    3.0616
    3.0257
    3.0031
    2.9807
    3.0292
    3.0034
    3.0649
    3.0448
    3.0201
    3.0200
    3.0310
    3.0273
    3.0344
    3.0614
    3.0201
    3.0041
    3.0347
    2.9993
    3.0242
    3.0257
    3.0640
    3.0489
    3.0625
    3.0534
    3.0530
    3.0754
    3.0954
    3.1428
    3.2193
    3.2610
    3.3254
    3.3592
    3.3859
    3.4673
    3.4838
    3.4892
    3.4636
    3.4703
    3.4083
    3.3528
    3.3405
    3.2863
    3.2195
    3.2075
    3.2423
    3.2143
    3.2556
    3.3688
    3.4297
    3.4317
    3.4519
    3.5324
    3.5575
    3.6735
    3.7879
    3.8743
    3.9017
    3.9506
    3.9430
    3.8531
    3.8407
    3.8743
    3.8884
    3.8465
    3.7742
    3.6843
    3.5903
    3.5728
    3.5525
    3.5592
    3.5296
    3.5244
    3.5355
    3.5059
    3.5023
    3.4532
    3.4813
    3.4437
    3.4206
    3.3432
    3.2245
    3.1854
    3.1785
    3.1565
    3.1270
    3.0937
    3.0931
    3.0193
    2.9498
    2.8420
    2.8143
    2.7723
    2.8004
    2.8033
    2.7690
    2.7468
    2.6549
    2.6512
    2.6650
    2.6136
    2.5541
    2.5165
    2.4253
    2.3517
    2.2701
    2.1833
    2.1061
    2.0932
    2.0524
    1.9777
    1.9162
    1.8639
    1.7673
    1.7457
    1.7101
    1.6787
    1.6634
    1.6453
    1.6472
    1.6399
    1.6110
    1.6029
    1.5981
    1.6033
    1.6053
    1.5927
    1.5763
    1.5540
    1.5194
    1.4978
    1.4642
    1.4205
    1.4217
    1.3985
    1.3607
    1.3366
    1.3077
    1.2798
    1.2387
    1.2109
    1.1976
    1.1939
    1.1766
    1.1554
    1.1477
    1.1286
    1.1178
    1.1057
    1.0986
    1.0926
    1.0836
    1.0825
    1.0789
    1.0671
    1.0747
    1.0786
    1.0764
    1.0723
    1.0659
    1.0683
    1.0651
    1.0595
    1.0528
    1.0532
    1.0583
    1.0633
    1.0694
    1.0749
    1.0795
    1.0809
    1.0769
    1.0758
    1.0799
    1.0830
    1.0785
    1.0723
    1.0715
    1.0671
    1.0651
    1.0584
    1.0608
    1.0665
    1.0652
    1.0786
    1.0796
    1.0778
    1.0642
    1.0682
    1.0590
    1.0580
    1.0618
    1.0673
    1.0612
    1.0428
    1.0276
    1.0214
    1.0235
    1.0308
    1.0276
    1.0430
    1.0502
    1.0523
    1.0569
    1.0684
    1.0748
    1.0768
    1.0739
    1.0787
    1.0938
    1.1224
    1.1403
    1.1398
    1.1680
    1.1806
    1.1979
    1.2283
    1.2462
    1.2649
    1.2992
    1.3132
    1.3085
    1.3205
    1.3321
    1.3369
    1.3437
    1.3606
    1.3395
    1.3334
    1.3338
    1.3492
    1.3552
    1.3558
    1.3420
    1.3465
    1.3526
    1.3645
    1.3773
    1.3781
    1.3865
    1.3898
    1.3915
    1.3844
    1.3787
    1.3880
    1.3964
    1.4065
    1.4307
    1.4338
    1.4516
    1.4784
    1.4953
    1.5127
    1.5325
    1.5472
    1.5599
    1.5518
    1.5653
    1.5625
    1.5657
    1.6002
    1.6103
    1.6447
    1.6602
    1.6742
    1.6873
    1.6929
    1.6983
    1.7075
    1.7240
    1.7317
    1.7292
    1.7315
    1.7404
    1.7429
    1.7671
    1.7739
    1.7876
    1.7988
    1.7992
    1.8091
    1.8080
    1.8124
    1.8360
    1.8717
    1.9064
    1.9247
    1.9547
    1.9655
    1.9800
    1.9812
    1.9765
    1.9725
    1.9739
    1.9945
    2.0168
    2.0475
    2.0836
    2.0892
    2.1060
    2.1152
    2.1357
    2.1412
    2.1408
    2.1506
    2.1494
    2.1505
    2.1612
    2.1597
    2.1801
    2.1949
    2.1932
    2.1881
    2.1981
    2.1902
    2.2021
    2.2247
    2.2458
    2.2553
    2.2661
    2.2874
    2.2938
    2.2861
    2.2890
    2.3038
    2.3249
    2.3414
    2.3316
    2.3350
    2.3379
    2.3432
    2.3467
    2.3464
    2.3756
    2.3630
    2.3488
    2.3352
    2.3586
    2.3973
    2.3937
    2.4003
    2.4045
    2.4318
    2.4482
    2.4621
    2.4893
    2.4932
    2.4922
    2.5014
    2.5265
    2.5640
    2.5736
    2.5714
    2.5862
    2.5943
    2.6059
    2.6475
    2.6473
    2.7091
    2.7271
    2.7248
    2.7410
    2.7421
    2.7616
    2.7786
    2.7618
    2.7666
    2.7657
    2.7734
    2.7901
    2.8100
    2.8014
    2.8178
    2.8156
    2.8365
    2.8630
    2.8856
    2.8956
    2.9097
    2.9150
    2.9205
    2.9553
    2.9583
    3.0030
    2.9992
    2.9915
    2.9939
    3.0268
    3.0339
    3.0430
    3.0445
    3.0225
    3.0516
    3.0935
    3.0679
    3.0973
    3.0975
    3.0784
    3.0769
    3.0687
    3.0600
    3.0275
    3.0086
    2.9751
    2.9383
    2.9360
    2.9369
    2.8909
    2.8495
    2.8390
    2.8257
    2.8178
    2.8297
    2.8140
    2.7813
    2.7466
    2.7221
    2.6989
    2.6910
    2.6776
    2.6629
    2.6652
    2.6508
    2.6183
    2.5717
    2.5674
    2.5436
    2.5069
    2.4982
    2.4983
    2.4768
    2.4856
    2.4924
    2.4905
    2.4709
    2.4768
    2.4700
    2.4953
    2.5036
    2.5267
    2.5202
    2.5205
    2.5081
    2.5067
    2.5190
    2.5083
    2.5093
    2.5120
    2.5092
    2.5160
    2.5075
    2.5113
    2.5094
    2.5117
    2.5067
    2.5098
    2.5260
    2.5260
    2.5241
    2.5181
    2.5227
    2.5096
    2.5075
    2.5045
    2.4926
    2.5050
    2.5275
    2.5333
    2.5066
    2.4930
    2.4873
    2.4807
    2.4857
    2.4789
    2.4698
    2.4608
    2.4589
    2.4417
    2.4045
    2.3768
    2.3643
    2.3642
    2.3699
    2.3762
    2.3602
    2.3562
    2.3465
    2.3418
    2.3507
    2.3366
    2.3452
    2.3614
    2.3769
    2.4001
    2.4066
    2.4027
    2.3966
    2.4054
    2.4122
    2.4168
    2.3990
    2.3926
    2.3823
    2.3731
    2.3574
    2.3405
    2.3367
    2.3326
    2.3345
    2.3400
    2.3383
    2.3380
    2.3219
    2.3315
    2.3394
    2.3258
    2.3321
    2.3155
    2.3132
    2.3160
    2.3105
    2.2788
    2.2554
    2.2311
    2.2250
    2.2243
    2.2242
    2.2276
    2.2310
    2.2353
    2.2469
    2.2382
    2.2458
    2.2425
    2.2439
    2.2410
    2.2378
    2.2200
    2.2238
    2.2224
    2.2299
    2.2259
    2.2206
    2.2190
    2.2198
    2.2192
    2.2134
    2.2138
    2.2136
    2.2089
    2.1975
    2.1909
    2.1800
    2.1790
    2.1805
    2.1737
    2.1683
    2.1648
    2.1558
    2.1440
    2.1308
    2.1226
    2.1148
    2.1183
    2.1188
    2.1178
    2.1177
    2.1320
    2.1225
    2.1201
    2.1241
    2.1309
    2.1278
    2.1285
    2.1281
    2.1229
    2.1219
    2.1230
    2.1483
    2.1675
    2.1773
    2.1841
    2.1844
    2.1942
    2.2141
    2.2482
    2.2658
    2.2699
    2.2820
    2.2886
    2.3018
    2.3024
    2.3369
    2.3597
    2.3650
    2.3915
    2.4175
    2.4435
    2.4627
    2.4755
    2.4762
    2.4754
    2.5013
    2.5421
    2.5684
    2.6152
    2.6181
    2.6588
    2.6928
    2.6933
    2.6848
    2.6840
    2.6885
    2.6838
    2.6577
    2.6378
    2.6416
    2.6601
    2.6516
    2.6524
    2.6679
    2.6354
    2.6282
    2.6126
    2.5935
    2.6046
    2.6076
    2.6170
    2.6190
    2.6093
    2.5866
    2.5816
    2.5766
    2.5693
    2.5589
    2.5759
    2.5782
    2.5788
    2.5728
    2.5707
    2.5808
    2.5661
    2.5792
    2.5803
    2.5707
    2.5554
    2.5554
    2.5375
    2.5453
    2.5428
    2.5145
    2.5152
    2.5250
    2.5325
    2.5462
    2.5462
    2.5693
    2.5363
    2.5113
    2.4844
    2.5017
    2.5056
    2.5095
    2.5109
    2.5109
    2.4975
    2.5023
    2.4912
    2.4671
    2.4655
    2.4887
    2.5385
    2.6075
    2.6417
    2.6417
    2.6641
    2.6709
    2.6743
    2.6599
    2.6683
    2.7274
    2.7450
    2.7905
    2.7905
    2.8057
    2.8102
    2.8074
    2.8565
    2.8201
    2.7749
    2.7391
    2.7000
    2.7000
    2.7316
    2.7017
    2.7193
    2.7498
    2.7296
    2.7345
    2.7142
    2.7271
    2.7271
    2.6912
    2.6660
    2.6325
    2.6459
    2.6973
    2.7030
    2.6979
    2.6833
    2.6833
    2.6218
    2.5867
    2.5861
    2.5746
    2.5534
    2.4868
    2.4670
    2.4786
    2.4786
    2.4700
    2.4839
    2.5280
    2.5533
    2.5245
    2.5496
    2.6023
    2.6329
    2.7073
    2.7073
    2.8748
    2.8951
    2.8718
    2.8603
    2.8323
    2.7791
    2.8095
    2.7813
    2.7813
    2.8450
    2.8877
    2.8861
    2.8857
    2.9177
    2.8268
    2.9299
    3.0419
    3.0419
    3.0095
    3.0777
    2.9856
    3.0126
    3.1145
    3.2417
