    6.7244
    2.1600
    2.2814
    1.6305
    1.4905
    1.6013
    2.3491
    1.4350
    1.8584
    1.4365
    1.3352
    1.4171
    1.8891
    1.8681
    2.0575
    1.6919
    1.8785
    1.7125
    1.7886
    1.8842
    1.8415
    1.8228
    1.9052
    1.8484
    1.9169
    1.9359
    1.9713
    1.9678
    2.0145
    1.9568
    2.1768
    2.1255
    2.7029
    3.5768
    4.8040
    5.5427
    5.3389
    6.1402
    6.3421
    6.3495
    6.7451
    6.8188
    6.2114
    5.4954
    4.5205
    4.1977
    4.5097
    4.2217
    4.2982
    4.3870
    3.8640
    3.7484
    2.9030
    2.8064
    2.7116
    2.4453
    2.4270
    2.2898
    2.1417
    2.1224
    2.1134
    1.9965
    1.9734
    1.9131
    1.9327
    1.8680
    1.9284
    2.0215
    2.1101
    2.3427
    2.3181
    2.4309
    2.4291
    2.5767
    2.6059
    2.5621
    2.5689
    2.5814
    2.3404
    2.5007
    2.3378
    2.2304
    2.0720
    2.0037
    2.0169
    1.9822
    1.9389
    1.8146
    1.8961
    1.8190
    1.7682
    1.8232
    1.7959
    1.8360
    1.9184
    1.9052
    1.9084
    2.0030
    2.1536
    2.0617
    2.1533
    2.2701
    2.0874
    2.1260
    2.1920
    2.2933
    2.2358
    2.1768
    2.2406
    2.3153
    2.2713
    2.2429
    2.1825
    2.2002
    2.2675
    2.3232
    2.3259
    2.3161
    2.1547
    2.2026
    2.0764
    2.0670
    1.9489
    1.9134
    1.8708
    1.9199
    1.8534
    1.7939
    1.7212
    1.8110
    1.7801
    1.7991
    1.7412
    1.7667
    1.8224
    1.8274
    1.7221
    1.7722
    1.7562
    1.8055
    1.7520
    1.8411
    1.8559
    1.9080
    1.8084
    1.7449
    1.7656
    1.7287
    1.7567
    1.7835
    1.7866
    1.8231
    1.8361
    1.9311
    1.9120
    1.9286
    1.9471
    1.8826
    1.9415
    1.9341
    1.8920
    1.9546
    1.9343
    1.8474
    1.8849
    1.8939
    1.9207
    1.8831
    1.8222
    1.7924
    1.8268
    1.9014
    1.7964
    1.7903
    1.7291
    1.7223
    1.6609
    1.6835
    1.5865
    1.5375
    1.4942
    1.4796
    1.5486
    1.5172
    1.5533
    1.5471
    1.5385
    1.5217
    1.5750
    1.5653
    1.5720
    1.5417
    1.5676
    1.5716
    1.5815
    1.5514
    1.5567
    1.5562
    1.6416
    1.6281
    1.6279
    1.6346
    1.6527
    1.6895
    1.6826
    1.7103
    1.7554
    1.7649
    1.7630
    1.7664
    1.7761
    1.8149
    1.8443
    1.8262
    1.7679
    1.7877
    1.8037
    1.8309
    1.7971
    1.8114
    1.8414
    1.8531
    1.8740
    1.8683
    1.8888
    1.9025
    1.9089
    1.9189
    1.9383
    1.9658
    1.9322
    1.9634
    1.9324
    1.9378
    2.0035
    2.0001
    1.9939
    1.9282
    1.9301
    1.9075
    1.9267
    1.9842
    1.9854
    1.9948
    1.9920
    2.0024
    2.0576
    2.0599
    2.0668
    2.0580
    1.9983
    1.9436
    1.9231
    1.9043
    1.8479
    1.8187
    1.8200
    1.7993
    1.8251
    1.7884
    1.7911
    1.7714
    1.7876
    1.7852
    1.7789
    1.7881
    1.7598
    1.7546
    1.7389
    1.6533
    1.6864
    1.6299
    1.6039
    1.6149
    1.6382
    1.6740
    1.6766
    1.7082
    1.6948
    1.6949
    1.6812
    1.6948
    1.7005
    1.7007
    1.7206
    1.7251
    1.7575
    1.7286
    1.7623
    1.7391
    1.7608
    1.7623
    1.7679
    1.7952
    1.8064
    1.7767
    1.7675
    1.7324
    1.7431
    1.7467
    1.7414
    1.7739
    1.7647
    1.7477
    1.7130
    1.6831
    1.6552
    1.6233
    1.6226
    1.6147
    1.6052
    1.6016
    1.5903
    1.5983
    1.5960
    1.5793
    1.5934
    1.6071
    1.6123
    1.6368
    1.6449
    1.7073
    1.7116
    1.7050
    1.7150
    1.7075
    1.7188
    1.6944
    1.6874
    1.6709
    1.6377
    1.6236
    1.6236
    1.6315
    1.6259
    1.6348
    1.6293
    1.6581
    1.6939
    1.6885
    1.7282
    1.7094
    1.7337
    1.7481
    1.7413
    1.7256
    1.7188
    1.7075
    1.7031
    1.7031
    1.7064
    1.7262
    1.7205
    1.7414
    1.7380
    1.7489
    1.7778
    1.7678
    1.7454
    1.7445
    1.7603
    1.7214
    1.7425
    1.7118
    1.6984
    1.6810
    1.6853
    1.6699
    1.6719
    1.6797
    1.6606
    1.6341
    1.6436
    1.6544
    1.6617
    1.6405
    1.6314
    1.6370
    1.6217
    1.5726
    1.5765
    1.5580
    1.5585
    1.5523
    1.5542
    1.5778
    1.5671
    1.5554
    1.5440
    1.5191
    1.5040
    1.4982
    1.4903
    1.4919
    1.4997
    1.4816
    1.4802
    1.4906
    1.4869
    1.4817
    1.4843
    1.4840
    1.4590
    1.4429
    1.4236
    1.4006
    1.3838
    1.3945
    1.3950
    1.3725
    1.3565
    1.3355
    1.3268
    1.3336
    1.3490
    1.3429
    1.3487
    1.3369
    1.3209
    1.3151
    1.2994
    1.3021
    1.2982
    1.2893
    1.2805
    1.2671
    1.2557
    1.2453
    1.2439
    1.2630
    1.2417
    1.2218
    1.2052
    1.1875
    1.1776
    1.1678
    1.1549
    1.1415
    1.1388
    1.1245
    1.1091
    1.0719
    1.0663
    1.0654
    1.0624
    1.0444
    1.0373
    1.0378
    1.0328
    1.0371
    1.0300
    1.0316
    1.0236
    1.0301
    1.0249
    1.0300
    1.0245
    1.0425
    1.0432
    1.0450
    1.0437
    1.0366
    1.0514
    1.0591
    1.0529
    1.0489
    1.0516
    1.0513
    1.0566
    1.0549
    1.0678
    1.0763
    1.0718
    1.0835
    1.0751
    1.0708
    1.0579
    1.0601
    1.0736
    1.0647
    1.0750
    1.0729
    1.0602
    1.0541
    1.0509
    1.0513
    1.0535
    1.0603
    1.0673
    1.0660
    1.0865
    1.0861
    1.0867
    1.0937
    1.0877
    1.0969
    1.0935
    1.0857
    1.0956
    1.0822
    1.0720
    1.0732
    1.0766
    1.0654
    1.0645
    1.0618
    1.0618
    1.0747
    1.0737
    1.0902
    1.0924
    1.0970
    1.0945
    1.0987
    1.1096
    1.1020
    1.1065
    1.1202
    1.1265
    1.1249
    1.1354
    1.1263
    1.1458
    1.1524
    1.1573
    1.1544
    1.1721
    1.1726
    1.1803
    1.1851
    1.1966
    1.2005
    1.2107
    1.2248
    1.2335
    1.2381
    1.2360
    1.2471
    1.2578
    1.2583
    1.2569
    1.2562
    1.2536
    1.2687
    1.2912
    1.2906
    1.3079
    1.3125
    1.3134
    1.3058
    1.3124
    1.3113
    1.3151
    1.3259
    1.3358
    1.3298
    1.3562
    1.3662
    1.3663
    1.3669
    1.3659
    1.3807
    1.3931
    1.3875
    1.3971
    1.3811
    1.3782
    1.4000
    1.4120
    1.4130
    1.4065
    1.4143
    1.4230
    1.4094
    1.4205
    1.4115
    1.4018
    1.3943
    1.3838
    1.3893
    1.3972
    1.4060
    1.3956
    1.3906
    1.3987
    1.3933
    1.3927
    1.3906
    1.3727
    1.3828
    1.3860
    1.3893
    1.3814
    1.3774
    1.3750
    1.3731
    1.3876
    1.3593
    1.3591
    1.3620
    1.3723
    1.3692
    1.3605
    1.3680
    1.3609
    1.3554
    1.3567
    1.3632
    1.3757
    1.3642
    1.3666
    1.3619
    1.3543
    1.3458
    1.3419
    1.3535
    1.3623
    1.3797
    1.3788
    1.3815
    1.3818
    1.3730
    1.3742
    1.3832
    1.3783
    1.3757
    1.3778
    1.3894
    1.3683
    1.3671
    1.3688
    1.3761
    1.3729
    1.3701
    1.3668
    1.3679
    1.3735
    1.3723
    1.3743
    1.3629
    1.3685
    1.3791
    1.3700
    1.3662
    1.3659
    1.3780
    1.3792
    1.3810
    1.3669
    1.3783
    1.3840
    1.3900
    1.3859
    1.3729
    1.3768
    1.3621
    1.3584
    1.3499
    1.3423
    1.3373
    1.3421
    1.3637
    1.3584
    1.3478
    1.3443
    1.3343
    1.3277
    1.3236
    1.3314
    1.3190
    1.3073
    1.2953
    1.2880
    1.2838
    1.2783
    1.2747
    1.2736
    1.2718
    1.2736
    1.2791
    1.2824
    1.2874
    1.2808
    1.2934
    1.2809
    1.2892
    1.2949
    1.2855
    1.2767
    1.2736
    1.2873
    1.2982
    1.3106
    1.3177
    1.3191
    1.3176
    1.3172
    1.3202
    1.3183
    1.3301
    1.3275
    1.3301
    1.3250
    1.3221
    1.3194
    1.3108
    1.3243
    1.3254
    1.3172
    1.3171
    1.3255
    1.3203
    1.3177
    1.3280
    1.3236
    1.3187
    1.3194
    1.3262
    1.3339
    1.3392
    1.3389
    1.3366
    1.3540
    1.3408
    1.3343
    1.3410
    1.3465
    1.3525
    1.3684
    1.3671
    1.3732
    1.3760
    1.3850
    1.3868
    1.4095
    1.4182
    1.4199
    1.4259
    1.4302
    1.4262
    1.4415
    1.4486
    1.4516
    1.4551
    1.4571
    1.4485
    1.4558
    1.4643
    1.4649
    1.4751
    1.4695
    1.4750
    1.4831
    1.5102
    1.5183
    1.5199
    1.5249
    1.5268
    1.5305
    1.5470
    1.5549
    1.5609
    1.5678
    1.5728
    1.5785
    1.5771
    1.5839
    1.5881
    1.5948
    1.5965
    1.6067
    1.5991
    1.6156
    1.6243
    1.6327
    1.6419
    1.6504
    1.6509
    1.6526
    1.6597
    1.6625
    1.6644
    1.6634
    1.6729
    1.6810
    1.6823
    1.6839
    1.6908
    1.6910
    1.6959
    1.6944
    1.7098
    1.7227
    1.7367
    1.7449
    1.7451
    1.7508
    1.7518
    1.7554
    1.7658
    1.7746
    1.7798
    1.7845
    1.7911
    1.7955
    1.8057
    1.8087
    1.8137
    1.8106
    1.8146
    1.8211
    1.8270
    1.8277
    1.8245
    1.8283
    1.8294
    1.8325
    1.8405
    1.8383
    1.8379
    1.8370
    1.8365
    1.8482
    1.8581
    1.8600
    1.8636
    1.8727
    1.8818
    1.8896
    1.8966
    1.9086
    1.9065
    1.9003
    1.9002
    1.8996
    1.9120
    1.9215
    1.9304
    1.9387
    1.9510
    1.9520
    1.9523
    1.9670
    1.9670
    1.9766
    1.9947
    2.0090
    2.0187
    2.0225
    2.0389
    2.0495
    2.0546
    2.0549
    2.0575
    2.0696
    2.0716
    2.0676
    2.0679
    2.0705
    2.0838
    2.0824
    2.0827
    2.1133
    2.1168
    2.1204
    2.1176
    2.1408
    2.1568
    2.1657
    2.1642
    2.1643
    2.1545
    2.1520
    2.1457
    2.1330
    2.1695
    2.1811
    2.1959
    2.1962
    2.1964
    2.2031
    2.2009
    2.2126
    2.2131
    2.2177
    2.2345
    2.2432
    2.2599
    2.2910
    2.2913
    2.2744
    2.2806
    2.3079
    2.3262
    2.3315
    2.3355
    2.3440
    2.3688
    2.3693
    2.3647
    2.3948
    2.3999
    2.3995
    2.3909
    2.4049
    2.3991
    2.3995
    2.3997
    2.3887
    2.4025
    2.3847
    2.4209
    2.4614
    2.4659
    2.4786
    2.4893
    2.4893
    2.5016
    2.4868
    2.4981
    2.4987
    2.4934
    2.4725
    2.4801
    2.4668
    2.4668
    2.4488
    2.4366
    2.4431
    2.4490
    2.4535
    2.4753
    2.4469
    2.4636
    2.4636
    2.4857
    2.4798
    2.4913
    2.5054
    2.5585
    2.5413
    2.5391
    2.5818
    2.5623
    2.5623
    2.6045
    2.6190
    2.6053
    2.5747
    2.5468
    2.5544
    2.5891
    2.5903
    2.5903
    2.6376
    2.6630
    2.6442
    2.6304
    2.6298
    2.6391
    2.6434
    2.6799
    2.6799
    2.6787
    2.7159
    2.7175
    2.8171
    2.8745
    2.8813
    2.9125
    2.9257
    2.9257
    3.0371
    2.9918
    3.0140
    2.9885
    2.9466
    2.9436
    2.8794
    2.8533
    2.8533
    2.8346
    2.7963
    2.7961
    2.8078
    2.8743
    2.9058
    2.9501
    2.9776
    2.9776
    2.9965
    3.0545
    3.0890
    3.1277
    3.1345
    3.2063
    3.0668
    3.1062
    3.1359
    3.1359
    3.0693
    3.1455
    3.1560
    3.2308
    3.2571
    3.2308
    3.2812
    3.3277
    3.3277
    3.4622
    3.4535
    3.4648
    3.5620
    3.4932
    3.4837
    3.4412
    3.4985
    3.4985
    3.5917
    3.5875
    3.6497
    3.6264
    3.4500
    3.3837
