    8.7200
    7.2977
    6.5824
    4.3842
    9.1161
    7.1107
    5.6654
    5.0328
    5.1821
    5.1415
    6.2446
    5.8684
    6.4480
    6.3475
    6.3578
    8.3727
   11.7674
   15.8305
   12.0656
   10.5586
   11.2090
   13.2679
   14.5112
   22.2189
   20.2915
   21.3895
   19.0981
   18.8187
   18.2696
   16.0630
   13.8471
   15.1335
   12.9922
   12.2055
   10.3647
    9.3505
    9.0812
    9.1782
    8.9906
    7.7703
    8.5514
    8.1925
    8.2836
    8.4135
    8.2558
    8.0411
    8.2172
    8.0317
    6.4164
    6.6954
    6.2656
    5.6426
    4.5222
    4.8553
    4.4539
    4.1958
    3.9354
    3.1785
    2.9839
    2.9552
    2.7375
    2.6760
    2.4406
    2.7154
    2.6575
    2.5372
    2.2579
    2.0032
    1.9545
    2.1468
    2.2730
    2.1768
    2.2209
    2.2111
    2.2209
    2.3234
    2.5354
    2.5159
    2.7052
    2.3908
    2.4235
    2.6538
    2.5631
    2.5544
    2.7073
    2.8599
    2.9032
    2.8197
    2.6809
    2.7654
    2.8178
    2.8444
    2.9956
    3.1492
    3.0572
    3.0974
    3.0403
    3.1700
    3.0676
    3.2272
    3.0434
    3.2000
    3.2007
    3.1155
    3.3530
    3.4149
    3.2010
    3.1821
    3.2987
    3.2207
    3.0897
    3.0227
    2.8969
    2.8321
    2.8970
    2.8627
    2.7470
    2.4474
    2.4522
    2.5105
    2.4946
    2.4430
    2.3172
    2.2368
    2.2372
    2.2291
    2.2375
    2.1018
    2.1948
    2.1641
    2.1814
    2.0373
    1.9940
    2.0600
    1.9804
    1.9837
    1.8522
    1.8249
    1.8405
    1.9072
    1.9186
    2.0239
    1.8998
    1.8974
    1.8613
    1.8799
    1.9012
    1.9220
    1.9633
    1.9994
    1.9298
    1.9647
    1.9850
    1.9717
    2.0593
    2.1000
    2.1265
    2.1367
    2.0749
    2.0949
    2.1341
    2.0802
    2.1016
    2.0345
    2.0377
    2.0370
    2.1270
    2.0799
    1.9964
    1.9666
    1.9088
    2.0000
    2.0119
    2.0676
    2.0894
    2.0401
    2.0101
    1.9685
    1.9700
    2.0321
    2.0456
    2.0276
    2.0645
    2.1252
    2.1235
    2.1072
    2.1067
    2.1023
    2.0932
    2.1391
    2.1517
    2.2115
    2.2604
    2.2965
    2.3081
    2.3000
    2.2646
    2.2359
    2.1933
    2.2369
    2.2849
    2.3166
    2.3055
    2.3267
    2.3269
    2.2859
    2.2392
    2.3040
    2.2103
    2.2100
    2.2296
    2.3102
    2.2510
    2.2491
    2.3212
    2.3913
    2.3457
    2.3370
    2.2761
    2.2766
    2.2509
    2.2749
    2.2605
    2.3125
    2.2651
    2.3825
    2.4201
    2.4045
    2.3622
    2.3713
    2.3347
    2.2550
    2.3222
    2.2858
    2.2033
    2.1123
    2.0890
    2.1062
    2.0782
    2.0790
    2.0682
    1.9944
    1.9310
    1.9128
    1.8315
    1.7748
    1.7553
    1.7431
    1.7434
    1.7530
    1.7937
    1.7592
    1.7529
    1.7345
    1.7300
    1.7067
    1.7024
    1.7194
    1.7017
    1.7162
    1.7085
    1.6657
    1.7048
    1.6994
    1.6922
    1.7070
    1.7044
    1.7108
    1.7278
    1.7301
    1.7234
    1.6916
    1.7035
    1.7189
    1.7026
    1.7141
    1.6946
    1.7151
    1.7102
    1.7105
    1.7173
    1.7314
    1.7483
    1.6936
    1.6934
    1.6408
    1.6155
    1.5904
    1.6090
    1.5912
    1.5982
    1.6281
    1.5794
    1.5579
    1.5586
    1.5974
    1.6555
    1.6769
    1.6818
    1.6525
    1.6625
    1.6453
    1.6202
    1.6303
    1.6496
    1.6726
    1.6848
    1.6853
    1.7084
    1.7396
    1.7589
    1.7472
    1.7484
    1.7255
    1.7246
    1.6895
    1.6990
    1.7135
    1.7241
    1.7308
    1.7420
    1.7484
    1.7659
    1.7703
    1.7341
    1.7197
    1.7097
    1.7293
    1.7538
    1.7636
    1.7838
    1.7786
    1.7897
    1.8001
    1.7800
    1.7681
    1.7782
    1.7787
    1.7833
    1.7906
    1.7870
    1.7648
    1.7578
    1.7654
    1.7446
    1.7916
    1.7928
    1.7992
    1.8048
    1.8147
    1.8141
    1.8238
    1.8167
    1.8165
    1.7944
    1.7770
    1.7798
    1.7764
    1.7783
    1.8153
    1.8492
    1.8816
    1.8814
    1.9017
    1.9037
    1.8771
    1.8857
    1.8678
    1.8962
    1.9145
    1.9428
    1.9488
    1.9026
    1.8925
    1.8850
    1.9060
    1.8988
    1.9280
    1.9555
    1.9558
    1.9678
    1.9894
    1.9759
    1.9899
    1.9978
    1.9748
    1.9756
    1.9925
    1.9952
    1.9955
    2.0151
    2.0069
    2.0386
    2.0670
    2.0679
    2.1159
    2.1212
    2.1276
    2.1396
    2.0990
    2.0431
    2.0129
    2.0061
    1.9741
    1.9583
    1.9638
    1.9129
    1.9314
    1.9498
    1.9784
    1.9868
    2.0019
    1.9858
    1.9678
    1.9372
    1.9049
    1.9387
    1.9423
    1.9117
    1.8871
    1.8903
    1.8882
    1.9313
    1.9309
    1.8876
    1.8890
    1.8925
    1.9006
    1.9063
    1.9087
    1.9268
    1.9609
    1.9446
    1.9229
    1.9458
    1.9503
    1.9537
    1.9654
    1.9726
    2.0000
    1.9962
    1.9991
    2.0045
    2.0294
    2.0340
    2.0150
    1.9897
    1.9760
    1.9883
    1.9796
    2.0024
    1.9904
    2.0062
    1.9844
    1.9713
    1.9707
    1.9897
    1.9816
    1.9982
    2.0036
    2.0352
    2.0419
    2.0707
    2.0671
    2.0551
    2.0330
    2.0321
    2.0346
    2.0337
    2.0963
    2.1016
    2.0734
    2.0820
    2.0655
    2.0608
    2.0465
    2.0396
    2.0229
    2.0430
    2.0481
    2.0386
    2.0353
    2.0507
    2.0408
    2.0371
    2.0385
    2.0676
    2.0543
    2.0715
    2.0824
    2.0684
    2.0488
    2.0446
    2.0534
    2.0688
    2.0510
    2.0575
    2.0648
    2.0783
    2.0833
    2.0902
    2.1159
    2.1479
    2.1572
    2.1678
    2.1933
    2.2298
    2.2187
    2.2351
    2.2431
    2.2635
    2.3005
    2.2931
    2.2963
    2.3067
    2.3092
    2.3144
    2.3230
    2.3476
    2.3765
    2.4248
    2.4191
    2.4026
    2.4194
    2.3863
    2.3582
    2.3505
    2.3631
    2.3526
    2.3469
    2.3211
    2.2985
    2.2629
    2.2507
    2.2550
    2.2518
    2.2601
    2.3026
    2.3015
    2.3005
    2.3090
    2.3203
    2.2844
    2.2714
    2.2725
    2.2919
    2.3189
    2.2824
    2.2573
    2.2533
    2.2352
    2.2223
    2.2172
    2.1953
    2.1951
    2.2006
    2.1829
    2.1846
    2.1737
    2.1808
    2.1683
    2.1923
    2.1951
    2.1883
    2.1911
    2.2210
    2.2165
    2.1929
    2.1958
    2.1940
    2.1906
    2.2026
    2.2091
    2.1960
    2.1970
    2.1895
    2.1921
    2.1864
    2.1726
    2.1557
    2.1499
    2.1453
    2.1428
    2.1566
    2.1594
    2.1617
    2.1421
    2.1441
    2.1229
    2.1117
    2.1016
    2.0534
    2.0223
    2.0296
    2.0286
    2.0195
    2.0277
    2.0081
    2.0112
    2.0167
    2.0208
    2.0293
    2.0066
    2.0307
    2.0355
    2.0384
    2.0487
    2.0417
    2.0364
    2.0234
    2.0383
    2.0443
    2.0363
    2.0286
    2.0289
    2.0252
    2.0041
    2.0172
    2.0284
    2.0244
    2.0232
    2.0297
    2.0170
    2.0225
    2.0347
    2.0125
    2.0139
    2.0041
    2.0280
    2.0317
    2.0452
    2.0355
    2.0422
    2.0310
    2.0357
    2.0270
    2.0091
    1.9978
    1.9964
    2.0205
    2.0203
    2.0106
    2.0135
    1.9910
    1.9805
    1.9849
    1.9830
    1.9747
    1.9618
    1.9653
    1.9570
    1.9551
    1.9487
    1.9501
    1.9445
    1.9275
    1.9395
    1.9327
    1.9432
    1.9493
    1.9454
    1.9423
    1.9513
    1.9599
    1.9677
    1.9952
    2.0172
    2.0453
    2.0499
    2.0655
    2.0748
    2.0835
    2.0741
    2.0956
    2.1034
    2.0915
    2.0723
    2.0672
    2.0713
    2.0774
    2.0777
    2.0681
    2.0677
    2.0926
    2.0963
    2.0824
    2.0663
    2.0593
    2.0362
    2.0362
    2.0246
    2.0299
    2.0282
    2.0358
    2.0538
    2.0411
    2.0383
    2.0333
    2.0385
    2.0583
    2.0393
    2.0488
    2.0404
    2.0306
    2.0209
    2.0109
    2.0105
    2.0014
    1.9912
    1.9680
    1.9560
    1.9562
    1.9348
    1.9160
    1.9202
    1.9191
    1.9015
    1.9107
    1.8942
    1.8823
    1.8693
    1.8575
    1.8654
    1.8522
    1.8594
    1.8722
    1.8546
    1.8515
    1.8653
    1.8638
    1.8708
    1.8735
    1.8794
    1.8820
    1.8827
    1.8826
    1.8855
    1.8729
    1.8874
    1.9039
    1.9020
    1.9149
    1.9279
    1.9429
    1.9439
    1.9604
    1.9680
    1.9852
    1.9903
    1.9912
    1.9957
    1.9900
    1.9969
    2.0254
    2.0354
    2.0409
    2.0444
    2.0367
    2.0403
    2.0215
    2.0257
    2.0298
    2.0364
    2.0396
    2.0406
    2.0476
    2.0479
    2.0507
    2.0501
    2.0540
    2.0479
    2.0508
    2.0528
    2.0542
    2.0452
    2.0477
    2.0418
    2.0470
    2.0552
    2.0463
    2.0585
    2.0554
    2.0501
    2.0420
    2.0445
    2.0438
    2.0369
    2.0411
    2.0423
    2.0428
    2.0468
    2.0385
    2.0372
    2.0290
    2.0212
    2.0260
    2.0220
    2.0220
    2.0233
    2.0208
    2.0300
    2.0317
    2.0412
    2.0520
    2.0463
    2.0362
    2.0363
    2.0433
    2.0558
    2.0508
    2.0578
    2.0715
    2.0687
    2.0685
    2.0693
    2.0708
    2.0751
    2.0846
    2.0834
    2.0910
    2.0903
    2.0923
    2.0885
    2.0855
    2.0863
    2.0831
    2.0831
    2.0773
    2.0821
    2.0774
    2.0738
    2.0763
    2.0848
    2.0912
    2.0921
    2.0915
    2.0862
    2.0797
    2.0683
    2.0544
    2.0408
    2.0418
    2.0311
    2.0308
    2.0316
    2.0337
    2.0296
    2.0393
    2.0320
    2.0293
    2.0338
    2.0301
    2.0303
    2.0260
    2.0285
    2.0255
    2.0217
    2.0204
    2.0217
    2.0174
    2.0091
    2.0092
    2.0085
    2.0103
    2.0174
    2.0251
    2.0297
    2.0377
    2.0418
    2.0586
    2.0585
    2.0611
    2.0671
    2.0662
    2.0600
    2.0615
    2.0700
    2.0739
    2.0836
    2.0835
    2.0828
    2.0699
    2.0799
    2.0708
    2.0683
    2.0718
    2.0765
    2.0827
    2.0932
    2.0931
    2.0905
    2.0954
    2.1106
    2.1410
    2.1486
    2.1672
    2.1690
    2.1860
    2.1858
    2.2049
    2.2017
    2.2143
    2.2382
    2.2348
    2.2502
    2.2645
    2.2926
    2.2923
    2.3039
    2.3299
    2.3245
    2.3446
    2.3331
    2.3177
    2.3378
    2.3548
    2.3548
    2.3747
    2.3590
    2.3738
    2.3761
    2.3693
    2.3579
    2.3590
    2.3706
    2.3706
    2.3543
    2.3334
    2.3417
    2.3798
    2.3727
    2.3698
    2.3693
    2.3847
    2.3847
    2.3630
    2.3616
    2.3457
    2.3660
    2.3686
    2.4063
    2.3683
    2.3526
    2.3746
    2.3746
    2.3675
    2.3728
    2.3979
    2.3716
    2.3128
    2.2779
    2.2584
    2.2509
    2.2509
    2.2685
    2.2879
    2.2913
    2.3351
    2.3267
    2.3273
    2.2859
    2.2736
    2.2736
    2.2392
    2.2230
    2.2279
    2.2622
    2.2521
    2.2056
    2.2019
    2.2059
    2.2059
    2.2084
    2.1902
    2.2187
    2.2661
    2.2610
    2.2554
    2.3480
    2.3010
    2.3010
    2.2457
    2.3068
    2.2890
    2.3365
    2.3634
    2.4050
    2.4539
    2.4596
    2.4596
    2.4562
    2.5108
    2.5924
    2.6047
    2.5650
    2.5574
    2.5782
    2.5721
    2.5139
    2.5139
    2.5420
    2.5228
    2.4715
    2.4867
    2.5027
    2.4837
    2.5894
    2.5010
    2.5010
    2.4657
    2.4264
    2.4077
    2.3585
    2.4050
    2.4529
    2.4704
    2.4392
    2.4392
    2.4056
    2.3600
    2.4441
    2.4462
    2.3765
    2.3698
