    5.1052
    1.3145
   45.8541
    2.8963
    1.0016
    2.3710
    1.8083
    0.9588
    1.2398
    1.5574
    1.3484
    1.5570
    1.3380
    1.4007
    1.2249
    0.9938
    0.9914
    0.9855
    1.0151
    1.1006
    1.2464
    1.3207
    1.3298
    1.2956
    1.1355
    0.8949
    0.7237
    0.8768
    0.9155
    0.9075
    0.9652
    1.1181
    1.4191
    1.6826
    1.2792
    1.3214
    1.1941
    1.2064
    1.0092
    0.8773
    0.6958
    0.7496
    0.7550
    0.7419
    0.6658
    0.6396
    0.6163
    0.6663
    0.6980
    0.7070
    0.7464
    0.7756
    0.7533
    0.7777
    0.8077
    0.8511
    0.8868
    0.9798
    1.0086
    1.0190
    1.0763
    1.1258
    1.2982
    1.4998
    1.4827
    1.3994
    1.4168
    1.2077
    1.1664
    1.1499
    1.0118
    1.0336
    1.0899
    1.0779
    1.0867
    1.0680
    1.0593
    1.0724
    0.9902
    0.8908
    0.8423
    0.8067
    0.7849
    0.7360
    0.7128
    0.7194
    0.7095
    0.6926
    0.7256
    0.6834
    0.6290
    0.6146
    0.6197
    0.5557
    0.4993
    0.4892
    0.4607
    0.4199
    0.4115
    0.4283
    0.4350
    0.4474
    0.4615
    0.4699
    0.4707
    0.4843
    0.4915
    0.5052
    0.5181
    0.5294
    0.5483
    0.5516
    0.5637
    0.5651
    0.5790
    0.5996
    0.6299
    0.6683
    0.7124
    0.7196
    0.7281
    0.7689
    0.8135
    0.8452
    0.8546
    0.8416
    0.8484
    0.8475
    0.8329
    0.8246
    0.8277
    0.8375
    0.8314
    0.8503
    0.8324
    0.8357
    0.8271
    0.8395
    0.8389
    0.8416
    0.8334
    0.8453
    0.8399
    0.8450
    0.8500
    0.8612
    0.8768
    0.8655
    0.8601
    0.8501
    0.8422
    0.8436
    0.8481
    0.8493
    0.8454
    0.8637
    0.8808
    0.9026
    0.9209
    0.9074
    0.9242
    0.9556
    0.9687
    0.9449
    0.9458
    0.9493
    0.9510
    0.9784
    0.9808
    1.0184
    1.0338
    1.0206
    0.9898
    0.9747
    0.9524
    0.9667
    0.9748
    0.9932
    0.9921
    0.9854
    0.9969
    0.9840
    1.0036
    1.0009
    0.9957
    0.9820
    0.9878
    0.9926
    0.9938
    0.9986
    1.0026
    0.9913
    0.9812
    0.9897
    0.9881
    0.9987
    0.9962
    0.9937
    0.9808
    0.9815
    0.9800
    0.9866
    0.9877
    0.9841
    0.9725
    0.9816
    0.9825
    0.9892
    0.9972
    1.0091
    1.0071
    1.0152
    1.0170
    1.0176
    1.0242
    1.0301
    1.0325
    1.0378
    1.0456
    1.0533
    1.0714
    1.0666
    1.0551
    1.0483
    1.0516
    1.0588
    1.0653
    1.0527
    1.0525
    1.0423
    1.0346
    1.0407
    1.0479
    1.0563
    1.0537
    1.0567
    1.0573
    1.0647
    1.0621
    1.0631
    1.0692
    1.0821
    1.0891
    1.0865
    1.0699
    1.0567
    1.0660
    1.0563
    1.0681
    1.0758
    1.0883
    1.0915
    1.0916
    1.0931
    1.0955
    1.1044
    1.1042
    1.1280
    1.1380
    1.1410
    1.1414
    1.1406
    1.1372
    1.1304
    1.1357
    1.1421
    1.1430
    1.1727
    1.1850
    1.1864
    1.1802
    1.1826
    1.1904
    1.2129
    1.2390
    1.2535
    1.2473
    1.2463
    1.2414
    1.2579
    1.2686
    1.2772
    1.2903
    1.2905
    1.2912
    1.2826
    1.2855
    1.2982
    1.3071
    1.3437
    1.3648
    1.3780
    1.3574
    1.3676
    1.3763
    1.3979
    1.3867
    1.3930
    1.3845
    1.3725
    1.3723
    1.3785
    1.3961
    1.3991
    1.4158
    1.4220
    1.4333
    1.4500
    1.4793
    1.5001
    1.4879
    1.4931
    1.5038
    1.5049
    1.5066
    1.5310
    1.5512
    1.5822
    1.6236
    1.6130
    1.6248
    1.6398
    1.6311
    1.6421
    1.6534
    1.6637
    1.6801
    1.7134
    1.7274
    1.7268
    1.7513
    1.7418
    1.7710
    1.7850
    1.8053
    1.7841
    1.7770
    1.7586
    1.7949
    1.7940
    1.7954
    1.8009
    1.8256
    1.8231
    1.8231
    1.8172
    1.8212
    1.8489
    1.8579
    1.8692
    1.8737
    1.8936
    1.8697
    1.8747
    1.8983
    1.8949
    1.9062
    1.9009
    1.9107
    1.9366
    1.9564
    1.9920
    1.9943
    2.0205
    2.0125
    2.0185
    2.0046
    2.0030
    2.0237
    2.0140
    2.0245
    2.0052
    1.9800
    1.9980
    2.0069
    1.9888
    2.0487
    2.0831
    2.1109
    2.1299
    2.1356
    2.1370
    2.1396
    2.0932
    2.0840
    2.0863
    2.1105
    2.1242
    2.0973
    2.1096
    2.1169
    2.1040
    2.0847
    2.0902
    2.1065
    2.1302
    2.1543
    2.1279
    2.0945
    2.0569
    2.0211
    1.9796
    2.0064
    2.0087
    2.0121
    2.0213
    2.0590
    2.0546
    2.0427
    2.0280
    2.0039
    2.0012
    2.0328
    1.9955
    1.9755
    1.9932
    1.9991
    2.0160
    1.9753
    1.9735
    1.9895
    2.0075
    2.0072
    2.0130
    2.0381
    2.0794
    2.0879
    2.1013
    2.1121
    2.1389
    2.1336
    2.1272
    2.1065
    2.1119
    2.1016
    2.0938
    2.0894
    2.0770
    2.0543
    2.0664
    2.0293
    2.0392
    2.0222
    2.0268
    2.0276
    2.0642
    2.0470
    2.0411
    2.0457
    2.0543
    2.0673
    2.0600
    2.0501
    2.0638
    2.0596
    2.0387
    2.0071
    1.9979
    2.0214
    2.0373
    2.0416
    2.0636
    2.0649
    2.0913
    2.1060
    2.1061
    2.1010
    2.0917
    2.1027
    2.1136
    2.1057
    2.1108
    2.1281
    2.1115
    2.1182
    2.1139
    2.1237
    2.1272
    2.1289
    2.1165
    2.1061
    2.1230
    2.1294
    2.1404
    2.1573
    2.1541
    2.1537
    2.1505
    2.1241
    2.1241
    2.1135
    2.1346
    2.1394
    2.1648
    2.1730
    2.1897
    2.1635
    2.1598
    2.1633
    2.1573
    2.1491
    2.1714
    2.2086
    2.2142
    2.2347
    2.2391
    2.2935
    2.2817
    2.3028
    2.3224
    2.3256
    2.3137
    2.3324
    2.3365
    2.3378
    2.3299
    2.3488
    2.3425
    2.3431
    2.3095
    2.3261
    2.3591
    2.3985
    2.3908
    2.4116
    2.3982
    2.4111
    2.4324
    2.4350
    2.4054
    2.3788
    2.3709
    2.3847
    2.4135
    2.4316
    2.4078
    2.3909
    2.3685
    2.4175
    2.4277
    2.4298
    2.4308
    2.4029
    2.3883
    2.3776
    2.3895
    2.4118
    2.4035
    2.4268
    2.4336
    2.4202
    2.4240
    2.4418
    2.4379
    2.4368
    2.4683
    2.4741
    2.4873
    2.4765
    2.4721
    2.4933
    2.4733
    2.4626
    2.4824
    2.4986
    2.4721
    2.4641
    2.4550
    2.4578
    2.4487
    2.4385
    2.4157
    2.4159
    2.4249
    2.4329
    2.4359
    2.4166
    2.4112
    2.3819
    2.3196
    2.3221
    2.2865
    2.2737
    2.2194
    2.1903
    2.1630
    2.1620
    2.1168
    2.1072
    2.1155
    2.1076
    2.1285
    2.1167
    2.0744
    2.0591
    2.0543
    2.0511
    2.0385
    2.0220
    2.0159
    2.0042
    1.9869
    1.9689
    1.9453
    1.9229
    1.8919
    1.8969
    1.8931
    1.8880
    1.8744
    1.8616
    1.8364
    1.7904
    1.8007
    1.7976
    1.7677
    1.7747
    1.7438
    1.7424
    1.7404
    1.7364
    1.7293
    1.7165
    1.6911
    1.6785
    1.6667
    1.6716
    1.6500
    1.5991
    1.5758
    1.5800
    1.5583
    1.5417
    1.5193
    1.5102
    1.4945
    1.4740
    1.4427
    1.4384
    1.4444
    1.4349
    1.4251
    1.3921
    1.3764
    1.3710
    1.3473
    1.3369
    1.3173
    1.3088
    1.3077
    1.3040
    1.2870
    1.2856
    1.2744
    1.2748
    1.2708
    1.2576
    1.2420
    1.2184
    1.2057
    1.2009
    1.1826
    1.1746
    1.1640
    1.1576
    1.1550
    1.1524
    1.1557
    1.1393
    1.1464
    1.1413
    1.1366
    1.1256
    1.1223
    1.1132
    1.1039
    1.1007
    1.0913
    1.0988
    1.0872
    1.0804
    1.0857
    1.0866
    1.0911
    1.0894
    1.0865
    1.0914
    1.0826
    1.0799
    1.0727
    1.0624
    1.0532
    1.0611
    1.0632
    1.0663
    1.0508
    1.0512
    1.0450
    1.0520
    1.0532
    1.0475
    1.0492
    1.0469
    1.0391
    1.0362
    1.0395
    1.0388
    1.0353
    1.0354
    1.0211
    1.0189
    1.0227
    1.0250
    1.0197
    1.0170
    1.0101
    1.0098
    1.0100
    1.0230
    1.0162
    1.0120
    1.0054
    0.9988
    0.9968
    0.9993
    0.9960
    0.9914
    0.9919
    0.9934
    0.9837
    0.9850
    0.9840
    0.9821
    0.9882
    0.9926
    0.9966
    0.9964
    0.9913
    0.9940
    0.9893
    0.9876
    0.9817
    0.9799
    0.9714
    0.9704
    0.9610
    0.9555
    0.9593
    0.9556
    0.9545
    0.9504
    0.9495
    0.9415
    0.9371
    0.9321
    0.9283
    0.9270
    0.9276
    0.9266
    0.9232
    0.9196
    0.9192
    0.9196
    0.9231
    0.9203
    0.9137
    0.9113
    0.9125
    0.9113
    0.9118
    0.9133
    0.9143
    0.9170
    0.9111
    0.9102
    0.9130
    0.9072
    0.9103
    0.9085
    0.9068
    0.9030
    0.9001
    0.8972
    0.8925
    0.8891
    0.8933
    0.8921
    0.8948
    0.8956
    0.8907
    0.8915
    0.8948
    0.8970
    0.8973
    0.8951
    0.8939
    0.8928
    0.8922
    0.8950
    0.8938
    0.8948
    0.8932
    0.8949
    0.8997
    0.8971
    0.8934
    0.8929
    0.8905
    0.8922
    0.8964
    0.8975
    0.8968
    0.8998
    0.9004
    0.9011
    0.9014
    0.9046
    0.9070
    0.9062
    0.9064
    0.9093
    0.9091
    0.9107
    0.9109
    0.9108
    0.9082
    0.9057
    0.9068
    0.9088
    0.9117
    0.9163
    0.9148
    0.9115
    0.9153
    0.9150
    0.9177
    0.9196
    0.9175
    0.9155
    0.9154
    0.9120
    0.9179
    0.9223
    0.9220
    0.9098
    0.9089
    0.9064
    0.9071
    0.9051
    0.9057
    0.9081
    0.9078
    0.9079
    0.9072
    0.9051
    0.8995
    0.8978
    0.8958
    0.8890
    0.8840
    0.8815
    0.8815
    0.8813
    0.8758
    0.8790
    0.8689
    0.8736
    0.8672
    0.8675
    0.8717
    0.8715
    0.8705
    0.8611
    0.8584
    0.8553
    0.8524
    0.8570
    0.8550
    0.8564
    0.8561
    0.8474
    0.8400
    0.8409
    0.8349
    0.8307
    0.8257
    0.8275
    0.8259
    0.8223
    0.8222
    0.8173
    0.8130
    0.8106
    0.8159
    0.8135
    0.8125
    0.8019
    0.8005
    0.8005
    0.8016
    0.8020
    0.8039
    0.7979
    0.7939
    0.7862
    0.7731
    0.7748
    0.7746
    0.7730
    0.7767
    0.7767
    0.7765
    0.7723
    0.7669
    0.7601
    0.7653
    0.7653
    0.7601
    0.7538
    0.7605
    0.7603
    0.7539
    0.7573
    0.7469
    0.7427
    0.7427
    0.7339
    0.7317
    0.7313
    0.7315
    0.7198
    0.7186
    0.7128
    0.7185
    0.7185
    0.7156
    0.7151
    0.7179
    0.7157
    0.7163
    0.7209
    0.7197
    0.7172
    0.7164
    0.7164
    0.7148
    0.7119
    0.7107
    0.7199
    0.7241
    0.7315
    0.7410
    0.7347
    0.7347
    0.7271
    0.7286
    0.7291
    0.7377
    0.7416
    0.7353
    0.7386
    0.7320
    0.7320
    0.7279
    0.7386
    0.7336
    0.7247
    0.7137
    0.7083
    0.7037
    0.7059
    0.7059
    0.6957
    0.6958
    0.6915
    0.6898
    0.6894
    0.6864
    0.6945
    0.6876
    0.6876
    0.6850
    0.6850
    0.6843
    0.6930
    0.6865
    0.6827
    0.6898
    0.7007
    0.7007
    0.6903
    0.6990
    0.6923
    0.6759
    0.6668
    0.6785
    0.6665
    0.6637
    0.6768
    0.6768
    0.6849
    0.6802
    0.6972
    0.7122
    0.7148
    0.7061
    0.7100
    0.6932
    0.6932
    0.6821
    0.6626
    0.6786
    0.6694
    0.6576
    0.6571
    0.6543
    0.6640
    0.6640
    0.6713
    0.6505
    0.6579
    0.6495
    0.6410
    0.6244
