   12.1600
   11.4991
    8.5245
    4.8256
    7.3094
    3.3800
    3.9905
    5.0134
    3.3239
    4.2329
    2.8186
    3.6265
    2.6672
    2.9955
    2.4890
    2.6836
    2.5284
    2.3713
    2.5386
    2.2411
    2.5690
    2.1035
    2.3291
    2.2862
    2.5625
    2.5602
    2.7256
    2.8426
    2.8306
    3.1218
    3.2976
    3.4666
    4.2457
    4.9730
    5.6147
    7.3783
    7.2327
    7.6018
    8.4811
    7.8469
    8.0354
    8.0239
    7.2125
    6.6720
    5.9069
    5.8006
    4.8579
    4.2214
    3.7431
    3.5275
    2.6922
    2.5440
    1.9559
    1.8004
    1.8080
    1.7732
    1.7107
    1.8708
    1.9462
    2.3377
    2.5010
    2.5721
    2.8402
    3.0079
    3.2832
    3.2767
    3.8230
    3.8627
    4.0872
    4.0792
    4.4168
    4.8608
    4.5490
    4.9243
    4.6879
    4.5073
    4.2287
    4.0047
    3.6644
    3.6910
    3.2874
    2.9813
    2.8027
    2.6776
    2.5910
    2.5381
    2.4849
    2.3512
    2.2496
    1.9870
    1.9146
    1.8825
    1.8132
    1.7265
    1.6381
    1.5051
    1.3789
    1.4730
    1.4470
    1.4098
    1.4633
    1.4945
    1.4892
    1.4690
    1.4503
    1.4679
    1.5601
    1.5707
    1.4791
    1.5402
    1.6125
    1.6800
    1.7665
    1.9109
    2.0001
    2.0950
    2.2171
    2.2377
    2.2594
    2.2879
    2.3694
    2.3948
    2.3418
    2.4356
    2.5787
    2.5516
    2.5624
    2.5289
    2.5524
    2.4704
    2.4980
    2.5488
    2.5163
    2.3510
    2.2862
    2.1807
    2.3460
    2.4301
    2.3727
    2.2537
    2.2390
    2.0539
    2.0086
    1.9568
    1.9111
    1.8772
    1.9671
    1.8683
    1.8366
    1.8493
    1.8967
    1.8410
    1.9119
    1.9365
    1.8805
    1.8669
    1.8443
    1.8995
    1.9240
    1.9760
    2.0300
    1.9944
    2.0137
    2.0147
    2.0474
    1.9907
    2.0037
    2.0562
    1.9196
    1.8587
    1.8302
    1.6863
    1.6148
    1.6542
    1.7895
    1.8445
    1.8582
    1.9123
    1.9980
    1.9061
    1.9421
    1.9335
    1.9680
    1.9123
    1.9128
    1.9220
    1.9959
    2.0223
    2.0749
    2.0636
    2.1056
    2.0788
    2.1465
    2.1592
    2.1678
    2.2785
    2.2108
    2.2258
    2.1934
    2.1928
    2.1770
    2.2278
    2.1501
    2.1511
    2.2086
    2.2243
    2.2552
    2.2433
    2.3159
    2.2706
    2.1771
    2.1763
    2.1753
    2.1898
    2.2803
    2.3551
    2.4117
    2.4792
    2.4157
    2.3608
    2.1906
    2.1268
    2.1798
    2.1580
    2.1321
    2.1441
    2.2316
    2.1667
    2.0856
    2.0504
    1.9182
    1.8914
    1.8252
    1.7638
    1.7119
    1.6913
    1.7090
    1.6400
    1.6186
    1.5672
    1.5213
    1.4747
    1.4020
    1.3872
    1.3673
    1.3380
    1.3157
    1.3186
    1.3174
    1.3172
    1.2940
    1.2850
    1.2886
    1.2693
    1.2518
    1.2547
    1.2377
    1.2209
    1.2050
    1.1808
    1.1622
    1.1538
    1.1403
    1.1293
    1.1214
    1.1350
    1.1307
    1.1184
    1.1200
    1.1291
    1.1005
    1.0746
    1.0741
    1.0566
    1.0656
    1.0886
    1.0836
    1.0893
    1.1048
    1.1002
    1.0741
    1.0689
    1.0727
    1.0759
    1.0750
    1.0534
    1.0546
    1.0577
    1.0538
    1.0493
    1.0713
    1.0607
    1.0536
    1.0341
    1.0535
    1.0617
    1.0645
    1.0557
    1.0396
    1.0531
    1.0431
    1.0523
    1.0429
    1.0480
    1.0563
    1.0822
    1.0849
    1.0718
    1.0726
    1.0782
    1.0989
    1.0839
    1.0727
    1.0818
    1.0798
    1.0971
    1.0973
    1.0936
    1.0974
    1.0978
    1.1082
    1.1071
    1.0878
    1.0984
    1.0984
    1.1066
    1.1252
    1.1310
    1.1246
    1.1186
    1.1257
    1.1149
    1.1283
    1.1263
    1.1162
    1.1150
    1.1421
    1.1312
    1.1141
    1.1025
    1.0893
    1.1026
    1.1099
    1.1046
    1.1202
    1.1238
    1.0986
    1.1066
    1.1154
    1.1193
    1.1144
    1.1132
    1.1173
    1.1216
    1.0994
    1.0873
    1.0972
    1.0962
    1.1016
    1.1203
    1.1188
    1.1218
    1.1306
    1.1445
    1.1407
    1.1517
    1.1561
    1.1473
    1.1625
    1.1559
    1.1629
    1.1535
    1.1372
    1.1340
    1.1297
    1.1647
    1.1703
    1.1616
    1.1908
    1.1906
    1.2142
    1.2019
    1.2115
    1.2130
    1.1915
    1.1978
    1.1968
    1.1852
    1.1928
    1.1628
    1.1537
    1.1189
    1.1258
    1.1322
    1.1156
    1.1204
    1.1182
    1.0970
    1.0782
    1.0380
    0.9786
    0.9511
    0.9199
    0.8982
    0.8651
    0.8250
    0.7997
    0.7766
    0.7714
    0.7697
    0.7645
    0.7619
    0.7427
    0.7238
    0.7159
    0.7202
    0.7039
    0.6917
    0.6750
    0.6710
    0.6515
    0.6482
    0.6517
    0.6392
    0.6441
    0.6432
    0.6377
    0.6441
    0.6462
    0.6436
    0.6496
    0.6443
    0.6537
    0.6536
    0.6576
    0.6520
    0.6536
    0.6455
    0.6384
    0.6425
    0.6414
    0.6400
    0.6381
    0.6310
    0.6216
    0.6208
    0.6222
    0.6183
    0.6080
    0.6109
    0.6132
    0.6130
    0.6089
    0.6109
    0.6113
    0.6080
    0.6087
    0.6152
    0.6205
    0.6223
    0.6180
    0.6208
    0.6248
    0.6222
    0.6231
    0.6287
    0.6269
    0.6304
    0.6305
    0.6313
    0.6328
    0.6388
    0.6359
    0.6371
    0.6396
    0.6423
    0.6435
    0.6384
    0.6408
    0.6414
    0.6424
    0.6421
    0.6422
    0.6459
    0.6501
    0.6523
    0.6477
    0.6483
    0.6545
    0.6536
    0.6544
    0.6551
    0.6529
    0.6630
    0.6696
    0.6733
    0.6706
    0.6780
    0.6801
    0.6836
    0.6887
    0.6938
    0.7029
    0.7132
    0.7139
    0.7190
    0.7308
    0.7367
    0.7470
    0.7538
    0.7788
    0.7962
    0.8129
    0.8193
    0.8289
    0.8320
    0.8338
    0.8444
    0.8458
    0.8618
    0.8715
    0.8766
    0.8798
    0.8734
    0.8857
    0.8914
    0.9172
    0.9347
    0.9399
    0.9652
    0.9699
    0.9684
    0.9732
    0.9905
    0.9924
    0.9827
    0.9944
    1.0123
    1.0053
    1.0003
    1.0121
    1.0549
    1.0612
    1.0685
    1.0690
    1.0678
    1.0770
    1.0611
    1.0565
    1.0551
    1.0617
    1.0666
    1.0708
    1.0780
    1.0854
    1.1046
    1.1123
    1.1242
    1.1357
    1.1426
    1.1589
    1.1690
    1.1756
    1.1900
    1.2149
    1.2180
    1.2125
    1.2146
    1.2163
    1.2182
    1.2289
    1.2306
    1.2123
    1.2237
    1.2349
    1.2298
    1.2259
    1.2325
    1.2251
    1.2264
    1.2376
    1.2402
    1.2446
    1.2411
    1.2357
    1.2348
    1.2490
    1.2548
    1.2539
    1.2526
    1.2576
    1.2752
    1.2739
    1.2781
    1.2796
    1.2571
    1.2363
    1.2195
    1.2072
    1.2109
    1.1981
    1.1943
    1.1905
    1.1787
    1.1723
    1.1633
    1.1698
    1.1696
    1.1742
    1.1712
    1.1767
    1.1812
    1.1933
    1.1832
    1.1807
    1.1802
    1.1828
    1.1885
    1.1896
    1.1853
    1.1874
    1.1993
    1.1959
    1.1867
    1.1881
    1.1885
    1.1920
    1.1960
    1.1929
    1.1892
    1.2012
    1.1981
    1.1837
    1.1968
    1.1829
    1.1782
    1.1774
    1.1822
    1.1665
    1.1700
    1.1547
    1.1463
    1.1446
    1.1321
    1.1313
    1.1351
    1.1337
    1.1215
    1.1261
    1.1253
    1.1281
    1.1365
    1.1510
    1.1589
    1.1663
    1.1866
    1.1954
    1.1966
    1.1974
    1.2077
    1.2123
    1.2312
    1.2346
    1.2312
    1.2312
    1.2385
    1.2383
    1.2514
    1.2589
    1.2610
    1.2750
    1.2788
    1.2803
    1.2926
    1.3059
    1.3134
    1.3141
    1.3123
    1.3120
    1.2996
    1.3071
    1.3054
    1.2852
    1.2861
    1.2862
    1.2936
    1.3078
    1.3113
    1.3068
    1.3178
    1.3175
    1.3308
    1.3361
    1.3386
    1.3473
    1.3574
    1.3639
    1.3594
    1.3658
    1.3714
    1.3692
    1.3737
    1.3569
    1.3576
    1.3562
    1.3556
    1.3409
    1.3546
    1.3393
    1.3543
    1.3462
    1.3464
    1.3526
    1.3644
    1.3708
    1.3740
    1.3780
    1.3719
    1.3740
    1.3779
    1.3938
    1.4107
    1.4091
    1.4068
    1.4077
    1.4298
    1.4357
    1.4292
    1.4427
    1.4709
    1.4950
    1.5230
    1.5125
    1.5248
    1.5619
    1.5759
    1.5889
    1.5866
    1.5944
    1.6096
    1.6061
    1.6111
    1.6272
    1.6505
    1.6504
    1.6542
    1.6617
    1.6608
    1.6824
    1.7034
    1.7216
    1.7481
    1.7630
    1.7919
    1.8086
    1.8364
    1.8561
    1.8659
    1.9192
    1.9234
    1.9479
    1.9592
    2.0004
    2.0465
    2.0526
    2.0709
    2.0909
    2.1365
    2.1693
    2.1871
    2.1938
    2.2036
    2.2086
    2.2244
    2.2375
    2.2744
    2.2899
    2.3035
    2.3236
    2.3292
    2.3316
    2.3323
    2.3461
    2.3367
    2.3345
    2.3490
    2.3603
    2.3707
    2.3784
    2.3865
    2.3861
    2.3949
    2.4106
    2.4155
    2.4062
    2.4047
    2.4221
    2.4238
    2.4173
    2.4267
    2.4328
    2.4385
    2.4461
    2.4515
    2.4830
    2.4925
    2.4934
    2.5165
    2.5294
    2.5475
    2.5679
    2.5791
    2.5878
    2.6012
    2.6173
    2.6182
    2.6397
    2.6453
    2.6667
    2.6754
    2.6760
    2.6700
    2.6871
    2.6980
    2.7051
    2.7090
    2.7058
    2.7100
    2.7272
    2.7336
    2.7345
    2.7494
    2.7428
    2.7474
    2.7469
    2.7486
    2.7530
    2.7585
    2.7630
    2.7686
    2.7654
    2.7688
    2.7873
    2.7881
    2.7914
    2.7942
    2.8069
    2.8236
    2.8198
    2.8155
    2.8140
    2.8202
    2.8207
    2.8470
    2.8476
    2.8565
    2.8798
    2.8878
    2.8947
    2.9086
    2.9103
    2.9102
    2.9189
    2.9306
    2.9295
    2.9183
    2.9233
    2.9357
    2.9391
    2.9513
    2.9510
    2.9482
    2.9604
    2.9632
    2.9747
    2.9737
    2.9715
    2.9709
    2.9826
    2.9824
    2.9776
    2.9787
    2.9866
    2.9887
    3.0098
    3.0425
    3.0553
    3.0662
    3.0764
    3.0759
    3.1256
    3.1260
    3.1771
    3.1666
    3.1883
    3.2343
    3.2494
    3.2563
    3.2550
    3.2616
    3.2597
    3.2753
    3.2786
    3.3195
    3.3193
    3.3511
    3.3537
    3.3533
    3.3366
    3.3342
    3.3587
    3.3659
    3.3815
    3.3608
    3.3804
    3.4133
    3.4133
    3.4480
    3.4454
    3.4155
    3.4066
    3.4169
    3.4964
    3.5060
    3.4587
    3.4587
    3.4863
    3.4861
    3.5095
    3.5457
    3.5247
    3.5235
    3.5732
    3.6076
    3.6076
    3.5799
    3.5953
    3.5785
    3.6052
    3.5966
    3.6250
    3.6396
    3.6404
    3.6429
    3.6429
    3.6563
    3.6665
    3.6528
    3.6650
    3.6398
    3.6538
    3.5875
    3.5922
    3.5922
    3.6158
    3.5424
    3.6614
    3.6931
    3.6741
    3.7326
    3.6507
    3.5340
    3.5340
    3.5335
    3.5220
    3.4520
    3.4025
    3.4099
    3.2896
    3.2213
    3.2057
    3.2057
    3.1942
    3.1698
    3.1642
    3.1349
    3.0581
    2.9777
    2.9243
    2.8612
    2.8612
    2.8099
    2.7956
    2.8362
    2.8518
    2.8345
    2.8876
    2.9098
    2.9719
    2.9719
    2.9911
    2.9334
    2.9576
    2.9230
    2.8561
    2.8917
    2.8629
    2.7708
    2.8190
    2.8190
    2.8272
    2.8719
    3.0065
    3.0333
    3.0293
    3.0804
    3.1742
    3.1827
    3.1827
    3.3715
    3.4619
    3.5175
    3.5795
    3.4632
    3.4176
    3.4356
    3.4725
    3.4725
    3.5464
    3.6475
    3.6481
    3.7775
    3.7914
    3.6839
