   10.8621
   12.1846
   12.1093
    3.0364
   24.2989
    2.6655
    2.0475
    2.5714
    1.9737
    2.0644
    1.8239
    1.5005
    1.6133
    2.1436
    2.2106
    2.1737
    2.4847
    2.4809
    2.3943
    2.0667
    1.8226
    1.5501
    1.5816
    1.4700
    1.6566
    1.7298
    1.6913
    1.4073
    1.4201
    1.5624
    1.1477
    0.8853
    1.0776
    1.0545
    1.1280
    1.1031
    1.0555
    1.1131
    1.2590
    1.4344
    1.5348
    1.2678
    1.1259
    1.1498
    1.2826
    1.2557
    1.3152
    1.3082
    1.2593
    1.2305
    1.2304
    1.2777
    1.4633
    1.6710
    1.7037
    1.7226
    1.6662
    1.6133
    1.5615
    1.5328
    1.5460
    1.5228
    1.6237
    1.6895
    1.6673
    1.4472
    1.4211
    1.4602
    1.4322
    1.3241
    1.2719
    1.1749
    1.1086
    1.0335
    1.0204
    0.9920
    0.9933
    1.0288
    1.0053
    1.0005
    0.9976
    1.0675
    1.0734
    1.0520
    1.0247
    0.9609
    0.9027
    0.9867
    0.9672
    1.0386
    1.1089
    1.1354
    1.2150
    1.3429
    1.4586
    1.5154
    1.6434
    1.5979
    1.5451
    1.5450
    1.5729
    1.5931
    1.6664
    1.6731
    1.6955
    1.8310
    1.8622
    1.9337
    2.0501
    2.0268
    1.9197
    1.9582
    1.9959
    2.0652
    2.0733
    1.9700
    1.9660
    1.9161
    1.9978
    2.0414
    2.0946
    1.9902
    2.0864
    2.1591
    2.2964
    2.2645
    2.2629
    2.3106
    2.3949
    2.3970
    2.3622
    2.3000
    2.2540
    2.1919
    2.1856
    2.1405
    2.1222
    2.1611
    2.1871
    2.2294
    2.3285
    2.3706
    2.4421
    2.4604
    2.4739
    2.5536
    2.4618
    2.5077
    2.5042
    2.4034
    2.3523
    2.3568
    2.3460
    2.3370
    2.3418
    2.4281
    2.4529
    2.5029
    2.5606
    2.6187
    2.6851
    2.6731
    2.6810
    2.6408
    2.6486
    2.7201
    2.8244
    2.8159
    2.9637
    2.8684
    3.0284
    3.1239
    3.1078
    3.1094
    3.1457
    3.1459
    3.2027
    3.1500
    3.1108
    3.0327
    2.9228
    2.9937
    3.0112
    2.9583
    3.0537
    3.0345
    2.9155
    2.9900
    3.0440
    2.8819
    2.8943
    2.9617
    3.0767
    3.1730
    3.2366
    3.0592
    2.8650
    2.8092
    2.8687
    2.7971
    2.8090
    2.7218
    2.6225
    2.6966
    2.6387
    2.7440
    2.7725
    2.7655
    2.7834
    2.8415
    2.8381
    2.8626
    2.8240
    2.8038
    2.8231
    2.8655
    2.7842
    2.8013
    2.8438
    2.7881
    2.8766
    2.8452
    2.8589
    2.8816
    2.8549
    2.7952
    2.8477
    2.8484
    2.8406
    2.8135
    2.8520
    2.8714
    2.8736
    2.8505
    2.9056
    2.8623
    2.7736
    2.7707
    2.7112
    2.7932
    2.8120
    2.6992
    2.6926
    2.6417
    2.6120
    2.5933
    2.6744
    2.6909
    2.7860
    2.7962
    2.7561
    2.7701
    2.7610
    2.7964
    2.8478
    2.7813
    2.7636
    2.7809
    2.7217
    2.6758
    2.6596
    2.6131
    2.5185
    2.4719
    2.5041
    2.4891
    2.4924
    2.5542
    2.5570
    2.5081
    2.4382
    2.3926
    2.4228
    2.3938
    2.4088
    2.3883
    2.4028
    2.3645
    2.3445
    2.3624
    2.3129
    2.2389
    2.2627
    2.2685
    2.2278
    2.1811
    2.1978
    2.1896
    2.1636
    2.1537
    2.1148
    2.1107
    2.0856
    2.1457
    2.1352
    2.2048
    2.2160
    2.2517
    2.2778
    2.2507
    2.2816
    2.2554
    2.2132
    2.2156
    2.2506
    2.1871
    2.1495
    2.1314
    2.1486
    2.2028
    2.1683
    2.1428
    2.1205
    2.0645
    2.0481
    2.0068
    1.9806
    1.9444
    1.9022
    1.9009
    1.9166
    1.9080
    1.9125
    1.9129
    1.9060
    1.9119
    1.8782
    1.8703
    1.8491
    1.8638
    1.9018
    1.9581
    1.9427
    1.9523
    2.0535
    2.0720
    2.0249
    2.0217
    2.1055
    2.1429
    2.1708
    2.1977
    2.1875
    2.2280
    2.2309
    2.2340
    2.2352
    2.2455
    2.2423
    2.2396
    2.2348
    2.2686
    2.2692
    2.2733
    2.2940
    2.2896
    2.3129
    2.3015
    2.3299
    2.3355
    2.3601
    2.3550
    2.3842
    2.3932
    2.3930
    2.4027
    2.3852
    2.3874
    2.3983
    2.3677
    2.3608
    2.3660
    2.3248
    2.3121
    2.2844
    2.2975
    2.2783
    2.2873
    2.2877
    2.2810
    2.2900
    2.3035
    2.3024
    2.2960
    2.2809
    2.2886
    2.3356
    2.3388
    2.3386
    2.3031
    2.3059
    2.3050
    2.2942
    2.2909
    2.2883
    2.2985
    2.3199
    2.3188
    2.3655
    2.3985
    2.3996
    2.4121
    2.4245
    2.4240
    2.4244
    2.4107
    2.4078
    2.4111
    2.4151
    2.4330
    2.4377
    2.4438
    2.4321
    2.4347
    2.4527
    2.4357
    2.4079
    2.3988
    2.4086
    2.3938
    2.3681
    2.3624
    2.3414
    2.3211
    2.3440
    2.3556
    2.3356
    2.3228
    2.3400
    2.3324
    2.3409
    2.3578
    2.3882
    2.3852
    2.4089
    2.4150
    2.4080
    2.3959
    2.3819
    2.3791
    2.3786
    2.3953
    2.4005
    2.3841
    2.3836
    2.4074
    2.4303
    2.4623
    2.4488
    2.4676
    2.4640
    2.4636
    2.4587
    2.4471
    2.4286
    2.4016
    2.3893
    2.3633
    2.3644
    2.3502
    2.3353
    2.3532
    2.3547
    2.3591
    2.3483
    2.4200
    2.4249
    2.4159
    2.4323
    2.4407
    2.4786
    2.4956
    2.4694
    2.4747
    2.5070
    2.5200
    2.5305
    2.5004
    2.5173
    2.5275
    2.5403
    2.5276
    2.5680
    2.5578
    2.5832
    2.5622
    2.5691
    2.5198
    2.5182
    2.5592
    2.5985
    2.5836
    2.5899
    2.5806
    2.5654
    2.5786
    2.5941
    2.5721
    2.5416
    2.5344
    2.5584
    2.5113
    2.4963
    2.4912
    2.4712
    2.4714
    2.4707
    2.4560
    2.4753
    2.4767
    2.4966
    2.4915
    2.4962
    2.4571
    2.4824
    2.4722
    2.4630
    2.4655
    2.4862
    2.4933
    2.4970
    2.5166
    2.5247
    2.5413
    2.5477
    2.5655
    2.5746
    2.5653
    2.5627
    2.5729
    2.5474
    2.5436
    2.5228
    2.5199
    2.5381
    2.5023
    2.4974
    2.4806
    2.4651
    2.4667
    2.4727
    2.4592
    2.4435
    2.4167
    2.4000
    2.3917
    2.3488
    2.3813
    2.3429
    2.3257
    2.3440
    2.3502
    2.3568
    2.3584
    2.3821
    2.3768
    2.3531
    2.3556
    2.3696
    2.3696
    2.3598
    2.3426
    2.3474
    2.3442
    2.3556
    2.3675
    2.3711
    2.4006
    2.3959
    2.3949
    2.3829
    2.3898
    2.3793
    2.4126
    2.4353
    2.4429
    2.4354
    2.4449
    2.4557
    2.4882
    2.5101
    2.5155
    2.5273
    2.5315
    2.5283
    2.5103
    2.4983
    2.5131
    2.5316
    2.5226
    2.5494
    2.5337
    2.4988
    2.5001
    2.4738
    2.4740
    2.4923
    2.4732
    2.4501
    2.4338
    2.4327
    2.4558
    2.4541
    2.4528
    2.4387
    2.4218
    2.4259
    2.4028
    2.3723
    2.3876
    2.3758
    2.3530
    2.3241
    2.3225
    2.3115
    2.3100
    2.2733
    2.2439
    2.2274
    2.2207
    2.2301
    2.2391
    2.2662
    2.2793
    2.2863
    2.2767
    2.2681
    2.2628
    2.2653
    2.2615
    2.2549
    2.2340
    2.2274
    2.2169
    2.2148
    2.2268
    2.2088
    2.2150
    2.2205
    2.2069
    2.1976
    2.1965
    2.1827
    2.1701
    2.1315
    2.1310
    2.1355
    2.1214
    2.0986
    2.0742
    2.0702
    2.0610
    2.0556
    2.0795
    2.0865
    2.0787
    2.0475
    2.0304
    2.0236
    2.0402
    2.0349
    2.0175
    1.9942
    1.9916
    1.9680
    1.9598
    1.9619
    1.9562
    1.9351
    1.9496
    1.9274
    1.9156
    1.9174
    1.9171
    1.9136
    1.9094
    1.9321
    1.8879
    1.8756
    1.8579
    1.8584
    1.8244
    1.7815
    1.7509
    1.7517
    1.7581
    1.7594
    1.7499
    1.7555
    1.7397
    1.7403
    1.7362
    1.7250
    1.7105
    1.6762
    1.6745
    1.6560
    1.6505
    1.6467
    1.6555
    1.6451
    1.6482
    1.6435
    1.6396
    1.6335
    1.6393
    1.6313
    1.6305
    1.6210
    1.6223
    1.6218
    1.6095
    1.6047
    1.5885
    1.5883
    1.5843
    1.5910
    1.5843
    1.5846
    1.5784
    1.5740
    1.5793
    1.5815
    1.5733
    1.5713
    1.5735
    1.5706
    1.5665
    1.5602
    1.5605
    1.5512
    1.5552
    1.5555
    1.5468
    1.5330
    1.5204
    1.5124
    1.5085
    1.5043
    1.5105
    1.5108
    1.4953
    1.4909
    1.4957
    1.4814
    1.4810
    1.4846
    1.4807
    1.4834
    1.4865
    1.4734
    1.4764
    1.4776
    1.4779
    1.4793
    1.4856
    1.4857
    1.4850
    1.4833
    1.4791
    1.4768
    1.4733
    1.4775
    1.4857
    1.4838
    1.4829
    1.4904
    1.4891
    1.4923
    1.4989
    1.5042
    1.5051
    1.5073
    1.5121
    1.5076
    1.5081
    1.5158
    1.5122
    1.5059
    1.5113
    1.5114
    1.5086
    1.5050
    1.5087
    1.4974
    1.4910
    1.4880
    1.4878
    1.4943
    1.4976
    1.4966
    1.5015
    1.4971
    1.4938
    1.4884
    1.4923
    1.4913
    1.4942
    1.4903
    1.4900
    1.4850
    1.4864
    1.4901
    1.4868
    1.4831
    1.4842
    1.4863
    1.4861
    1.4867
    1.4896
    1.4885
    1.4982
    1.4953
    1.4969
    1.4926
    1.4933
    1.4958
    1.5022
    1.5098
    1.5114
    1.5127
    1.5120
    1.4966
    1.4941
    1.4960
    1.4926
    1.4936
    1.4988
    1.5039
    1.5058
    1.4960
    1.4955
    1.4972
    1.5005
    1.5006
    1.5070
    1.5062
    1.5164
    1.5199
    1.5155
    1.5168
    1.5215
    1.5091
    1.5092
    1.5101
    1.5204
    1.5275
    1.5255
    1.5209
    1.5245
    1.5232
    1.5071
    1.5076
    1.5186
    1.5286
    1.5345
    1.5406
    1.5338
    1.5526
    1.5747
    1.5983
    1.5983
    1.5961
    1.5945
    1.5862
    1.5836
    1.5937
    1.5913
    1.6036
    1.5951
    1.5955
    1.6040
    1.6213
    1.6324
    1.6639
    1.6768
    1.6786
    1.7071
    1.7127
    1.7132
    1.7129
    1.7010
    1.7134
    1.7124
    1.7058
    1.7121
    1.7106
    1.7206
    1.7125
    1.7127
    1.7340
    1.7397
    1.7507
    1.7502
    1.7422
    1.7419
    1.7610
    1.7674
    1.7678
    1.7939
    1.7950
    1.7960
    1.7833
    1.7975
    1.8079
    1.8091
    1.8208
    1.8213
    1.8261
    1.8147
    1.8005
    1.8059
    1.8171
    1.8116
    1.8079
    1.8225
    1.8225
    1.8282
    1.8335
    1.8267
    1.8456
    1.8221
    1.8203
    1.8550
    1.8621
    1.8621
    1.8901
    1.9536
    2.0128
    2.0376
    2.0644
    2.0313
    2.0225
    2.0809
    2.0809
    2.1207
    2.1284
    2.1126
    2.1303
    2.1321
    2.1291
    2.1442
    2.1362
    2.1194
    2.1194
    2.1676
    2.1792
    2.1737
    2.1851
    2.2145
    2.2400
    2.2082
    2.2223
    2.2223
    2.2193
    2.2453
    2.3056
    2.3237
    2.3704
    2.4353
    2.3999
    2.3481
    2.3481
    2.3497
    2.4066
    2.3809
    2.3449
    2.3648
    2.3398
    2.2894
    2.2540
    2.2540
    2.3057
    2.2865
    2.2321
    2.3201
    2.3898
    2.3446
    2.3223
    2.4651
    2.4651
    2.5517
    2.5058
    2.5570
    2.5715
    2.6082
    2.5913
    2.5428
    2.5616
    2.5616
    2.4752
    2.5166
    2.5420
    2.4656
    2.4226
    2.4832
    2.5164
    2.5771
    2.6119
    2.6119
    2.6889
    2.8634
    2.8813
    3.0050
    2.9610
    3.1597
    3.1882
    3.3224
    3.3224
    3.3397
    3.2399
    3.3503
    3.3783
    3.3679
    3.6052
    3.5333
    3.5391
    3.5391
    3.5118
    3.5185
    3.5021
    3.5866
    3.8322
    3.7347
