    4.3119
    4.5404
    3.9209
   13.1572
    2.9599
    5.4232
    3.9323
   12.7897
    3.5586
    3.5868
    3.1575
    3.4745
    3.2193
    2.9903
    2.6505
    2.5730
    2.5110
    2.6392
    2.3110
    2.4943
    2.2833
    1.9999
    1.9570
    2.3327
    2.1147
    2.2162
    2.5935
    2.6324
    2.8469
    3.0794
    3.2870
    3.4350
    4.0265
    4.0560
    4.6300
    4.7418
    4.8116
    4.8833
    5.6412
    5.6887
    6.0520
    6.2305
    6.3314
    6.2782
    6.3289
    6.5301
    6.7591
    6.5467
    5.8504
    6.2080
    6.2628
    5.6063
    5.5889
    4.7537
    4.6093
    4.4399
    4.2147
    4.0727
    4.1065
    4.0023
    3.5450
    3.5604
    3.2762
    2.8298
    2.8205
    2.4856
    2.1178
    2.2453
    2.3580
    2.0284
    1.9464
    1.8924
    1.8286
    1.6659
    1.5938
    1.6208
    1.6085
    1.4500
    1.3344
    1.4068
    1.3798
    1.3994
    1.3021
    1.2345
    1.1956
    1.1772
    1.1255
    1.1818
    1.1692
    1.1141
    1.1496
    1.1587
    1.1559
    1.1805
    1.1063
    1.1446
    1.1574
    1.1856
    1.1946
    1.1253
    1.1427
    1.1838
    1.1515
    1.1732
    1.2211
    1.3080
    1.3038
    1.2544
    1.3186
    1.3548
    1.3125
    1.3556
    1.3896
    1.4307
    1.3619
    1.3603
    1.3478
    1.3367
    1.4075
    1.4042
    1.3874
    1.3979
    1.2906
    1.3552
    1.4270
    1.4936
    1.4194
    1.4016
    1.4498
    1.4989
    1.4917
    1.4950
    1.4522
    1.4747
    1.4932
    1.4955
    1.4810
    1.4784
    1.5068
    1.4371
    1.4567
    1.4461
    1.4004
    1.4350
    1.4664
    1.4986
    1.4968
    1.5006
    1.5431
    1.5217
    1.5346
    1.4994
    1.4266
    1.5039
    1.4871
    1.4286
    1.4577
    1.4211
    1.3697
    1.3835
    1.3867
    1.3581
    1.3049
    1.3186
    1.3233
    1.3205
    1.3154
    1.3212
    1.3330
    1.3204
    1.2852
    1.2848
    1.2329
    1.2156
    1.2602
    1.2564
    1.2324
    1.1993
    1.1662
    1.1985
    1.1839
    1.1246
    1.0676
    1.0337
    1.0395
    1.0170
    1.0130
    1.0005
    1.0177
    0.9861
    0.9587
    0.9821
    0.9761
    0.9631
    0.9716
    0.9147
    0.8964
    0.8646
    0.8734
    0.9086
    0.9075
    0.9302
    0.9355
    0.9490
    0.9564
    0.9378
    0.9489
    0.9559
    0.9279
    0.9301
    0.9151
    0.9136
    0.9054
    0.9285
    0.9224
    0.9407
    0.9416
    0.9607
    0.9508
    0.9678
    0.9683
    0.9653
    0.9593
    0.9582
    0.9359
    0.9052
    0.8898
    0.9275
    0.9445
    0.9368
    0.9518
    0.9677
    0.9628
    0.9167
    0.9136
    0.9277
    0.8901
    0.8575
    0.8791
    0.8833
    0.8749
    0.8673
    0.8826
    0.8822
    0.8543
    0.8327
    0.8453
    0.8518
    0.8557
    0.8643
    0.8638
    0.8701
    0.8791
    0.8737
    0.8672
    0.8759
    0.8523
    0.8589
    0.8527
    0.8578
    0.8647
    0.8814
    0.8862
    0.9018
    0.9046
    0.9077
    0.9305
    0.9583
    0.9557
    0.9599
    0.9665
    0.9653
    0.9659
    0.9644
    0.9554
    0.9541
    0.9585
    0.9717
    0.9709
    0.9598
    0.9493
    0.9534
    0.9710
    0.9869
    0.9966
    1.0072
    1.0008
    1.0173
    1.0261
    1.0360
    1.0406
    1.0320
    1.0375
    1.0440
    1.0647
    1.0710
    1.0703
    1.0871
    1.0898
    1.1059
    1.0963
    1.0943
    1.0824
    1.1028
    1.1181
    1.1201
    1.1248
    1.1353
    1.1469
    1.1649
    1.1679
    1.1855
    1.2033
    1.2005
    1.2140
    1.2046
    1.1960
    1.1945
    1.1996
    1.2193
    1.2114
    1.2286
    1.2374
    1.2700
    1.2813
    1.2861
    1.3191
    1.3205
    1.3285
    1.3320
    1.3390
    1.3544
    1.3581
    1.3619
    1.3921
    1.3891
    1.3868
    1.4009
    1.4195
    1.4277
    1.4401
    1.4530
    1.4802
    1.5063
    1.5354
    1.5853
    1.5972
    1.5966
    1.5793
    1.5891
    1.5909
    1.6509
    1.6761
    1.6980
    1.6801
    1.6580
    1.6455
    1.6548
    1.6923
    1.7507
    1.7518
    1.7976
    1.8167
    1.8278
    1.8340
    1.8628
    1.8694
    1.8779
    1.8799
    1.8630
    1.8721
    1.8784
    1.8802
    1.8879
    1.8839
    1.8897
    1.8896
    1.8794
    1.8842
    1.8926
    1.8912
    1.8946
    1.8617
    1.8513
    1.8640
    1.8956
    1.9042
    1.9019
    1.9135
    1.9224
    1.9316
    1.9611
    1.9493
    1.9394
    1.9454
    1.9525
    1.9273
    1.9342
    1.9655
    1.9863
    1.9927
    1.9976
    2.0011
    1.9950
    2.0067
    2.0137
    2.0277
    2.0278
    2.0304
    2.0481
    2.0678
    2.0500
    2.0559
    2.0563
    2.0699
    2.0730
    2.0976
    2.1162
    2.1264
    2.1598
    2.1750
    2.2000
    2.1993
    2.1936
    2.1875
    2.1892
    2.1956
    2.1768
    2.1635
    2.1612
    2.1696
    2.1633
    2.1070
    2.0883
    2.0740
    2.0468
    2.0430
    2.0549
    2.0690
    2.0766
    2.0696
    2.0562
    2.0294
    2.0045
    2.0011
    1.9950
    2.0093
    2.0319
    2.0545
    2.0568
    2.0454
    2.0080
    1.9856
    1.9857
    1.9713
    1.9548
    1.9482
    1.9511
    1.9509
    1.9524
    1.9446
    1.9328
    1.9365
    1.9342
    1.9357
    1.9708
    1.9904
    1.9822
    1.9737
    1.9762
    1.9712
    1.9767
    1.9812
    1.9587
    1.9934
    2.0132
    2.0032
    2.0163
    1.9995
    2.0205
    2.0435
    2.0471
    2.0522
    2.0522
    2.0395
    2.0534
    2.0229
    2.0215
    2.0184
    2.0351
    2.0256
    1.9993
    1.9788
    1.9622
    1.9684
    1.9637
    1.9545
    1.9429
    1.9273
    1.9289
    1.9172
    1.9055
    1.8850
    1.8837
    1.8736
    1.8669
    1.8251
    1.8123
    1.8034
    1.8042
    1.8131
    1.8037
    1.8110
    1.8070
    1.8015
    1.8022
    1.7932
    1.7481
    1.7388
    1.7253
    1.7214
    1.6882
    1.6759
    1.6667
    1.6377
    1.6342
    1.6078
    1.6016
    1.5879
    1.5873
    1.5587
    1.5657
    1.5530
    1.5569
    1.5632
    1.5637
    1.5660
    1.5435
    1.5413
    1.5278
    1.5241
    1.5172
    1.5171
    1.5096
    1.4969
    1.5075
    1.5032
    1.4797
    1.4681
    1.4622
    1.4547
    1.4464
    1.4583
    1.4606
    1.4537
    1.4643
    1.4759
    1.4687
    1.4707
    1.4863
    1.4890
    1.4887
    1.4858
    1.4972
    1.4899
    1.4808
    1.4743
    1.4865
    1.4901
    1.4879
    1.4890
    1.4911
    1.4982
    1.4968
    1.4917
    1.4825
    1.4838
    1.4773
    1.4744
    1.4667
    1.4616
    1.4555
    1.4553
    1.4616
    1.4705
    1.4667
    1.4608
    1.4460
    1.4223
    1.4187
    1.4298
    1.4307
    1.4350
    1.4303
    1.4334
    1.4316
    1.4392
    1.4260
    1.4141
    1.4104
    1.4055
    1.3948
    1.3922
    1.3897
    1.4077
    1.4050
    1.4144
    1.4124
    1.4115
    1.3948
    1.3859
    1.3760
    1.3666
    1.3620
    1.3489
    1.3388
    1.3184
    1.3048
    1.3085
    1.3024
    1.2764
    1.2555
    1.2363
    1.2287
    1.2327
    1.2354
    1.2332
    1.2289
    1.2230
    1.2186
    1.2095
    1.1923
    1.1791
    1.1710
    1.1568
    1.1453
    1.1228
    1.1225
    1.1249
    1.1194
    1.1216
    1.1169
    1.1112
    1.0996
    1.0894
    1.0634
    1.0595
    1.0486
    1.0478
    1.0386
    1.0335
    1.0227
    1.0224
    1.0015
    0.9906
    0.9817
    0.9769
    0.9738
    0.9680
    0.9695
    0.9679
    0.9620
    0.9506
    0.9474
    0.9406
    0.9327
    0.9291
    0.9298
    0.9307
    0.9220
    0.9147
    0.9114
    0.9113
    0.9044
    0.8991
    0.8916
    0.8875
    0.8776
    0.8773
    0.8782
    0.8784
    0.8713
    0.8735
    0.8725
    0.8691
    0.8709
    0.8730
    0.8704
    0.8703
    0.8690
    0.8713
    0.8775
    0.8828
    0.8870
    0.8879
    0.8835
    0.8814
    0.8777
    0.8783
    0.8784
    0.8754
    0.8701
    0.8735
    0.8757
    0.8695
    0.8742
    0.8696
    0.8654
    0.8659
    0.8631
    0.8544
    0.8494
    0.8503
    0.8473
    0.8476
    0.8412
    0.8351
    0.8336
    0.8352
    0.8386
    0.8340
    0.8330
    0.8316
    0.8339
    0.8304
    0.8286
    0.8380
    0.8398
    0.8388
    0.8372
    0.8352
    0.8384
    0.8424
    0.8399
    0.8468
    0.8438
    0.8427
    0.8480
    0.8482
    0.8455
    0.8446
    0.8466
    0.8495
    0.8541
    0.8507
    0.8480
    0.8482
    0.8486
    0.8443
    0.8414
    0.8369
    0.8369
    0.8329
    0.8345
    0.8311
    0.8251
    0.8228
    0.8219
    0.8198
    0.8221
    0.8235
    0.8157
    0.8106
    0.8075
    0.8139
    0.8168
    0.8232
    0.8376
    0.8425
    0.8430
    0.8431
    0.8448
    0.8461
    0.8486
    0.8535
    0.8561
    0.8592
    0.8641
    0.8649
    0.8671
    0.8685
    0.8702
    0.8769
    0.8823
    0.8859
    0.8867
    0.8828
    0.8808
    0.8813
    0.8824
    0.8847
    0.8799
    0.8873
    0.8908
    0.8992
    0.9071
    0.9138
    0.9144
    0.9176
    0.9218
    0.9304
    0.9369
    0.9422
    0.9454
    0.9463
    0.9474
    0.9462
    0.9445
    0.9456
    0.9475
    0.9476
    0.9504
    0.9600
    0.9666
    0.9690
    0.9700
    0.9717
    0.9700
    0.9745
    0.9788
    0.9861
    0.9920
    1.0035
    1.0115
    1.0138
    1.0223
    1.0281
    1.0385
    1.0443
    1.0459
    1.0449
    1.0459
    1.0501
    1.0572
    1.0573
    1.0669
    1.0733
    1.0779
    1.0848
    1.0849
    1.0872
    1.0841
    1.0896
    1.0898
    1.0973
    1.1015
    1.1042
    1.1032
    1.1071
    1.1086
    1.1148
    1.1251
    1.1254
    1.1285
    1.1373
    1.1395
    1.1395
    1.1445
    1.1542
    1.1519
    1.1468
    1.1469
    1.1505
    1.1497
    1.1571
    1.1568
    1.1625
    1.1679
    1.1731
    1.1741
    1.1742
    1.1670
    1.1609
    1.1560
    1.1584
    1.1548
    1.1532
    1.1577
    1.1552
    1.1551
    1.1577
    1.1528
    1.1515
    1.1554
    1.1573
    1.1560
    1.1526
    1.1491
    1.1428
    1.1428
    1.1466
    1.1577
    1.1579
    1.1606
    1.1647
    1.1680
    1.1775
    1.1831
    1.1833
    1.1895
    1.1927
    1.1980
    1.2062
    1.2094
    1.2064
    1.2049
    1.1979
    1.1978
    1.1985
    1.1986
    1.1966
    1.1894
    1.2024
    1.2042
    1.1946
    1.1854
    1.1854
    1.1878
    1.1923
    1.1977
    1.2072
    1.2075
    1.2061
    1.2202
    1.2259
    1.2259
    1.2174
    1.2188
    1.2076
    1.1859
    1.1918
    1.1974
    1.2113
    1.2278
    1.2278
    1.2260
    1.2310
    1.2176
    1.2135
    1.2173
    1.2181
    1.2195
    1.2202
    1.2385
    1.2385
    1.2613
    1.2708
    1.2893
    1.3087
    1.3200
    1.3428
    1.3796
    1.4177
    1.4177
    1.4448
    1.4732
    1.4686
    1.4491
    1.4520
    1.4717
    1.4833
    1.4966
    1.4966
    1.4438
    1.4207
    1.3673
    1.3312
    1.3043
    1.2947
    1.3029
    1.3017
    1.3017
    1.3063
    1.3191
    1.3192
    1.3168
    1.3322
    1.3342
    1.3262
    1.3068
    1.3068
    1.2695
    1.2643
    1.2907
    1.3173
    1.3382
    1.3608
    1.3845
    1.4310
    1.4310
    1.4770
    1.5142
    1.5507
    1.5627
    1.5396
    1.5468
    1.5769
    1.5311
    1.5199
    1.5199
    1.5266
    1.4885
    1.4715
    1.4853
    1.4974
    1.5395
    1.5495
    1.5606
    1.5606
    1.5678
    1.5941
    1.6570
    1.6285
    1.5889
    1.5929
    1.6839
    1.7696
    1.7696
    1.9172
    1.9411
    1.9494
    1.9469
    2.0120
    1.9604
