    0.0857
    1.3054
    1.3940
    1.2668
    6.3884
    1.7701
    2.1450
    1.5122
    0.9397
    0.9695
    1.2564
    1.3669
    1.9174
    1.7305
    1.7583
    2.0721
    1.6413
    2.0905
    2.1071
    1.6563
    1.8700
    2.2653
    1.7693
    1.1941
    1.0756
    0.8535
    0.7490
    0.8771
    0.9488
    1.1507
    1.1875
    1.1615
    1.3296
    1.2832
    1.4813
    1.6791
    1.5653
    1.6168
    1.7380
    1.6266
    1.6355
    1.6239
    1.6554
    1.4219
    1.2442
    1.3308
    1.4564
    1.3855
    1.3512
    1.4354
    1.3432
    1.4153
    1.3801
    1.4359
    1.4937
    1.5828
    1.6733
    1.5428
    1.5278
    1.5648
    1.7880
    2.0500
    2.1251
    2.2784
    2.2808
    2.1870
    2.0672
    1.8099
    1.8936
    2.0418
    2.0226
    2.0907
    1.9407
    1.7524
    1.7498
    1.7589
    1.5824
    1.4884
    1.3840
    1.4121
    1.3689
    1.4373
    1.4883
    1.5731
    1.5358
    1.5368
    1.5927
    1.5569
    1.5433
    1.5265
    1.6160
    1.6316
    1.6044
    1.6992
    1.6131
    1.5980
    1.5356
    1.5415
    1.5680
    1.5114
    1.4998
    1.5551
    1.5403
    1.4885
    1.5097
    1.4673
    1.5416
    1.5323
    1.4641
    1.4274
    1.3814
    1.4119
    1.3968
    1.3741
    1.3362
    1.3049
    1.3647
    1.3518
    1.3847
    1.3906
    1.4628
    1.5123
    1.5021
    1.4927
    1.5028
    1.4605
    1.4309
    1.3847
    1.4172
    1.4287
    1.4254
    1.4485
    1.4405
    1.4189
    1.3736
    1.4262
    1.4404
    1.4322
    1.5411
    1.5708
    1.5338
    1.4782
    1.4667
    1.4792
    1.4844
    1.5031
    1.4770
    1.4400
    1.4177
    1.4777
    1.4664
    1.4101
    1.4411
    1.4354
    1.4096
    1.4393
    1.4499
    1.4786
    1.5427
    1.5634
    1.6320
    1.6183
    1.5787
    1.5231
    1.5417
    1.5820
    1.5466
    1.5487
    1.5818
    1.6270
    1.5995
    1.6009
    1.6189
    1.5615
    1.5532
    1.5549
    1.5223
    1.5085
    1.5373
    1.5033
    1.4336
    1.4490
    1.4010
    1.3758
    1.3377
    1.3100
    1.3616
    1.3488
    1.3393
    1.3586
    1.3615
    1.3339
    1.3397
    1.3646
    1.3801
    1.4069
    1.3763
    1.3742
    1.3810
    1.3990
    1.3724
    1.3770
    1.3604
    1.3446
    1.3511
    1.3579
    1.3479
    1.3553
    1.3656
    1.3829
    1.3565
    1.3561
    1.3133
    1.2827
    1.2747
    1.2441
    1.2552
    1.2560
    1.2937
    1.2888
    1.2824
    1.2762
    1.2807
    1.2718
    1.2996
    1.2716
    1.2832
    1.2783
    1.2651
    1.2904
    1.2936
    1.2990
    1.2863
    1.3107
    1.2992
    1.2793
    1.2769
    1.2846
    1.3070
    1.3060
    1.3195
    1.3285
    1.2945
    1.2740
    1.2336
    1.2458
    1.2109
    1.2196
    1.2410
    1.2429
    1.2497
    1.2249
    1.2404
    1.2374
    1.2395
    1.2503
    1.2485
    1.2499
    1.2456
    1.2090
    1.2501
    1.2656
    1.3040
    1.2991
    1.3414
    1.3825
    1.4179
    1.4027
    1.3963
    1.4076
    1.4233
    1.4479
    1.4345
    1.4351
    1.4537
    1.4451
    1.4121
    1.3935
    1.4123
    1.4177
    1.4401
    1.4424
    1.4394
    1.4797
    1.5074
    1.5284
    1.5695
    1.5759
    1.5835
    1.5582
    1.5610
    1.5542
    1.5753
    1.5802
    1.5712
    1.5611
    1.6006
    1.5956
    1.6323
    1.6153
    1.6354
    1.6436
    1.6253
    1.6404
    1.6471
    1.6724
    1.6695
    1.6603
    1.6829
    1.6916
    1.7593
    1.7794
    1.7642
    1.7693
    1.7733
    1.7930
    1.7761
    1.7948
    1.7730
    1.7876
    1.8022
    1.8098
    1.8141
    1.8312
    1.8407
    1.8471
    1.8992
    1.8763
    1.8632
    1.8399
    1.8189
    1.7865
    1.7709
    1.7608
    1.7510
    1.7320
    1.7712
    1.7892
    1.7833
    1.8168
    1.8501
    1.8355
    1.8368
    1.8507
    1.8608
    1.8665
    1.8562
    1.8867
    1.9099
    1.9199
    1.9052
    1.9344
    1.9461
    1.9593
    1.9664
    1.9730
    1.9621
    1.9605
    1.9347
    1.9668
    1.9964
    2.0067
    2.0248
    2.0414
    2.0707
    2.0872
    2.0750
    2.0988
    2.1250
    2.1398
    2.1451
    2.1802
    2.2236
    2.2105
    2.1913
    2.1518
    2.1248
    2.1377
    2.1328
    2.1456
    2.1572
    2.1563
    2.1518
    2.1349
    2.1210
    2.1551
    2.1531
    2.1881
    2.2019
    2.2155
    2.1989
    2.2518
    2.2385
    2.2652
    2.2562
    2.2595
    2.2452
    2.2079
    2.2530
    2.2783
    2.2390
    2.3040
    2.2969
    2.2942
    2.2795
    2.2818
    2.2914
    2.2384
    2.2185
    2.2216
    2.2130
    2.2025
    2.2176
    2.1987
    2.2466
    2.2338
    2.2611
    2.2908
    2.3286
    2.3230
    2.2911
    2.3003
    2.2747
    2.3005
    2.2644
    2.2473
    2.2485
    2.2018
    2.1768
    2.2002
    2.1838
    2.1878
    2.1911
    2.2077
    2.2212
    2.2231
    2.2479
    2.2388
    2.2269
    2.2344
    2.2466
    2.2462
    2.2408
    2.2211
    2.2279
    2.1947
    2.1956
    2.1814
    2.1843
    2.1684
    2.1823
    2.1976
    2.1397
    2.1131
    2.1160
    2.0907
    2.0918
    2.0638
    2.0646
    2.0451
    2.0524
    2.0738
    2.0823
    2.0823
    2.0884
    2.1041
    2.0857
    2.1014
    2.0800
    2.0647
    2.0601
    2.0773
    2.0862
    2.0913
    2.0956
    2.0913
    2.0998
    2.0894
    2.0858
    2.0761
    2.0652
    2.0627
    2.0502
    2.0478
    2.0338
    2.0578
    2.0463
    2.0471
    2.0682
    2.0203
    2.0096
    1.9996
    1.9808
    1.9659
    1.9636
    1.9396
    1.9480
    1.9350
    1.9299
    1.9293
    1.9390
    1.9241
    1.9173
    1.9126
    1.9090
    1.9090
    1.8959
    1.8826
    1.8806
    1.8862
    1.8899
    1.9090
    1.9206
    1.9153
    1.9197
    1.9236
    1.9110
    1.9097
    1.8953
    1.8792
    1.8871
    1.8707
    1.8819
    1.8732
    1.8699
    1.8760
    1.8747
    1.8668
    1.8551
    1.8665
    1.8585
    1.8642
    1.8587
    1.8397
    1.8368
    1.8465
    1.8647
    1.8735
    1.8820
    1.8859
    1.8910
    1.8864
    1.8911
    1.8966
    1.8855
    1.9156
    1.9040
    1.8915
    1.8819
    1.8905
    1.8675
    1.8672
    1.8737
    1.8532
    1.8384
    1.8435
    1.8541
    1.8457
    1.8451
    1.8432
    1.8426
    1.8600
    1.8683
    1.8648
    1.8689
    1.8661
    1.8656
    1.8730
    1.8624
    1.8464
    1.8624
    1.8645
    1.8546
    1.8556
    1.8368
    1.8289
    1.8137
    1.8113
    1.8190
    1.8037
    1.7979
    1.7831
    1.7769
    1.7710
    1.7492
    1.7393
    1.7332
    1.7291
    1.7478
    1.7406
    1.7252
    1.7067
    1.6994
    1.6993
    1.7059
    1.7090
    1.6830
    1.6784
    1.6645
    1.6737
    1.6631
    1.6533
    1.6339
    1.6392
    1.6480
    1.6511
    1.6623
    1.6545
    1.6490
    1.6408
    1.6386
    1.6255
    1.5940
    1.5802
    1.5888
    1.5782
    1.5937
    1.5998
    1.5848
    1.5989
    1.5651
    1.5710
    1.5758
    1.5607
    1.5627
    1.5548
    1.5650
    1.5492
    1.5264
    1.5216
    1.5070
    1.5075
    1.5048
    1.5056
    1.5049
    1.5168
    1.5031
    1.4944
    1.4636
    1.4690
    1.4753
    1.4587
    1.4322
    1.4066
    1.3900
    1.3873
    1.3796
    1.3722
    1.3653
    1.3611
    1.3547
    1.3618
    1.3476
    1.3603
    1.3558
    1.3503
    1.3404
    1.3381
    1.3410
    1.3418
    1.3424
    1.3353
    1.3267
    1.3172
    1.3129
    1.3159
    1.3182
    1.3058
    1.2886
    1.2738
    1.2719
    1.2728
    1.2729
    1.2698
    1.2681
    1.2563
    1.2449
    1.2214
    1.2237
    1.2244
    1.2138
    1.1975
    1.1962
    1.1839
    1.1616
    1.1606
    1.1499
    1.1452
    1.1407
    1.1363
    1.1358
    1.1277
    1.1284
    1.1340
    1.1385
    1.1316
    1.1334
    1.1349
    1.1390
    1.1349
    1.1260
    1.1109
    1.1145
    1.1190
    1.1270
    1.1287
    1.1213
    1.1203
    1.1125
    1.1059
    1.0968
    1.0870
    1.0945
    1.0911
    1.0955
    1.0921
    1.0899
    1.0899
    1.0921
    1.0967
    1.0855
    1.0877
    1.0884
    1.0964
    1.0984
    1.0988
    1.1168
    1.1143
    1.1138
    1.1206
    1.1254
    1.1281
    1.1313
    1.1362
    1.1409
    1.1425
    1.1542
    1.1594
    1.1607
    1.1654
    1.1568
    1.1522
    1.1491
    1.1422
    1.1467
    1.1620
    1.1644
    1.1551
    1.1527
    1.1513
    1.1573
    1.1589
    1.1643
    1.1690
    1.1732
    1.1685
    1.1658
    1.1687
    1.1751
    1.1732
    1.1702
    1.1706
    1.1652
    1.1695
    1.1647
    1.1606
    1.1562
    1.1633
    1.1651
    1.1653
    1.1610
    1.1680
    1.1694
    1.1734
    1.1691
    1.1691
    1.1688
    1.1760
    1.1825
    1.1860
    1.1824
    1.1853
    1.1920
    1.1995
    1.1978
    1.2015
    1.2038
    1.2064
    1.2075
    1.2039
    1.2069
    1.2114
    1.2150
    1.2208
    1.2227
    1.2255
    1.2277
    1.2305
    1.2283
    1.2288
    1.2239
    1.2251
    1.2313
    1.2381
    1.2490
    1.2462
    1.2506
    1.2477
    1.2562
    1.2644
    1.2759
    1.2769
    1.2759
    1.2807
    1.2883
    1.2881
    1.2961
    1.2956
    1.2985
    1.3032
    1.3000
    1.3123
    1.3067
    1.3054
    1.3074
    1.3118
    1.3136
    1.3202
    1.3185
    1.3117
    1.3123
    1.3176
    1.3224
    1.3205
    1.3209
    1.3213
    1.3257
    1.3255
    1.3253
    1.3228
    1.3345
    1.3477
    1.3556
    1.3560
    1.3633
    1.3602
    1.3623
    1.3650
    1.3663
    1.3660
    1.3700
    1.3772
    1.3778
    1.3921
    1.4041
    1.4036
    1.3991
    1.4113
    1.4274
    1.4243
    1.4396
    1.4397
    1.4638
    1.4683
    1.4684
    1.4666
    1.4763
    1.4821
    1.4901
    1.4851
    1.4853
    1.4984
    1.4922
    1.4942
    1.4883
    1.4925
    1.4966
    1.4969
    1.5040
    1.5042
    1.5000
    1.5093
    1.5217
    1.5469
    1.5418
    1.5455
    1.5446
    1.5333
    1.5353
    1.5356
    1.5480
    1.5431
    1.5527
    1.5737
    1.5891
    1.6083
    1.6328
    1.6248
    1.6257
    1.6389
    1.6407
    1.6447
    1.6636
    1.6805
    1.6881
    1.6910
    1.6864
    1.6867
    1.7135
    1.7059
    1.7074
    1.6951
    1.6990
    1.7103
    1.6977
    1.6843
    1.6843
    1.7000
    1.6894
    1.6869
    1.6864
    1.6899
    1.6944
    1.6814
    1.6732
    1.6732
    1.6662
    1.6577
    1.6296
    1.6144
    1.6257
    1.6118
    1.6513
    1.6464
    1.6464
    1.6720
    1.7002
    1.7182
    1.7294
    1.6782
    1.6764
    1.7187
    1.7135
    1.7172
    1.7172
    1.7072
    1.7156
    1.7254
    1.7102
    1.6924
    1.6951
    1.7024
    1.7262
    1.7262
    1.7288
    1.7187
    1.7547
    1.7484
    1.7835
    1.7894
    1.8155
    1.7810
    1.7810
    1.7762
    1.8464
    1.9358
    1.9011
    1.9381
    1.9536
    1.9776
    2.0263
    2.0263
    2.0365
    2.0123
    2.0472
    2.0692
    2.1066
    2.0876
    2.0486
    1.9799
    1.9799
    1.9616
    1.9404
    1.9408
    1.9972
    2.0220
    1.9600
    1.9059
    1.8889
    1.8889
    1.9336
    1.9770
    1.9454
    1.9666
    1.9957
    2.0462
    2.0845
    2.1314
    2.2190
    2.2190
    2.1771
    2.2857
    2.2543
    2.2361
    2.2003
    2.2239
    2.3184
    2.3213
    2.3213
    2.3514
    2.3929
    2.3493
    2.3127
    2.3715
    2.4297
    2.3283
    2.3061
    2.3061
    2.3056
    2.4498
    2.5729
    2.5978
    2.6045
    2.5658
