    1.1000
    1.2355
    1.5585
    1.0993
    2.8990
    1.7285
    2.0432
    4.3307
    5.5514
    5.6807
    6.2634
    7.1885
    6.0904
    6.6804
    6.2898
    9.1474
    8.8166
    8.8696
    9.1610
    6.9155
    7.4220
    7.2913
    6.6863
    6.2309
    7.4980
    6.3424
    5.2509
    4.7187
    3.2756
    2.4789
    1.8753
    1.6191
    1.4777
    1.1775
    1.2219
    1.2200
    1.2486
    1.0529
    1.1459
    0.9611
    1.0913
    1.2925
    1.6587
    1.4376
    1.4949
    1.4662
    1.4654
    1.5683
    1.6615
    1.9256
    1.6206
    1.3889
    1.4220
    1.2872
    1.3232
    1.4298
    1.4407
    1.4165
    1.4608
    1.5590
    1.4541
    1.5186
    1.5250
    1.6543
    1.7354
    1.9390
    1.8660
    1.9220
    1.8336
    1.8300
    1.9458
    1.8844
    2.0648
    2.1601
    2.1403
    1.9914
    2.0600
    2.1786
    2.1393
    2.2175
    2.1772
    2.2744
    2.2643
    2.1430
    2.1453
    2.2682
    2.1201
    2.1891
    2.0702
    1.6130
    1.5937
    1.6319
    1.5529
    1.5450
    1.5379
    1.5291
    1.3806
    1.3231
    1.3654
    1.3113
    1.3694
    1.3961
    1.3965
    1.3986
    1.3985
    1.3544
    1.3571
    1.3290
    1.3318
    1.3247
    1.2998
    1.2683
    1.2666
    1.3821
    1.4031
    1.3731
    1.3395
    1.2899
    1.2965
    1.3282
    1.3286
    1.4326
    1.4668
    1.5200
    1.4884
    1.5396
    1.5449
    1.5906
    1.5698
    1.5553
    1.6354
    1.7033
    1.8648
    1.9959
    2.0259
    2.0457
    2.1825
    2.1503
    2.2941
    2.2673
    2.2911
    2.3408
    2.4662
    2.3999
    2.4134
    2.5572
    2.5863
    2.7519
    2.8968
    2.9080
    3.0281
    3.1095
    3.3019
    3.3381
    3.2700
    3.3503
    3.3943
    3.5461
    3.5722
    3.4638
    3.3998
    3.5755
    3.7053
    3.8500
    3.7203
    3.7130
    3.6943
    3.7461
    3.6831
    3.8141
    3.9115
    4.0402
    4.0663
    4.0491
    3.9559
    3.8886
    3.8866
    3.9184
    3.8535
    3.7846
    3.8955
    3.8595
    3.7312
    3.5700
    3.4671
    3.4926
    3.4449
    3.3486
    3.3405
    3.2699
    3.3507
    3.1932
    3.2044
    3.1711
    3.2423
    3.1471
    3.0482
    2.9890
    2.9925
    2.9882
    2.9416
    3.0091
    2.9564
    2.8675
    2.7203
    2.7238
    2.6281
    2.7080
    2.6550
    2.6105
    2.6424
    2.4801
    2.4079
    2.3763
    2.3934
    2.3731
    2.3867
    2.3694
    2.4158
    2.4205
    2.4156
    2.4375
    2.4827
    2.4337
    2.4198
    2.4339
    2.4273
    2.3616
    2.3490
    2.3572
    2.3110
    2.3412
    2.3298
    2.3389
    2.3388
    2.3535
    2.3869
    2.4001
    2.3924
    2.3953
    2.3733
    2.3506
    2.3771
    2.4053
    2.4337
    2.4535
    2.4456
    2.4649
    2.4729
    2.4460
    2.4603
    2.4284
    2.4296
    2.3964
    2.3930
    2.4068
    2.3973
    2.4276
    2.4716
    2.4399
    2.4596
    2.3840
    2.3881
    2.4057
    2.3708
    2.3613
    2.3930
    2.4341
    2.4441
    2.4050
    2.3940
    2.3990
    2.3734
    2.3861
    2.3194
    2.2883
    2.3280
    2.2699
    2.2122
    2.2155
    2.2052
    2.1995
    2.1820
    2.1341
    2.1456
    2.1396
    2.1962
    2.2049
    2.2076
    2.1992
    2.2186
    2.1840
    2.1964
    2.2133
    2.2064
    2.2363
    2.2683
    2.2498
    2.2188
    2.2075
    2.2147
    2.2060
    2.2081
    2.1992
    2.2469
    2.2411
    2.1931
    2.1491
    2.1520
    2.1410
    2.1623
    2.1495
    2.1107
    2.1154
    2.1490
    2.1298
    2.1505
    2.1405
    2.1463
    2.1594
    2.1525
    2.1791
    2.1726
    2.1527
    2.1330
    2.0950
    2.1170
    2.1276
    2.1521
    2.1437
    2.1547
    2.1877
    2.2060
    2.2163
    2.2236
    2.2754
    2.2916
    2.2916
    2.2947
    2.3402
    2.3518
    2.3869
    2.4440
    2.5034
    2.4700
    2.5278
    2.5275
    2.5306
    2.6025
    2.6708
    2.7098
    2.8078
    2.8147
    2.8301
    2.8751
    2.9224
    2.9505
    2.9430
    2.9587
    3.0014
    3.0664
    3.0846
    3.0761
    3.0920
    3.1243
    3.1172
    3.1034
    3.1029
    3.1400
    3.1005
    3.0975
    3.0911
    3.0682
    3.0593
    3.0556
    3.0578
    3.0605
    3.0712
    3.0796
    3.1152
    3.1047
    3.1018
    3.1364
    3.0884
    3.1103
    3.1132
    3.1679
    3.2232
    3.2100
    3.2637
    3.2307
    3.2397
    3.2882
    3.3400
    3.3666
    3.3523
    3.3724
    3.3937
    3.4076
    3.3881
    3.3969
    3.3951
    3.3997
    3.3311
    3.3744
    3.3379
    3.3773
    3.4156
    3.4639
    3.5277
    3.5586
    3.5414
    3.5479
    3.5436
    3.4999
    3.5664
    3.6870
    3.6657
    3.6318
    3.7094
    3.7302
    3.5927
    3.5577
    3.4631
    3.3761
    3.3532
    3.3774
    3.3647
    3.3994
    3.3196
    3.3048
    3.3058
    3.2570
    3.2113
    3.2082
    3.1919
    3.1977
    3.1728
    3.0991
    3.1207
    3.0924
    3.0826
    3.0787
    3.0877
    3.0616
    3.0286
    3.0292
    3.0421
    3.0276
    3.0472
    3.0809
    3.0822
    2.9898
    2.9645
    2.9373
    2.9366
    2.9384
    2.8970
    2.9280
    2.9496
    2.9912
    3.0050
    3.0863
    3.0697
    3.0993
    3.1869
    3.2146
    3.2301
    3.2561
    3.2565
    3.2511
    3.2735
    3.2646
    3.2755
    3.2758
    3.2701
    3.3121
    3.3051
    3.2834
    3.3310
    3.3588
    3.3723
    3.3917
    3.4152
    3.4293
    3.4238
    3.4100
    3.4447
    3.4098
    3.4411
    3.4321
    3.4684
    3.4718
    3.4665
    3.4780
    3.4687
    3.4826
    3.4408
    3.3601
    3.3324
    3.3525
    3.3652
    3.4079
    3.4155
    3.4258
    3.4286
    3.3802
    3.3990
    3.4190
    3.4389
    3.4194
    3.4190
    3.3938
    3.3911
    3.3580
    3.3583
    3.3792
    3.3702
    3.3569
    3.3425
    3.3293
    3.3407
    3.3338
    3.3245
    3.3204
    3.3104
    3.3130
    3.3213
    3.2838
    3.2938
    3.3495
    3.3645
    3.4129
    3.4616
    3.5968
    3.5681
    3.5579
    3.5600
    3.5421
    3.5415
    3.5862
    3.6134
    3.5966
    3.6067
    3.6001
    3.6334
    3.6542
    3.6934
    3.7011
    3.6827
    3.6854
    3.6833
    3.6850
    3.6734
    3.6597
    3.6151
    3.5725
    3.5631
    3.5547
    3.5592
    3.5898
    3.6209
    3.6024
    3.5855
    3.6225
    3.5990
    3.6241
    3.6311
    3.6167
    3.6125
    3.6570
    3.6643
    3.6978
    3.6975
    3.6935
    3.7267
    3.7295
    3.7310
    3.7183
    3.7478
    3.7294
    3.7421
    3.6976
    3.7214
    3.6914
    3.6785
    3.6992
    3.7021
    3.6630
    3.6569
    3.6352
    3.6288
    3.6276
    3.6218
    3.6451
    3.6576
    3.6580
    3.6708
    3.7129
    3.7340
    3.7159
    3.7763
    3.8099
    3.7689
    3.8068
    3.7915
    3.7803
    3.7704
    3.7304
    3.7343
    3.7115
    3.7455
    3.8086
    3.7888
    3.8071
    3.8223
    3.8213
    3.8110
    3.7783
    3.7764
    3.8027
    3.8188
    3.8266
    3.8294
    3.8274
    3.8406
    3.8840
    3.9011
    4.0059
    4.0635
    4.0745
    4.0514
    4.0747
    4.0552
    4.0275
    4.0264
    4.0341
    4.0391
    4.1008
    4.0889
    4.1453
    4.1582
    4.1352
    4.1612
    4.1657
    4.2753
    4.2554
    4.2708
    4.3416
    4.3923
    4.4479
    4.4563
    4.4943
    4.5790
    4.6188
    4.6157
    4.6280
    4.6507
    4.6795
    4.6925
    4.6890
    4.7656
    4.7990
    4.8149
    4.8446
    4.8525
    4.8446
    4.8898
    4.8695
    4.8532
    4.8743
    4.8626
    4.8060
    4.7264
    4.7231
    4.7345
    4.7397
    4.7924
    4.7841
    4.7728
    4.8023
    4.7381
    4.7452
    4.7513
    4.7150
    4.7089
    4.6972
    4.7163
    4.7068
    4.7258
    4.7046
    4.6850
    4.7218
    4.7467
    4.6981
    4.6944
    4.6474
    4.6213
    4.6086
    4.6400
    4.5852
    4.6076
    4.6290
    4.6150
    4.5952
    4.5632
    4.5354
    4.5274
    4.5533
    4.5815
    4.5729
    4.5948
    4.5912
    4.6285
    4.6505
    4.6085
    4.6197
    4.6065
    4.5945
    4.5453
    4.5606
    4.5520
    4.5305
    4.5171
    4.4730
    4.4774
    4.4896
    4.4642
    4.4657
    4.4522
    4.4357
    4.4396
    4.3857
    4.3855
    4.3372
    4.3369
    4.3045
    4.2435
    4.2304
    4.2058
    4.1899
    4.1949
    4.1788
    4.1165
    4.1069
    4.1154
    4.0892
    4.0615
    4.0134
    4.0006
    3.9715
    3.9570
    3.9619
    3.9858
    3.9503
    3.9391
    3.9112
    3.8974
    3.8667
    3.9151
    3.9038
    3.9015
    3.8746
    3.8793
    3.8808
    3.8959
    3.9154
    3.9159
    3.9187
    3.9187
    3.8841
    3.8748
    3.8706
    3.8756
    3.8661
    3.8563
    3.8616
    3.8762
    3.9075
    3.8980
    3.8850
    3.8727
    3.8532
    3.8619
    3.8454
    3.8480
    3.8446
    3.8274
    3.8361
    3.8330
    3.8324
    3.8292
    3.8413
    3.8317
    3.8312
    3.8494
    3.8451
    3.8474
    3.8713
    3.8805
    3.8778
    3.8850
    3.9046
    3.9006
    3.9029
    3.9168
    3.9294
    3.9217
    3.9275
    3.9360
    3.9386
    3.9342
    3.9167
    3.9025
    3.9156
    3.9159
    3.9196
    3.9139
    3.8912
    3.8617
    3.8448
    3.8346
    3.8282
    3.8078
    3.8124
    3.7992
    3.8100
    3.8090
    3.8029
    3.7943
    3.7927
    3.7930
    3.7661
    3.7475
    3.7495
    3.7262
    3.7137
    3.7014
    3.7010
    3.7013
    3.6813
    3.6892
    3.7027
    3.7039
    3.6872
    3.6708
    3.6740
    3.6964
    3.7167
    3.7268
    3.7375
    3.7295
    3.7297
    3.7230
    3.7004
    3.6997
    3.7070
    3.6814
    3.6971
    3.6944
    3.7047
    3.7054
    3.7173
    3.7105
    3.7162
    3.7141
    3.6991
    3.7010
    3.6889
    3.6923
    3.6929
    3.7056
    3.6890
    3.6786
    3.6846
    3.7091
    3.7188
    3.7463
    3.7613
    3.7614
    3.7863
    3.7837
    3.8334
    3.8402
    3.8161
    3.8164
    3.8323
    3.8446
    3.8682
    3.8681
    3.8826
    3.8801
    3.8681
    3.8569
    3.8277
    3.8474
    3.8130
    3.8041
    3.8043
    3.7747
    3.7479
    3.7682
    3.7652
    3.7763
    3.7800
    3.7872
    3.8258
    3.8260
    3.8299
    3.8226
    3.8400
    3.8641
    3.9132
    3.9119
    3.8868
    3.8960
    3.8960
    3.9306
    3.9136
    3.9244
    3.9182
    3.9205
    3.9863
    3.9858
    4.0279
    4.0279
    4.0636
    4.0604
    4.1196
    4.2328
    4.2412
    4.2719
    4.2964
    4.3141
    4.3141
    4.3455
    4.4739
    4.5006
    4.5514
    4.5580
    4.6355
    4.7376
    4.8708
    4.8972
    4.8972
    4.9945
    5.0317
    5.0928
    5.1012
    5.0331
    5.1409
    5.1748
    5.2947
    5.2947
    5.2693
    5.4099
    5.3997
    5.3023
    5.3901
    5.4773
    5.4997
    5.4943
    5.4943
    5.5289
    5.4865
    5.4911
    5.5397
    5.5400
    5.5808
    5.6302
    5.8198
    5.8198
    5.8409
    5.8418
    5.8160
    5.9388
    6.2110
    6.2229
    6.2065
    6.1279
    6.1279
    5.9946
    6.1767
    6.3957
    6.6601
    6.8516
    6.7142
    6.9954
    7.2510
    7.2510
    7.3783
    7.6068
    7.8150
    7.7317
    7.7706
    7.9149
    7.8826
    8.0958
    7.8077
    7.8077
    7.8214
    7.6436
    7.6450
    7.5653
    7.6505
    7.3957
    7.6110
    7.8311
    7.8311
    8.0125
    7.9732
    7.7135
    8.0355
    7.7967
    7.7043
    7.5280
    7.4265
    7.4265
    7.3571
    7.1952
    7.2034
    7.5387
    7.6635
    7.4769
