    0.7581
    0.7631
    0.7425
    0.7579
    0.6776
    2.2021
    2.2906
   65.0156
    1.8017
    1.8555
    1.7301
    2.0672
    2.5770
    2.7818
    3.1591
    2.9024
    4.3839
    5.4452
    4.6016
    6.0111
    6.4031
    6.6813
    5.3551
    6.2023
    4.6626
    3.9015
    2.9353
    2.9127
    2.2166
    1.5745
    1.5627
    1.5619
    1.5765
    1.7146
    1.4744
    1.4957
    1.5871
    1.8527
    1.8351
    1.6828
    1.5041
    1.3637
    1.2865
    1.2974
    1.2833
    1.1382
    0.9344
    0.9148
    0.9065
    0.9169
    0.9171
    0.9747
    1.0105
    1.0291
    1.0091
    1.0970
    1.3012
    1.5580
    1.8414
    2.1306
    2.4854
    2.7505
    3.0020
    3.1506
    2.9647
    2.8130
    2.8544
    2.7302
    2.7654
    2.7307
    2.7272
    2.5923
    2.4584
    2.3376
    2.2620
    2.1850
    2.1112
    2.0487
    1.9902
    1.8883
    1.8935
    1.7685
    1.7798
    1.7780
    1.7233
    1.7017
    1.6892
    1.6899
    1.5342
    1.5896
    1.7499
    1.7555
    1.9262
    1.8993
    1.9983
    2.0378
    2.0596
    1.9556
    1.8539
    1.8755
    1.8995
    1.8121
    1.8731
    1.9795
    2.0335
    2.0872
    2.1814
    2.2470
    2.2959
    2.2580
    2.2669
    2.2613
    2.3285
    2.1618
    2.0626
    2.0439
    1.9618
    1.9254
    1.9621
    1.9259
    2.0160
    1.9853
    1.9495
    1.9053
    1.9507
    2.0291
    2.0072
    2.1896
    2.2031
    2.2793
    2.3200
    2.3385
    2.2910
    2.3287
    2.3170
    2.2902
    2.3224
    2.3435
    2.3918
    2.4138
    2.5235
    2.5173
    2.6306
    2.6077
    2.5263
    2.5785
    2.6555
    2.7927
    2.9316
    2.9196
    3.0723
    2.9414
    3.0760
    3.2498
    3.3434
    3.5262
    3.7946
    3.9867
    4.0014
    4.1473
    4.2794
    4.2854
    4.3728
    4.4650
    4.3785
    4.2848
    4.2291
    4.2954
    4.1924
    4.0949
    4.0443
    3.7770
    3.8624
    3.7133
    3.7643
    3.7112
    3.7284
    3.7263
    3.6479
    3.6819
    3.7836
    3.8569
    3.9063
    3.8144
    3.7214
    3.7285
    3.5905
    3.5998
    3.6357
    3.6386
    3.7017
    3.7594
    3.7811
    3.7354
    3.7284
    3.7645
    3.7731
    3.7294
    3.7363
    3.8863
    3.8700
    3.7731
    3.8592
    3.8648
    3.8667
    3.7867
    3.6877
    3.5072
    3.2486
    3.0268
    2.9603
    2.9030
    2.8028
    2.8226
    2.7470
    2.6954
    2.6656
    2.5837
    2.6063
    2.5723
    2.4251
    2.4175
    2.4376
    2.4389
    2.4038
    2.3809
    2.4055
    2.3974
    2.4044
    2.4145
    2.4085
    2.4090
    2.4093
    2.4143
    2.4052
    2.4081
    2.4071
    2.4141
    2.4285
    2.4280
    2.4018
    2.3927
    2.3794
    2.3788
    2.3604
    2.3603
    2.3372
    2.3575
    2.3495
    2.3441
    2.3079
    2.2671
    2.2472
    2.2404
    2.1530
    2.1181
    2.1219
    2.1070
    2.0799
    2.0418
    2.0318
    2.0668
    2.0987
    2.1160
    2.0879
    2.0516
    2.0657
    2.0838
    2.0041
    1.9309
    1.9478
    1.9728
    1.9455
    1.9375
    1.9363
    1.9153
    1.9260
    1.9414
    1.9464
    1.9104
    1.8916
    1.8712
    1.9006
    1.8908
    1.8893
    1.8718
    1.8646
    1.8568
    1.8553
    1.8350
    1.8387
    1.8599
    1.8995
    1.9160
    1.8892
    1.8938
    1.8881
    1.8925
    1.8865
    1.8889
    1.8763
    1.8475
    1.8584
    1.8992
    1.8555
    1.8845
    1.9147
    1.9484
    1.9708
    1.9844
    1.9676
    1.9709
    1.9551
    1.9486
    1.9334
    1.9407
    1.9349
    1.9337
    1.9193
    1.9286
    1.9333
    1.9179
    1.9594
    1.9447
    1.9524
    1.9826
    2.0388
    2.0565
    2.0833
    2.0747
    2.0620
    2.0712
    2.1313
    2.1689
    2.2378
    2.2622
    2.3322
    2.4147
    2.4226
    2.4584
    2.5933
    2.6523
    2.7069
    2.8338
    2.8994
    2.9416
    2.9852
    3.0096
    3.0962
    3.1483
    3.2282
    3.3864
    3.5287
    3.5363
    3.5980
    3.6565
    3.6889
    3.6948
    3.7325
    3.7907
    3.8412
    3.8469
    3.8504
    3.8673
    3.8728
    3.8648
    3.8544
    3.8167
    3.7851
    3.7907
    3.7701
    3.8133
    3.8448
    3.8491
    3.8665
    3.8346
    3.7973
    3.7456
    3.7676
    3.7754
    3.7985
    3.8187
    3.7951
    3.8570
    3.8608
    3.8250
    3.7904
    3.8104
    3.7923
    3.8264
    3.8239
    3.8904
    3.9054
    3.9579
    4.0159
    4.0713
    4.1216
    4.1677
    4.1759
    4.2256
    4.2439
    4.3001
    4.3076
    4.3020
    4.3087
    4.3857
    4.4062
    4.4530
    4.4975
    4.4585
    4.4649
    4.4601
    4.4295
    4.4236
    4.4068
    4.4281
    4.4818
    4.4662
    4.4196
    4.4117
    4.3714
    4.0894
    3.8980
    3.8533
    3.7520
    3.7509
    3.7781
    3.7146
    3.7004
    3.6200
    3.6043
    3.5853
    3.5636
    3.4959
    3.4804
    3.4574
    3.4474
    3.4260
    3.3330
    3.3247
    3.2954
    3.2324
    3.1941
    3.1752
    3.1248
    3.1163
    3.1041
    3.0825
    3.0503
    3.0413
    3.0401
    3.0343
    3.0313
    3.0040
    2.9761
    2.9635
    2.9445
    2.9311
    2.9407
    2.9565
    2.9598
    2.9679
    2.9368
    2.9472
    2.9406
    2.9513
    2.9565
    2.9600
    2.9619
    2.9564
    2.9626
    2.9664
    2.9762
    2.9809
    2.9963
    3.0014
    2.9831
    2.9659
    2.9716
    2.9733
    2.9835
    2.9917
    2.9802
    2.9970
    2.9977
    2.9820
    2.9646
    2.9614
    2.9518
    2.9496
    2.8939
    2.9257
    2.9027
    2.8711
    2.8607
    2.8145
    2.7464
    2.6925
    2.3763
    2.2345
    2.1451
    2.1001
    2.0819
    2.0452
    2.0378
    2.0381
    2.0243
    1.9932
    1.9945
    1.9930
    1.9851
    1.9553
    1.9437
    1.9321
    1.8885
    1.8704
    1.8613
    1.8448
    1.8237
    1.8059
    1.7906
    1.7948
    1.8199
    1.8027
    1.7929
    1.7849
    1.7744
    1.7814
    1.7834
    1.7722
    1.8474
    1.8508
    1.9073
    1.9073
    1.9349
    1.9523
    1.9627
    1.9525
    1.9483
    1.9431
    1.9364
    1.9689
    1.9747
    1.9616
    1.9895
    1.9836
    1.9954
    1.9746
    1.9625
    1.9580
    1.9513
    1.9440
    1.9467
    1.9480
    1.9381
    1.9294
    1.9425
    1.9364
    1.9226
    1.9257
    1.9178
    1.9293
    1.9221
    1.9122
    1.9351
    1.9329
    1.9234
    1.9159
    1.9239
    1.9152
    1.9168
    1.9140
    1.9056
    1.8899
    1.9024
    1.9154
    1.9114
    1.9009
    1.9034
    1.9282
    1.9074
    1.9144
    1.9281
    1.9260
    1.9247
    1.9323
    1.9283
    1.9174
    1.9211
    1.9161
    1.9194
    1.9130
    1.9040
    1.8834
    1.8695
    1.8615
    1.8369
    1.8182
    1.7902
    1.7857
    1.7912
    1.7786
    1.7687
    1.7638
    1.7774
    1.7760
    1.7910
    1.8053
    1.7948
    1.8106
    1.8113
    1.8422
    1.8766
    1.8812
    1.8908
    1.8864
    1.8905
    1.8790
    1.8843
    1.8981
    1.9107
    1.9227
    1.9428
    1.9562
    1.9946
    2.0305
    2.0312
    2.0736
    2.2278
    2.3586
    2.4193
    2.4808
    2.5112
    2.5217
    2.5425
    2.5922
    2.5941
    2.6258
    2.6298
    2.6471
    2.6382
    2.6607
    2.6625
    2.6717
    2.7151
    2.7343
    2.7476
    2.7516
    2.7800
    2.7913
    2.7984
    2.8151
    2.8110
    2.8327
    2.8674
    2.8637
    2.8879
    2.8703
    2.9112
    2.9550
    3.0055
    3.0187
    3.0338
    3.0692
    3.0749
    3.1081
    3.1171
    3.1369
    3.1780
    3.1925
    3.2229
    3.2681
    3.3270
    3.3292
    3.3280
    3.3436
    3.3615
    3.4111
    3.4220
    3.4370
    3.4476
    3.4823
    3.4724
    3.4706
    3.5022
    3.4968
    3.5060
    3.5116
    3.5362
    3.5544
    3.5856
    3.6052
    3.6298
    3.6324
    3.6604
    3.6557
    3.6732
    3.7006
    3.7249
    3.7433
    3.7720
    3.7675
    3.8123
    3.8424
    3.8550
    3.8647
    3.8849
    3.8816
    3.8802
    3.9040
    3.9309
    3.9388
    3.9438
    3.9926
    3.9961
    4.0066
    4.0296
    4.0397
    4.0617
    4.0583
    4.0855
    4.1269
    4.1542
    4.1749
    4.1978
    4.2017
    4.2146
    4.2518
    4.2686
    4.2639
    4.2818
    4.2940
    4.2934
    4.2709
    4.2653
    4.2792
    4.2939
    4.2879
    4.3090
    4.3214
    4.3377
    4.3231
    4.3104
    4.3770
    4.3483
    4.4256
    4.4965
    4.5905
    4.6106
    4.6413
    4.6968
    4.6470
    4.6798
    4.7368
    4.7916
    4.8174
    4.8460
    4.8787
    4.9089
    5.0077
    5.0471
    5.0724
    5.0743
    5.0865
    5.1352
    5.1500
    5.1926
    5.1676
    5.1769
    5.1739
    5.1757
    5.1831
    5.1962
    5.1886
    5.1831
    5.2018
    5.2300
    5.2512
    5.2487
    5.2289
    5.2513
    5.2544
    5.2751
    5.2880
    5.2929
    5.3026
    5.3231
    5.3218
    5.3060
    5.3381
    5.3234
    5.3419
    5.3412
    5.3238
    5.3194
    5.3233
    5.3167
    5.3015
    5.3143
    5.3016
    5.2549
    5.2695
    5.2844
    5.2864
    5.2882
    5.2918
    5.2856
    5.2964
    5.2934
    5.3074
    5.2978
    5.2834
    5.2742
    5.2860
    5.3015
    5.2975
    5.3101
    5.3126
    5.3288
    5.3205
    5.3406
    5.3462
    5.3547
    5.3774
    5.3762
    5.3736
    5.3816
    5.3709
    5.3810
    5.3611
    5.3663
    5.3550
    5.3702
    5.3609
    5.3658
    5.3616
    5.3591
    5.3614
    5.3585
    5.3728
    5.3955
    5.3889
    5.3933
    5.3930
    5.4004
    5.3839
    5.3671
    5.3593
    5.3563
    5.3575
    5.3583
    5.3595
    5.3603
    5.3622
    5.3536
    5.3575
    5.3811
    5.3845
    5.3858
    5.4015
    5.4126
    5.4131
    5.4152
    5.4256
    5.4336
    5.4531
    5.4603
    5.4419
    5.4549
    5.4480
    5.4483
    5.4496
    5.4451
    5.4527
    5.4546
    5.4738
    5.4999
    5.4911
    5.4928
    5.4931
    5.5138
    5.5174
    5.5282
    5.5467
    5.5361
    5.5309
    5.5190
    5.5182
    5.5226
    5.5227
    5.5462
    5.5737
    5.6166
    5.6137
    5.6049
    5.6313
    5.6229
    5.6235
    5.6237
    5.6208
    5.6428
    5.6489
    5.6474
    5.6507
    5.6353
    5.6517
    5.6848
    5.6852
    5.7038
    5.6648
    5.6998
    5.6952
    5.6773
    5.6981
    5.7052
    5.6989
    5.6989
    5.6866
    5.6975
    5.7038
    5.7136
    5.7173
    5.7566
    5.8390
    5.8992
    5.8992
    5.9186
    5.9253
    5.9257
    5.9560
    5.9456
    5.9662
    5.9847
    6.0682
    6.0682
    6.1109
    6.0190
    5.9981
    6.1402
    5.9709
    5.8798
    5.7489
    5.7522
    5.7349
    5.7349
    5.6643
    5.8379
    5.9039
    5.8495
    5.7001
    5.6164
    5.5729
    5.5326
    5.5326
    5.5065
    5.4730
    5.1815
    5.1701
    4.9882
    4.8639
    4.9277
    4.8726
    4.8726
    4.7107
    4.6487
    4.5255
    4.6023
    4.6138
    4.6269
    4.6352
    4.6763
    4.6763
    4.6093
    4.5692
    4.6216
    4.6115
    4.5593
    4.6265
    4.6813
    4.7165
    4.7165
    4.7207
    4.8493
    4.7725
    4.7696
    4.7311
    4.7257
    4.6342
    4.5892
    4.5892
    4.5184
    4.4268
    4.4065
    4.5146
    4.3315
    4.4235
    4.3660
    4.4045
    4.3808
    4.3808
    4.4104
    4.5077
    4.4250
    4.3451
    4.4745
    4.4178
    4.5639
    4.7448
    4.7448
    4.8842
    4.9205
    4.9149
    4.9767
    4.9639
    4.9856
    5.0860
    5.1462
    5.1462
    5.2651
    5.2259
    5.2319
    5.4450
    5.5355
    5.8389
