   64.2620
   25.9079
    8.8642
    1.5277
   21.7360
    2.6991
    5.1487
    2.1541
    3.2457
    3.0096
    2.7872
    2.7223
    2.6885
    2.6618
    2.2214
    1.9517
    1.5866
    1.4015
    1.3781
    1.2998
    1.2520
    1.2016
    1.1954
    1.1645
    1.2526
    1.3154
    1.3834
    1.4477
    1.5692
    1.8532
    2.0295
    2.0491
    2.3854
    2.6742
    2.9094
    3.1944
    3.4749
    3.6674
    3.9574
    4.8149
    4.8035
    4.9224
    6.0112
    6.3641
    6.4639
    6.1986
    6.1809
    5.6344
    5.3768
    5.2425
    5.3977
    4.7946
    4.7640
    4.1057
    3.5187
    3.1636
    3.1798
    2.9829
    2.6065
    2.3661
    2.3030
    2.2530
    2.3686
    2.4415
    2.5547
    3.0599
    3.2952
    3.3265
    3.7233
    3.8519
    3.8429
    3.8431
    4.6239
    6.1485
    6.7768
    7.8595
    9.9498
   12.7939
   14.4253
   15.4233
   15.8273
   16.0258
   15.3256
   16.1800
   15.9904
   16.2923
   15.7361
   16.9997
   18.6710
   16.3897
   16.5652
   15.0370
   15.0983
   13.9853
   14.3849
   13.3855
   11.4576
   10.7824
    9.2415
    8.7669
    8.5978
    7.7184
    7.2425
    7.4063
    7.2687
    7.0520
    6.8127
    6.6005
    6.6296
    6.5335
    6.5526
    6.2105
    6.2744
    6.0369
    5.4302
    5.0574
    4.6092
    4.4037
    4.2875
    4.4492
    4.4138
    4.3028
    4.0062
    3.9965
    3.9470
    3.7222
    3.6975
    3.8265
    3.7869
    3.8878
    3.5992
    3.3279
    3.2183
    3.1106
    2.9938
    2.9767
    2.8769
    2.7840
    2.7510
    2.5538
    2.5512
    2.4120
    2.3534
    2.2984
    2.2030
    2.2127
    2.1066
    2.0563
    1.9750
    1.8066
    1.6820
    1.5177
    1.4026
    1.3765
    1.2948
    1.1920
    1.1386
    1.1061
    1.1320
    1.1075
    1.0625
    1.0631
    1.0479
    0.9708
    0.9743
    0.9464
    0.9356
    0.9243
    0.9084
    0.9073
    0.9009
    0.8816
    0.8654
    0.8622
    0.8795
    0.8854
    0.8834
    0.8671
    0.8433
    0.8529
    0.8299
    0.8321
    0.8279
    0.8218
    0.8263
    0.8106
    0.8029
    0.8420
    0.8584
    0.8367
    0.8769
    0.9055
    0.9048
    0.9131
    0.9487
    1.0073
    1.0248
    1.0342
    1.0497
    1.0191
    1.0206
    1.0223
    1.0451
    1.0450
    1.0243
    1.0612
    1.0924
    1.0784
    1.0883
    1.0987
    1.0953
    1.0864
    1.0782
    1.0721
    1.0741
    1.0992
    1.1210
    1.1239
    1.0986
    1.1133
    1.1524
    1.1571
    1.1803
    1.2108
    1.2320
    1.2260
    1.2516
    1.2983
    1.3261
    1.3255
    1.3145
    1.3455
    1.3563
    1.3900
    1.4107
    1.4002
    1.4163
    1.4483
    1.4593
    1.4964
    1.4911
    1.4842
    1.5058
    1.5142
    1.4756
    1.4693
    1.4750
    1.4826
    1.4780
    1.4906
    1.5106
    1.5356
    1.5540
    1.5641
    1.5526
    1.5592
    1.5330
    1.5439
    1.5390
    1.5592
    1.5788
    1.6061
    1.6259
    1.6150
    1.6410
    1.6294
    1.6461
    1.6442
    1.6779
    1.7142
    1.7162
    1.6855
    1.7123
    1.7328
    1.7466
    1.7785
    1.7744
    1.7735
    1.7476
    1.7385
    1.7214
    1.7067
    1.7211
    1.7561
    1.7463
    1.7492
    1.7323
    1.7326
    1.7332
    1.7469
    1.7772
    1.7695
    1.7524
    1.7817
    1.7664
    1.7537
    1.7926
    1.7916
    1.7809
    1.7588
    1.7612
    1.7773
    1.8002
    1.8228
    1.8460
    1.8053
    1.7934
    1.8108
    1.8370
    1.8510
    1.8176
    1.8361
    1.8267
    1.8217
    1.8332
    1.8372
    1.8249
    1.8194
    1.7927
    1.7970
    1.8175
    1.8443
    1.8291
    1.9053
    1.9115
    1.9126
    1.8943
    1.8800
    1.8722
    1.8872
    1.9118
    1.9294
    1.9469
    1.9292
    1.9458
    1.9731
    1.9501
    1.9635
    1.9541
    1.9620
    1.9536
    1.9838
    2.0160
    1.9930
    1.9700
    1.9517
    1.9502
    1.9459
    1.9466
    1.9249
    1.9238
    1.9483
    1.9405
    1.9629
    1.9536
    1.9468
    1.9704
    1.9569
    1.9651
    1.9409
    1.9619
    1.9613
    1.9546
    1.9557
    1.9783
    1.9817
    1.9912
    1.9738
    2.0074
    2.0047
    1.9763
    1.9818
    2.0048
    2.0397
    2.0329
    2.0095
    2.0408
    2.0372
    2.0452
    2.0561
    2.0368
    2.0261
    2.0206
    2.0498
    2.0492
    2.0923
    2.1140
    2.1160
    2.1446
    2.1378
    2.1693
    2.2203
    2.2009
    2.2185
    2.2261
    2.2479
    2.2431
    2.2314
    2.2736
    2.2823
    2.3228
    2.3301
    2.3540
    2.3855
    2.3636
    2.3818
    2.4066
    2.3926
    2.4486
    2.4945
    2.4837
    2.5009
    2.4839
    2.4777
    2.4841
    2.4459
    2.4161
    2.4327
    2.4570
    2.4882
    2.5029
    2.4845
    2.4672
    2.4431
    2.4292
    2.4192
    2.4450
    2.4359
    2.4276
    2.4191
    2.4217
    2.4088
    2.4048
    2.3796
    2.3812
    2.4057
    2.4036
    2.3994
    2.3902
    2.3661
    2.4061
    2.3974
    2.4054
    2.4160
    2.4306
    2.4061
    2.3926
    2.3774
    2.3608
    2.3793
    2.3827
    2.4046
    2.3821
    2.3866
    2.3642
    2.3410
    2.3459
    2.3510
    2.3799
    2.3764
    2.3750
    2.3996
    2.4089
    2.4272
    2.4319
    2.3922
    2.4096
    2.4137
    2.4280
    2.4315
    2.4110
    2.4330
    2.4571
    2.4887
    2.4849
    2.4993
    2.4918
    2.4845
    2.5093
    2.5289
    2.5241
    2.5453
    2.5460
    2.5726
    2.5710
    2.5790
    2.5883
    2.5853
    2.5886
    2.5789
    2.5805
    2.5777
    2.5294
    2.5428
    2.5581
    2.5836
    2.6206
    2.6158
    2.6177
    2.6296
    2.6398
    2.6463
    2.6725
    2.6728
    2.7060
    2.6717
    2.6707
    2.6914
    2.6495
    2.6610
    2.6277
    2.6431
    2.6306
    2.6437
    2.6675
    2.6857
    2.7014
    2.6959
    2.6859
    2.6878
    2.6874
    2.6871
    2.6883
    2.7095
    2.7326
    2.7790
    2.7790
    2.7940
    2.7775
    2.7831
    2.8165
    2.8391
    2.8715
    2.8946
    2.9170
    2.9434
    2.9527
    2.9716
    3.0135
    3.0019
    3.0354
    3.0341
    3.0516
    3.0767
    3.0577
    3.0875
    3.1389
    3.1436
    3.1563
    3.1499
    3.1371
    3.1674
    3.1843
    3.2069
    3.1846
    3.1695
    3.2001
    3.1937
    3.2067
    3.2226
    3.1885
    3.1870
    3.2357
    3.2419
    3.2359
    3.2594
    3.2510
    3.2509
    3.2226
    3.2122
    3.2451
    3.2311
    3.2666
    3.2340
    3.2285
    3.1967
    3.2015
    3.1906
    3.1280
    3.1125
    3.1150
    3.0844
    3.0661
    3.0517
    3.0488
    3.0519
    3.0587
    3.0324
    3.0307
    3.0417
    3.0152
    2.9872
    2.9580
    2.9502
    2.9189
    2.9199
    2.8461
    2.8248
    2.8310
    2.8050
    2.7993
    2.8173
    2.7942
    2.8029
    2.7859
    2.7986
    2.7823
    2.7739
    2.7762
    2.7414
    2.7519
    2.7668
    2.7892
    2.7634
    2.7721
    2.7731
    2.7594
    2.7474
    2.7725
    2.7603
    2.8149
    2.8090
    2.7916
    2.8123
    2.8055
    2.7901
    2.7723
    2.7427
    2.7375
    2.7481
    2.7382
    2.7478
    2.7435
    2.7403
    2.7506
    2.7362
    2.7363
    2.7506
    2.7185
    2.6946
    2.7029
    2.6920
    2.6914
    2.6807
    2.6713
    2.6674
    2.6733
    2.6797
    2.6861
    2.6925
    2.6955
    2.6835
    2.6946
    2.6846
    2.6742
    2.6466
    2.6398
    2.6463
    2.6403
    2.6280
    2.6155
    2.6284
    2.6028
    2.5843
    2.5908
    2.5913
    2.5699
    2.5594
    2.5726
    2.5727
    2.5793
    2.5677
    2.5604
    2.5697
    2.5531
    2.5525
    2.5157
    2.4948
    2.4816
    2.4533
    2.4347
    2.3846
    2.3864
    2.3991
    2.3427
    2.3035
    2.3102
    2.2913
    2.2634
    2.2477
    2.2388
    2.2350
    2.2172
    2.2108
    2.2140
    2.2201
    2.2322
    2.2231
    2.2266
    2.2032
    2.1941
    2.1878
    2.1829
    2.1728
    2.1576
    2.1692
    2.1835
    2.1738
    2.1770
    2.1944
    2.1707
    2.1764
    2.1769
    2.1713
    2.1667
    2.1486
    2.1659
    2.1721
    2.1510
    2.1531
    2.1574
    2.1582
    2.1698
    2.1690
    2.1736
    2.1752
    2.1868
    2.1963
    2.2077
    2.1970
    2.1948
    2.1852
    2.1900
    2.1812
    2.1818
    2.1636
    2.1533
    2.1335
    2.1209
    2.1405
    2.1435
    2.1450
    2.1377
    2.1508
    2.1657
    2.1741
    2.1789
    2.1852
    2.2005
    2.1957
    2.2139
    2.2323
    2.2539
    2.2540
    2.2416
    2.2436
    2.2438
    2.2409
    2.2414
    2.2508
    2.2398
    2.2420
    2.2367
    2.2312
    2.2320
    2.2449
    2.2502
    2.2612
    2.2673
    2.2768
    2.2784
    2.2675
    2.2601
    2.2579
    2.2665
    2.2622
    2.2526
    2.2517
    2.2522
    2.2413
    2.2534
    2.2507
    2.2512
    2.2321
    2.2321
    2.2240
    2.2146
    2.2049
    2.2031
    2.2204
    2.2238
    2.2119
    2.2090
    2.1975
    2.2040
    2.2068
    2.2181
    2.2202
    2.2218
    2.2176
    2.2255
    2.2319
    2.2314
    2.2249
    2.2358
    2.2399
    2.2449
    2.2391
    2.2413
    2.2396
    2.2469
    2.2438
    2.2499
    2.2530
    2.2482
    2.2479
    2.2398
    2.2361
    2.2314
    2.2309
    2.2272
    2.2238
    2.2129
    2.2194
    2.2224
    2.2226
    2.2336
    2.2389
    2.2343
    2.2335
    2.2367
    2.2406
    2.2369
    2.2362
    2.2348
    2.2361
    2.2442
    2.2368
    2.2367
    2.2408
    2.2433
    2.2355
    2.2391
    2.2354
    2.2245
    2.2158
    2.2147
    2.2124
    2.2065
    2.2071
    2.2036
    2.2107
    2.2098
    2.2080
    2.2114
    2.2153
    2.2229
    2.2308
    2.2446
    2.2418
    2.2295
    2.2295
    2.2534
    2.2652
    2.2755
    2.2647
    2.2756
    2.2875
    2.2977
    2.3031
    2.3033
    2.3010
    2.3141
    2.3214
    2.3144
    2.3139
    2.3081
    2.2999
    2.3061
    2.3061
    2.3041
    2.3221
    2.3329
    2.3341
    2.3366
    2.3375
    2.3449
    2.3520
    2.3435
    2.3434
    2.3373
    2.3475
    2.3366
    2.3217
    2.3291
    2.3464
    2.3415
    2.3322
    2.3320
    2.3382
    2.3445
    2.3658
    2.3517
    2.3440
    2.3439
    2.3658
    2.3653
    2.3653
    2.3626
    2.3571
    2.3537
    2.3556
    2.3522
    2.3569
    2.3381
    2.3443
    2.3443
    2.3330
    2.3301
    2.3493
    2.3452
    2.3549
    2.3540
    2.3694
    2.3619
    2.3619
    2.3762
    2.4076
    2.4236
    2.4594
    2.4746
    2.4515
    2.4514
    2.4481
    2.4481
    2.4658
    2.4597
    2.4395
    2.4239
    2.4186
    2.4224
    2.4120
    2.3939
    2.4018
    2.4018
    2.3729
    2.3614
    2.3429
    2.3321
    2.3414
    2.3548
    2.3654
    2.3728
    2.3728
    2.3716
    2.3724
    2.3575
    2.3453
    2.3750
    2.3658
    2.3861
    2.3950
    2.3950
    2.3952
    2.3642
    2.3542
    2.3416
    2.3398
    2.3196
    2.2939
    2.2740
    2.2740
    2.2885
    2.3043
    2.3284
    2.2882
    2.2689
    2.2972
    2.3409
    2.3515
    2.3515
    2.3275
    2.3692
    2.3287
    2.3115
    2.2763
    2.3449
    2.3586
    2.3663
    2.3663
    2.3718
    2.4044
    2.4485
    2.4609
    2.4043
    2.4149
    2.4803
    2.4853
    2.5337
    2.5337
    2.5750
    2.5482
    2.4866
    2.4194
    2.4088
    2.3785
    2.3893
    2.3309
    2.3309
    2.3313
    2.2895
    2.2898
    2.3348
    2.2990
    2.2759
    2.2364
    2.2726
    2.2726
    2.2839
    2.2563
    2.2605
    2.2445
    2.2782
    2.2508
