    3.7490
    4.2109
    4.8696
    3.8998
    1.2188
    1.6858
    2.5749
    5.3898
    5.8699
    4.3283
    5.3122
    2.1937
    1.9967
    1.3667
    2.0088
    2.3861
    3.0320
    3.1993
    3.3400
    3.0871
    3.0159
    3.0143
    2.9076
    2.6944
    3.0244
    3.0186
    3.2146
    3.3205
    3.5524
    3.6688
    3.6681
    3.9983
    4.1593
    4.0561
    4.0960
    4.1435
    4.3343
    4.4862
    4.8284
    4.8284
    4.6401
    4.5241
    4.7013
    4.7255
    4.5864
    4.5980
    4.6570
    4.4079
    3.7149
    3.5609
    3.4486
    3.6546
    3.4343
    3.7630
    3.6273
    3.4389
    3.7616
    3.4696
    3.2814
    3.5610
    3.6338
    3.7530
    3.5848
    3.7797
    3.8477
    3.6785
    3.7906
    3.9379
    4.0457
    4.3566
    4.3864
    4.6196
    4.8410
    5.2038
    5.7657
    5.6556
    6.0301
    6.2982
    6.8925
    7.3613
    8.4332
    8.7120
    9.0350
    9.0837
    9.3617
    8.7721
    8.9795
    8.4752
    8.7132
    8.6111
    8.6690
    8.0019
    7.9244
    7.7359
    7.8350
    7.8911
    7.7422
    7.1273
    7.0551
    6.7121
    6.7668
    6.4240
    6.2633
    5.9033
    5.5596
    5.7214
    5.5250
    5.3387
    5.0703
    5.0999
    5.0768
    4.6707
    4.5449
    4.6510
    4.5099
    4.5968
    4.4189
    3.9851
    3.7496
    3.7483
    3.6254
    3.3344
    3.2443
    3.3194
    2.9358
    3.0304
    2.8875
    2.7815
    2.6645
    2.5915
    2.7091
    2.6948
    2.6435
    2.4988
    2.4539
    2.3406
    2.2895
    2.1593
    2.1082
    2.0137
    1.9809
    1.8571
    1.7737
    1.6550
    1.6164
    1.5596
    1.5516
    1.5244
    1.5187
    1.5314
    1.4252
    1.2889
    1.2930
    1.2947
    1.1925
    1.1014
    1.1105
    1.1258
    1.0410
    1.0204
    1.0005
    0.9789
    0.9384
    0.8817
    0.9017
    0.8358
    0.8362
    0.8366
    0.8117
    0.7901
    0.7883
    0.7459
    0.7683
    0.7319
    0.7517
    0.7555
    0.7172
    0.7779
    0.8002
    0.8196
    0.8091
    0.8204
    0.8089
    0.8149
    0.8095
    0.7994
    0.8009
    0.7905
    0.7868
    0.7861
    0.8157
    0.8146
    0.8295
    0.8337
    0.8273
    0.8495
    0.8526
    0.8333
    0.8463
    0.8689
    0.8933
    0.9167
    0.9060
    0.9143
    0.9667
    0.9849
    0.9977
    0.9767
    0.9948
    1.0103
    1.0102
    0.9924
    0.9997
    1.0198
    1.0058
    1.0348
    1.0271
    1.0259
    1.0301
    1.0700
    1.0556
    1.0759
    1.1268
    1.0961
    1.1026
    1.1010
    1.0934
    1.1742
    1.2044
    1.2184
    1.2529
    1.2497
    1.2437
    1.2548
    1.2550
    1.2926
    1.3174
    1.3339
    1.2992
    1.2871
    1.2827
    1.3196
    1.3617
    1.3650
    1.4174
    1.4504
    1.4517
    1.4703
    1.4864
    1.5038
    1.5198
    1.5268
    1.5294
    1.4913
    1.4999
    1.5326
    1.5192
    1.5167
    1.5204
    1.5475
    1.5299
    1.5704
    1.5545
    1.5136
    1.5141
    1.5067
    1.4959
    1.4820
    1.4808
    1.4804
    1.4889
    1.4876
    1.5210
    1.5351
    1.5051
    1.5348
    1.5290
    1.5385
    1.5591
    1.5417
    1.5441
    1.5475
    1.5472
    1.5653
    1.5851
    1.6024
    1.5684
    1.5489
    1.5644
    1.5520
    1.5335
    1.5659
    1.5878
    1.6128
    1.6217
    1.6441
    1.6397
    1.6317
    1.6592
    1.6498
    1.6784
    1.7191
    1.7120
    1.7428
    1.7229
    1.7088
    1.6700
    1.6580
    1.6678
    1.6847
    1.6611
    1.6680
    1.6604
    1.6438
    1.6525
    1.6612
    1.6738
    1.6926
    1.7536
    1.7699
    1.7547
    1.7888
    1.7774
    1.7892
    1.7793
    1.7560
    1.7424
    1.7698
    1.7672
    1.7609
    1.7725
    1.7694
    1.7846
    1.7867
    1.7971
    1.8427
    1.8378
    1.8417
    1.8619
    1.8791
    1.8728
    1.8928
    1.9010
    1.9031
    1.8788
    1.8867
    1.8602
    1.8896
    1.8731
    1.8635
    1.8967
    1.9200
    1.9408
    2.0411
    2.0715
    2.0688
    2.0552
    2.0332
    2.0269
    2.0720
    2.1436
    2.1853
    2.2482
    2.1869
    2.2429
    2.2659
    2.3021
    2.2810
    2.2990
    2.3146
    2.3452
    2.3466
    2.3392
    2.3551
    2.3574
    2.3738
    2.3433
    2.3312
    2.2817
    2.2999
    2.2950
    2.3189
    2.3110
    2.2765
    2.2793
    2.2655
    2.2901
    2.2945
    2.3007
    2.2524
    2.2478
    2.2365
    2.2297
    2.2223
    2.2053
    2.2179
    2.2132
    2.1892
    2.2116
    2.2182
    2.2202
    2.1877
    2.1838
    2.1629
    2.1709
    2.1743
    2.1873
    2.2033
    2.1940
    2.2148
    2.2081
    2.2391
    2.2288
    2.1882
    2.1784
    2.1890
    2.1812
    2.1873
    2.1923
    2.1885
    2.2186
    2.2276
    2.2352
    2.2723
    2.3180
    2.3409
    2.3609
    2.3380
    2.3842
    2.3807
    2.3649
    2.3298
    2.3583
    2.3544
    2.3802
    2.4413
    2.4692
    2.4243
    2.4547
    2.4786
    2.5219
    2.5238
    2.5057
    2.4945
    2.4678
    2.4304
    2.4436
    2.4742
    2.4774
    2.4435
    2.4514
    2.4728
    2.4988
    2.5043
    2.4862
    2.4686
    2.4518
    2.4943
    2.4960
    2.4682
    2.4493
    2.4340
    2.4589
    2.4639
    2.4535
    2.4524
    2.3934
    2.3870
    2.3853
    2.4196
    2.4528
    2.4541
    2.4376
    2.4131
    2.4044
    2.4270
    2.4509
    2.4827
    2.4625
    2.4496
    2.4729
    2.4915
    2.5340
    2.5323
    2.5370
    2.5136
    2.5261
    2.5248
    2.5119
    2.5174
    2.5469
    2.5470
    2.5227
    2.5274
    2.5289
    2.5478
    2.5946
    2.5950
    2.5863
    2.5823
    2.5986
    2.6117
    2.6327
    2.6612
    2.6684
    2.6571
    2.6779
    2.6931
    2.6773
    2.6948
    2.6993
    2.6927
    2.6970
    2.7241
    2.7500
    2.7835
    2.7883
    2.8283
    2.8074
    2.8475
    2.8883
    2.8720
    2.9109
    2.9347
    2.9718
    3.0055
    3.1094
    3.1885
    3.2495
    3.2158
    3.2293
    3.2338
    3.2377
    3.2093
    3.2051
    3.2228
    3.2189
    3.2206
    3.2031
    3.2143
    3.2026
    3.2531
    3.2064
    3.2486
    3.2607
    3.2088
    3.1490
    3.1089
    3.0900
    3.1203
    3.0974
    3.1081
    3.1225
    3.1350
    3.1579
    3.2009
    3.2180
    3.2303
    3.2195
    3.2102
    3.2304
    3.2403
    3.2249
    3.2924
    3.3071
    3.3488
    3.3784
    3.4249
    3.4534
    3.4442
    3.4405
    3.5413
    3.5415
    3.5544
    3.5464
    3.5487
    3.5743
    3.5867
    3.6235
    3.6054
    3.6431
    3.6168
    3.5503
    3.5679
    3.5330
    3.5394
    3.5200
    3.4786
    3.5026
    3.5172
    3.5190
    3.4878
    3.4584
    3.4837
    3.4594
    3.4618
    3.4534
    3.4781
    3.4924
    3.4533
    3.4216
    3.4002
    3.3928
    3.3890
    3.3890
    3.3557
    3.3371
    3.3105
    3.2832
    3.2872
    3.2926
    3.2988
    3.3221
    3.3381
    3.3360
    3.3459
    3.3542
    3.3509
    3.3413
    3.3272
    3.2948
    3.2993
    3.2981
    3.2708
    3.2605
    3.2270
    3.2292
    3.2309
    3.2113
    3.2192
    3.1986
    3.1815
    3.1813
    3.1564
    3.1301
    3.1343
    3.1184
    3.1041
    3.0872
    3.0830
    3.1024
    3.1213
    3.1008
    3.0810
    3.0790
    3.0453
    3.0336
    3.0221
    3.0134
    3.0003
    2.9922
    2.9718
    2.9614
    2.9327
    2.9084
    2.8707
    2.8574
    2.8427
    2.8311
    2.8346
    2.8317
    2.7975
    2.7816
    2.7345
    2.7121
    2.6883
    2.6823
    2.6801
    2.6766
    2.6780
    2.6684
    2.6452
    2.6405
    2.6262
    2.6063
    2.5903
    2.5647
    2.5587
    2.5594
    2.5563
    2.5416
    2.5276
    2.4944
    2.5113
    2.4985
    2.4748
    2.4683
    2.4537
    2.4679
    2.4664
    2.4635
    2.4524
    2.4327
    2.4414
    2.4132
    2.3903
    2.3896
    2.3709
    2.3496
    2.3410
    2.3148
    2.2904
    2.2798
    2.2755
    2.2584
    2.2675
    2.2538
    2.2241
    2.2250
    2.2031
    2.1924
    2.1794
    2.1724
    2.1579
    2.1581
    2.1438
    2.1172
    2.1178
    2.1007
    2.0645
    2.0398
    2.0191
    1.9935
    1.9732
    1.9608
    1.9466
    1.9295
    1.9219
    1.9092
    1.9061
    1.9254
    1.9099
    1.8981
    1.8927
    1.8976
    1.8875
    1.8954
    1.8919
    1.8896
    1.8884
    1.8820
    1.8750
    1.8697
    1.8779
    1.8732
    1.8782
    1.8765
    1.8705
    1.8643
    1.8585
    1.8517
    1.8535
    1.8502
    1.8432
    1.8338
    1.8344
    1.8377
    1.8470
    1.8486
    1.8472
    1.8519
    1.8392
    1.8367
    1.8382
    1.8430
    1.8450
    1.8437
    1.8353
    1.8329
    1.8353
    1.8291
    1.8163
    1.7984
    1.7891
    1.7829
    1.7807
    1.7750
    1.7714
    1.7737
    1.7694
    1.7769
    1.7726
    1.7880
    1.7944
    1.7972
    1.8002
    1.7972
    1.7945
    1.7966
    1.7908
    1.7878
    1.7834
    1.7858
    1.7838
    1.7822
    1.7846
    1.7813
    1.7836
    1.7888
    1.7896
    1.7825
    1.7826
    1.7899
    1.7943
    1.7995
    1.7953
    1.7945
    1.7854
    1.7796
    1.7805
    1.7811
    1.7778
    1.7780
    1.7791
    1.7768
    1.7787
    1.7740
    1.7743
    1.7782
    1.7736
    1.7643
    1.7615
    1.7565
    1.7445
    1.7540
    1.7525
    1.7364
    1.7218
    1.7208
    1.7148
    1.7136
    1.7090
    1.7089
    1.7117
    1.7128
    1.7090
    1.7102
    1.7066
    1.7073
    1.7140
    1.7148
    1.7101
    1.7040
    1.7041
    1.7043
    1.7017
    1.7058
    1.7080
    1.7114
    1.7138
    1.7185
    1.7271
    1.7274
    1.7229
    1.7205
    1.7183
    1.7184
    1.7179
    1.7220
    1.7278
    1.7244
    1.7243
    1.7254
    1.7290
    1.7344
    1.7400
    1.7452
    1.7435
    1.7434
    1.7483
    1.7484
    1.7530
    1.7558
    1.7471
    1.7539
    1.7631
    1.7690
    1.7683
    1.7705
    1.7705
    1.7765
    1.7752
    1.7788
    1.7867
    1.7923
    1.7877
    1.7909
    1.8004
    1.7903
    1.7900
    1.7886
    1.8017
    1.7965
    1.7997
    1.8027
    1.7895
    1.7927
    1.7844
    1.7839
    1.7869
    1.7849
    1.7791
    1.7858
    1.7784
    1.7699
    1.7766
    1.7848
    1.7848
    1.7893
    1.8061
    1.8295
    1.8525
    1.8695
    1.8852
    1.8886
    1.8971
    1.8971
    1.8938
    1.8929
    1.9023
    1.8636
    1.8695
    1.8969
    1.9071
    1.9113
    1.9113
    1.9179
    1.9272
    1.9196
    1.9163
    1.9225
    1.9385
    1.9297
    1.9334
    1.9334
    1.9455
    1.9224
    1.9150
    1.9152
    1.9116
    1.9144
    1.9069
    1.9279
    1.9277
    1.9277
    1.9386
    1.9411
    1.9365
    1.9343
    1.9321
    1.9448
    1.9598
    1.9595
    1.9595
    1.9431
    1.9414
    1.9320
    1.9458
    1.9333
    1.9596
    1.9567
    1.9629
    1.9629
    1.9578
    1.9676
    1.9808
    1.9650
    1.9873
    1.9834
    1.9765
    1.9932
    1.9932
    2.0097
    2.0352
    2.0432
    2.0544
    2.0648
    2.0619
    2.0618
    2.0688
    2.0688
    2.0438
    2.0717
    2.0436
    2.0859
    2.0333
    2.0076
    1.9968
    1.9853
    1.9853
    1.9856
    1.9942
    2.0262
    2.0198
    2.0420
    2.0752
    2.0989
    2.0759
    2.0848
    2.0848
    2.0750
    2.1249
    2.1083
    2.1030
    2.0983
    2.0808
    2.0737
    2.0866
    2.0866
    2.1000
    2.0972
    2.0871
    2.0452
    2.0319
    2.0379
    2.0515
    2.0788
    2.0788
    2.0304
    2.0502
    2.0802
    2.1124
    2.1595
    2.1876
