    3.1405
    3.0749
    3.1231
    3.4176
    2.2142
    2.8691
    2.9630
    2.8705
    3.1152
    3.1787
    3.0363
    3.0066
    2.7191
    2.7000
    2.8151
    2.9845
    2.9269
    2.8518
    2.9002
    2.9215
    3.0890
    3.0962
    3.3037
    3.3216
    3.4534
    3.3966
    3.4511
    3.3923
    3.3672
    3.3457
    3.3194
    3.2752
    3.1445
    3.0851
    3.0665
    3.0295
    3.0352
    3.0038
    2.9696
    2.9674
    2.9470
    2.9530
    2.9659
    2.9202
    2.8749
    2.8422
    2.8250
    2.7842
    2.7278
    2.6634
    2.6087
    2.5644
    2.5382
    2.4855
    2.4821
    2.4585
    2.3729
    2.3340
    2.2850
    2.3436
    2.3449
    2.4097
    2.4120
    2.4844
    2.7307
    2.7191
    2.7566
    2.7026
    2.8199
    2.9859
    2.9979
    3.2314
    3.5502
    3.3812
    3.6160
    3.7070
    3.9231
    4.0106
    4.3924
    4.4366
    4.4625
    4.6503
    4.8133
    5.1698
    5.5194
    5.6012
    5.7292
    6.2157
    6.8355
    7.8295
    7.7124
    7.6284
    7.7716
    7.9690
    7.6245
    7.8810
    7.9797
    7.0125
    7.0465
    7.4606
    7.6823
    8.0093
    8.0865
    7.8170
    7.7511
    7.4957
    7.3277
    7.1151
    6.5602
    6.7286
    6.3193
    5.8334
    5.3240
    5.0743
    5.4466
    5.5300
    5.3255
    5.0456
    4.7723
    4.5041
    4.5131
    4.4278
    4.2137
    4.3486
    4.3796
    4.0867
    3.8544
    3.5840
    3.4887
    3.4960
    3.4214
    3.1620
    3.1696
    3.0946
    2.8822
    2.9290
    2.7686
    2.6602
    2.4033
    2.4286
    2.3995
    2.2974
    2.2552
    2.0670
    1.8515
    1.6549
    1.5790
    1.4728
    1.4104
    1.3926
    1.3377
    1.2228
    1.1988
    1.1749
    1.1696
    1.1626
    1.0466
    0.9453
    0.9223
    0.8991
    0.8907
    0.8392
    0.8579
    0.7905
    0.7828
    0.7391
    0.7212
    0.7037
    0.7103
    0.7034
    0.7173
    0.7703
    0.7883
    0.8268
    0.8538
    0.8591
    0.8903
    0.9122
    0.9174
    0.9615
    0.9893
    1.0166
    1.0576
    1.0619
    1.0740
    1.1168
    1.1516
    1.1790
    1.2302
    1.2786
    1.2932
    1.3018
    1.3508
    1.3817
    1.3579
    1.4040
    1.4240
    1.4863
    1.5192
    1.5818
    1.5396
    1.5312
    1.5265
    1.6069
    1.5850
    1.6511
    1.7060
    1.6850
    1.7188
    1.7721
    1.7608
    1.8245
    1.6987
    1.7397
    1.7385
    1.7537
    1.7234
    1.7065
    1.7152
    1.7189
    1.6801
    1.7157
    1.6962
    1.6441
    1.6634
    1.6602
    1.6442
    1.6123
    1.6261
    1.6205
    1.5983
    1.5923
    1.5832
    1.5563
    1.5564
    1.5493
    1.5929
    1.5483
    1.5243
    1.5119
    1.5032
    1.4994
    1.4756
    1.4753
    1.4856
    1.4789
    1.4727
    1.4872
    1.4996
    1.5011
    1.5104
    1.4857
    1.5113
    1.5082
    1.5068
    1.5043
    1.5170
    1.5164
    1.5274
    1.5230
    1.5467
    1.6055
    1.6274
    1.6201
    1.6310
    1.6219
    1.5917
    1.6440
    1.6773
    1.6374
    1.6391
    1.6340
    1.6210
    1.6462
    1.6297
    1.6134
    1.6517
    1.6299
    1.6296
    1.5946
    1.5946
    1.6099
    1.6027
    1.5663
    1.5475
    1.5793
    1.5796
    1.6152
    1.6171
    1.6247
    1.6171
    1.6459
    1.6430
    1.6798
    1.7027
    1.6888
    1.6960
    1.6809
    1.6629
    1.6581
    1.6445
    1.6264
    1.6531
    1.6846
    1.6994
    1.7135
    1.7092
    1.7318
    1.7544
    1.7568
    1.7397
    1.7670
    1.7562
    1.7488
    1.7468
    1.7612
    1.7811
    1.7726
    1.7764
    1.7883
    1.7749
    1.7687
    1.7801
    1.7710
    1.7964
    1.8091
    1.8309
    1.7984
    1.8058
    1.7906
    1.7818
    1.7818
    1.8129
    1.8231
    1.7806
    1.7905
    1.7582
    1.7485
    1.7590
    1.7447
    1.7746
    1.7939
    1.8206
    1.8392
    1.8245
    1.8411
    1.8554
    1.8345
    1.8424
    1.8599
    1.8643
    1.9165
    1.9339
    1.9171
    1.9087
    1.9092
    1.9584
    1.9644
    1.9914
    1.9665
    1.9628
    1.9880
    1.9641
    1.9810
    2.0005
    2.0248
    2.0443
    2.0183
    2.0109
    1.9901
    2.0016
    1.9703
    1.9886
    1.9624
    1.9604
    1.9463
    1.9616
    1.9978
    2.0174
    2.0423
    2.0500
    2.0127
    2.0257
    2.0074
    2.0003
    2.0034
    2.0147
    2.0106
    1.9865
    1.9696
    1.9935
    2.0192
    2.0138
    2.0203
    2.0405
    2.0178
    2.0031
    1.9904
    2.0017
    2.0232
    2.0217
    2.0285
    2.0493
    2.0786
    2.1081
    2.1432
    2.1435
    2.1586
    2.1563
    2.1627
    2.1686
    2.1615
    2.1436
    2.1641
    2.1504
    2.1724
    2.2143
    2.2174
    2.2130
    2.2033
    2.2347
    2.2339
    2.2632
    2.3064
    2.3058
    2.3168
    2.3052
    2.3505
    2.3594
    2.3396
    2.3377
    2.3789
    2.4136
    2.4192
    2.4344
    2.4419
    2.4160
    2.4167
    2.4428
    2.4366
    2.4462
    2.4431
    2.4141
    2.4115
    2.4287
    2.4566
    2.4915
    2.5054
    2.4708
    2.4710
    2.4712
    2.4565
    2.4879
    2.5228
    2.5438
    2.5526
    2.5446
    2.5400
    2.5716
    2.5311
    2.5435
    2.5166
    2.4979
    2.5283
    2.5700
    2.6019
    2.5989
    2.6106
    2.6365
    2.6200
    2.6284
    2.6507
    2.6534
    2.6752
    2.6867
    2.6758
    2.6754
    2.6950
    2.6857
    2.7360
    2.7807
    2.8048
    2.8306
    2.8629
    2.8790
    2.9023
    2.9009
    2.9111
    2.8924
    2.9039
    2.9199
    2.8879
    2.8882
    2.8752
    2.8731
    2.8820
    2.8970
    2.8741
    2.9052
    2.9105
    2.9159
    2.9087
    2.9173
    2.9375
    2.9442
    2.9617
    3.0031
    2.9923
    2.9798
    2.9537
    2.9682
    2.9736
    2.9729
    2.9740
    2.9684
    3.0010
    3.0109
    3.0248
    3.0498
    3.0702
    3.0828
    3.1162
    3.1354
    3.1335
    3.1149
    3.1229
    3.1113
    3.1002
    3.1321
    3.1398
    3.1414
    3.1425
    3.1529
    3.1600
    3.1789
    3.2095
    3.2111
    3.2529
    3.2540
    3.2530
    3.2618
    3.2689
    3.2959
    3.2819
    3.2710
    3.2442
    3.2472
    3.2904
    3.2670
    3.2757
    3.3098
    3.3364
    3.2951
    3.3064
    3.3218
    3.3438
    3.3578
    3.3889
    3.3459
    3.3316
    3.3249
    3.3373
    3.3411
    3.3278
    3.3402
    3.3202
    3.3406
    3.3438
    3.3360
    3.3564
    3.3449
    3.2863
    3.2457
    3.2282
    3.2360
    3.2529
    3.2289
    3.2213
    3.2015
    3.2376
    3.2236
    3.2612
    3.2917
    3.2853
    3.2991
    3.2885
    3.3079
    3.3018
    3.2903
    3.2702
    3.2645
    3.2916
    3.3237
    3.2801
    3.2934
    3.2771
    3.2875
    3.2360
    3.2404
    3.2482
    3.2648
    3.2842
    3.3176
    3.2824
    3.2761
    3.2613
    3.2649
    3.2580
    3.2555
    3.2091
    3.2029
    3.1875
    3.1926
    3.1895
    3.1990
    3.1984
    3.2050
    3.2074
    3.2307
    3.2445
    3.2482
    3.2692
    3.2432
    3.2318
    3.2355
    3.2217
    3.2643
    3.2505
    3.2408
    3.2694
    3.2699
    3.2604
    3.2510
    3.2672
    3.2485
    3.2549
    3.2465
    3.2590
    3.2499
    3.2166
    3.1862
    3.2062
    3.2010
    3.1851
    3.1687
    3.1732
    3.1361
    3.1222
    3.1376
    3.1050
    3.0924
    3.0861
    3.0776
    3.0496
    3.0492
    3.0223
    3.0035
    2.9916
    2.9893
    2.9736
    3.0031
    3.0509
    3.0335
    3.0342
    3.0294
    3.0417
    3.0473
    3.0682
    3.0685
    3.0819
    3.0958
    3.1082
    3.0907
    3.1093
    3.0929
    3.1110
    3.0767
    3.1086
    3.1220
    3.1321
    3.1224
    3.1000
    3.0867
    3.0813
    3.0791
    3.0410
    2.9985
    3.0026
    3.0270
    3.0273
    3.0267
    3.0421
    3.0207
    3.0055
    2.9516
    2.9653
    2.9644
    2.9562
    2.9507
    2.9240
    2.9083
    2.8907
    2.8904
    2.9021
    2.9069
    2.9115
    2.9096
    2.9001
    2.8992
    2.8947
    2.9036
    2.9015
    2.8987
    2.8991
    2.8988
    2.9144
    2.9138
    2.8908
    2.8875
    2.8758
    2.8651
    2.8576
    2.8711
    2.8775
    2.8707
    2.8749
    2.8658
    2.8640
    2.8909
    2.8945
    2.8973
    2.8841
    2.8740
    2.8516
    2.8267
    2.8029
    2.8092
    2.8395
    2.8210
    2.8311
    2.8192
    2.8310
    2.8527
    2.8541
    2.8720
    2.8678
    2.8698
    2.9023
    2.9074
    2.9122
    2.9316
    2.9269
    2.9151
    2.9330
    2.9244
    2.9159
    2.8908
    2.8595
    2.8479
    2.8726
    2.8760
    2.8847
    2.8737
    2.8693
    2.8771
    2.8503
    2.8443
    2.8268
    2.8460
    2.8619
    2.8564
    2.8671
    2.8471
    2.8710
    2.8761
    2.8844
    2.8768
    2.8637
    2.8477
    2.8454
    2.8621
    2.8700
    2.8649
    2.8615
    2.8889
    2.8799
    2.8770
    2.8867
    2.8777
    2.8587
    2.8703
    2.8730
    2.8675
    2.8572
    2.8519
    2.8528
    2.8676
    2.8670
    2.8603
    2.8674
    2.8727
    2.8774
    2.8731
    2.8621
    2.8568
    2.8636
    2.8616
    2.8675
    2.8628
    2.8731
    2.8708
    2.8750
    2.8604
    2.8644
    2.8826
    2.8799
    2.8807
    2.8689
    2.8785
    2.8861
    2.8795
    2.8728
    2.8608
    2.8700
    2.8714
    2.8738
    2.8860
    2.8865
    2.8850
    2.8814
    2.8893
    2.8693
    2.8512
    2.8412
    2.8394
    2.8431
    2.8501
    2.8532
    2.8342
    2.8335
    2.8240
    2.8202
    2.8028
    2.8033
    2.8078
    2.7973
    2.7866
    2.7871
    2.7783
    2.7893
    2.7810
    2.7889
    2.7879
    2.7762
    2.7617
    2.7517
    2.7441
    2.7501
    2.7598
    2.7687
    2.7658
    2.7663
    2.7623
    2.7735
    2.7804
    2.8139
    2.8124
    2.7975
    2.7844
    2.7777
    2.7786
    2.7781
    2.7889
    2.7968
    2.8158
    2.8269
    2.8241
    2.8251
    2.8316
    2.8325
    2.8346
    2.8540
    2.8646
    2.8805
    2.8816
    2.8810
    2.8852
    2.8874
    2.8830
    2.8835
    2.8960
    2.8983
    2.8944
    2.9003
    2.8961
    2.8951
    2.9050
    2.9158
    2.9169
    2.9135
    2.9153
    2.8986
    2.9019
    2.9266
    2.9250
    2.9339
    2.9619
    2.9629
    2.9852
    3.0207
    3.0117
    3.0083
    3.0193
    3.0070
    3.0273
    3.0310
    3.0310
    3.0372
    2.9978
    3.0099
    2.9882
    3.0100
    3.0133
    3.0515
    3.0651
    3.0651
    3.1059
    3.1495
    3.1256
    3.0877
    3.1054
    3.0768
    3.0978
    3.0911
    3.0911
    3.0496
    3.0496
    3.0642
    3.0339
    3.0330
    3.0214
    2.9958
    2.9770
    2.9804
    2.9804
    2.9661
    2.9798
    2.9749
    2.9843
    2.9964
    2.9999
    3.0154
    3.0662
    3.0662
    3.1275
    3.1360
    3.0924
    3.0637
    3.0569
    3.0402
    3.0679
    3.0753
    3.0753
    3.0207
    3.0946
    3.1166
    3.1559
    3.2382
    3.1723
    3.1155
    3.1269
    3.1269
    3.0808
    3.1657
    3.0603
    3.0237
    2.9775
    3.0108
    3.0511
    3.1208
    3.1208
    3.2030
    3.2305
    3.1819
    3.1269
    3.1682
    3.1189
    3.1513
    3.0561
    3.0561
    3.1467
    3.1235
    3.1058
    3.1752
    3.2077
    3.1805
    3.1687
    3.1741
    3.2205
    3.2205
    3.2741
    3.3476
    3.3424
    3.2546
    3.2785
    3.2529
    3.2616
    3.2393
    3.2393
    3.1745
    3.2092
    3.1952
    3.1525
    3.1563
    3.2362
    3.2760
    3.3286
    3.3286
    3.2653
    3.2662
    3.2891
    3.3190
    3.3267
    3.4727
