    0.4098
    0.4199
    0.4701
    0.5155
    0.6485
    0.7623
    0.8969
    0.9522
    1.1414
    1.2185
    1.3723
    1.5075
    1.6317
    1.7587
    1.9057
    2.0269
    2.1884
    2.2685
    2.2940
    2.3488
    2.3770
    2.3812
    2.3543
    2.3199
    2.2060
    2.1178
    2.0157
    1.9584
    1.8496
    1.7302
    1.6168
    1.5025
    1.3349
    1.2220
    1.1138
    1.0081
    0.9665
    0.8658
    0.7744
    0.7104
    0.6600
    0.6438
    0.6353
    0.6362
    0.6487
    0.8053
    0.8811
    0.9637
    1.1323
    1.2681
    1.3833
    1.5651
    1.7882
    1.9832
    1.9930
    2.0586
    2.1671
    2.3045
    2.3280
    2.5463
    2.6954
    2.8322
    2.7652
    2.9149
    2.9493
    2.8190
    3.1447
    3.1949
    3.3326
    3.6570
    4.3619
    4.4182
    4.5704
    4.7077
    4.7597
    4.6695
    4.7785
    5.0965
    5.2817
    5.3351
    5.3658
    5.6572
    5.7191
    6.3944
    6.2869
    6.1993
    6.6156
    6.8749
    6.4589
    6.8574
    7.1278
    7.5734
    7.4949
    7.4561
    7.5888
    8.1815
    8.2022
    7.9070
    8.1621
    8.2520
    7.8441
    7.6835
    7.6241
    7.9830
    7.8559
    7.4991
    7.5459
    7.5302
    7.2513
    7.0245
    6.8354
    6.6999
    6.9951
    6.9122
    6.2554
    5.9479
    6.0521
    5.8394
    5.6391
    5.6371
    5.5469
    5.3733
    5.1456
    4.9978
    4.8228
    4.7177
    4.7830
    4.5461
    4.3874
    4.3049
    4.0195
    3.8341
    3.6757
    3.5345
    3.5082
    3.4053
    3.3018
    3.2018
    3.1933
    3.1102
    3.0262
    2.9648
    2.9710
    2.9098
    2.7368
    2.5938
    2.3655
    2.2679
    2.2073
    2.1973
    2.1266
    1.9347
    1.8426
    1.6310
    1.5196
    1.2524
    1.1982
    1.0717
    0.9571
    0.9199
    0.8465
    0.8199
    0.7453
    0.6742
    0.6777
    0.6786
    0.6645
    0.6503
    0.6344
    0.6002
    0.6013
    0.5872
    0.5845
    0.5764
    0.5761
    0.5726
    0.5628
    0.5595
    0.5460
    0.5485
    0.5523
    0.5426
    0.5337
    0.5277
    0.5275
    0.5263
    0.5234
    0.5252
    0.5205
    0.5203
    0.5212
    0.5152
    0.5183
    0.5159
    0.5200
    0.5319
    0.5451
    0.5531
    0.5748
    0.5996
    0.6238
    0.6275
    0.6521
    0.6585
    0.7023
    0.7308
    0.7663
    0.7828
    0.7934
    0.8258
    0.8391
    0.8452
    0.8830
    0.9342
    0.9467
    0.9963
    1.0484
    1.0815
    1.1174
    1.1241
    1.1208
    1.1493
    1.1886
    1.1839
    1.2159
    1.2099
    1.2294
    1.2153
    1.2720
    1.2673
    1.2818
    1.3174
    1.3328
    1.3516
    1.3772
    1.3852
    1.3875
    1.3734
    1.3939
    1.4050
    1.4055
    1.4307
    1.4495
    1.4604
    1.4809
    1.4957
    1.4793
    1.4913
    1.4780
    1.5038
    1.4752
    1.4421
    1.4578
    1.4746
    1.4713
    1.4736
    1.4632
    1.4386
    1.4328
    1.4213
    1.4421
    1.4489
    1.4307
    1.4273
    1.3911
    1.3791
    1.4019
    1.3815
    1.3763
    1.3794
    1.3885
    1.3764
    1.3625
    1.3715
    1.3815
    1.3851
    1.3779
    1.3982
    1.4014
    1.4017
    1.4096
    1.4225
    1.4112
    1.4190
    1.4143
    1.4110
    1.4140
    1.3984
    1.4136
    1.4357
    1.4186
    1.4184
    1.4191
    1.4393
    1.4498
    1.4477
    1.4409
    1.4279
    1.4482
    1.4148
    1.4160
    1.4124
    1.4130
    1.3966
    1.4015
    1.4016
    1.3949
    1.4324
    1.4572
    1.4781
    1.5112
    1.5110
    1.5000
    1.5130
    1.5277
    1.5155
    1.5007
    1.4768
    1.5139
    1.5315
    1.5202
    1.4967
    1.4722
    1.4690
    1.4672
    1.4725
    1.5205
    1.5117
    1.4886
    1.4925
    1.5104
    1.5211
    1.5227
    1.5446
    1.5302
    1.5352
    1.5365
    1.5341
    1.5426
    1.5486
    1.5479
    1.5319
    1.5342
    1.5320
    1.5321
    1.5378
    1.5382
    1.5128
    1.5043
    1.5220
    1.5278
    1.5590
    1.5632
    1.5586
    1.5534
    1.5405
    1.5465
    1.5452
    1.5280
    1.5097
    1.5053
    1.5098
    1.5180
    1.5166
    1.5234
    1.5337
    1.5389
    1.5226
    1.5466
    1.5461
    1.5451
    1.5452
    1.5435
    1.5608
    1.5564
    1.5445
    1.5325
    1.5482
    1.5210
    1.5409
    1.5701
    1.5422
    1.5360
    1.5318
    1.5431
    1.5351
    1.5519
    1.5267
    1.5365
    1.5349
    1.5325
    1.5166
    1.5171
    1.5355
    1.5246
    1.5138
    1.5227
    1.5510
    1.5755
    1.5840
    1.5667
    1.5707
    1.5749
    1.5696
    1.5974
    1.6193
    1.6511
    1.6720
    1.6993
    1.6984
    1.7055
    1.7051
    1.7087
    1.7136
    1.7282
    1.7230
    1.7378
    1.7527
    1.7655
    1.7820
    1.7896
    1.7995
    1.8179
    1.8169
    1.8321
    1.8551
    1.8627
    1.8694
    1.8962
    1.9001
    1.9196
    1.9245
    1.9631
    1.9757
    2.0062
    2.0428
    2.0813
    2.1102
    2.1281
    2.1599
    2.1828
    2.1991
    2.1842
    2.1826
    2.2031
    2.2392
    2.2690
    2.3197
    2.3647
    2.4103
    2.4775
    2.5063
    2.5093
    2.5217
    2.5816
    2.6331
    2.6488
    2.7340
    2.7182
    2.7434
    2.7794
    2.7949
    2.8088
    2.8792
    2.8506
    2.9263
    2.9841
    3.0058
    3.0287
    3.0516
    3.0928
    3.1302
    3.1298
    3.2007
    3.2142
    3.2455
    3.2418
    3.3065
    3.2742
    3.2751
    3.3554
    3.4660
    3.5097
    3.4564
    3.4820
    3.4875
    3.5481
    3.5493
    3.5976
    3.5769
    3.5687
    3.5854
    3.5812
    3.6197
    3.6145
    3.6510
    3.6399
    3.6760
    3.6890
    3.6659
    3.6649
    3.6664
    3.7066
    3.7192
    3.7527
    3.7839
    3.7432
    3.7520
    3.7839
    3.7806
    3.7748
    3.7818
    3.7969
    3.7874
    3.7776
    3.7591
    3.7632
    3.7513
    3.7609
    3.7626
    3.7563
    3.7562
    3.7093
    3.7274
    3.7100
    3.6931
    3.6614
    3.6662
    3.6566
    3.6874
    3.7036
    3.7064
    3.6873
    3.6935
    3.7517
    3.7293
    3.7454
    3.7414
    3.7742
    3.7462
    3.7440
    3.7418
    3.7272
    3.7385
    3.7267
    3.7211
    3.7490
    3.7412
    3.6967
    3.6849
    3.6930
    3.7186
    3.7158
    3.7028
    3.6814
    3.6357
    3.6278
    3.6569
    3.6463
    3.6540
    3.6407
    3.6314
    3.6139
    3.5906
    3.5598
    3.5068
    3.4870
    3.4463
    3.4706
    3.4833
    3.5180
    3.5021
    3.4845
    3.4669
    3.4418
    3.4050
    3.3838
    3.3747
    3.3978
    3.3357
    3.3213
    3.3230
    3.3043
    3.2993
    3.3077
    3.2653
    3.2503
    3.2630
    3.2287
    3.2223
    3.2072
    3.2094
    3.1530
    3.1319
    3.1451
    3.1615
    3.1320
    3.1317
    3.1732
    3.1801
    3.1884
    3.1738
    3.1852
    3.1869
    3.1758
    3.1751
    3.1496
    3.1450
    3.1429
    3.1670
    3.1594
    3.1493
    3.1273
    3.1201
    3.1124
    3.1163
    3.1066
    3.0928
    3.0897
    3.0897
    3.0951
    3.1132
    3.1141
    3.1328
    3.1512
    3.1568
    3.1720
    3.1738
    3.1876
    3.1733
    3.1938
    3.1594
    3.1204
    3.0926
    3.0842
    3.0553
    3.0450
    3.0757
    3.0948
    3.1067
    3.0987
    3.0988
    3.0878
    3.0705
    3.0496
    3.0377
    3.0372
    3.0346
    3.0317
    3.0390
    3.0411
    3.0530
    3.0459
    3.0433
    3.0424
    3.0480
    3.0555
    3.0799
    3.0851
    3.0965
    3.1124
    3.1100
    3.1387
    3.1600
    3.1605
    3.1659
    3.1466
    3.1050
    3.0811
    3.0578
    3.0413
    3.0585
    3.0811
    3.0466
    3.0464
    3.0133
    3.0110
    2.9935
    2.9748
    2.9700
    2.9608
    2.9500
    2.9758
    2.9798
    2.9590
    2.9675
    2.9588
    2.9489
    2.9452
    2.9197
    2.9411
    2.9536
    2.9546
    2.9144
    2.9251
    2.9235
    2.9282
    2.9275
    2.9473
    2.9478
    2.9834
    2.9766
    2.9760
    2.9792
    2.9715
    2.9667
    2.9692
    2.9598
    2.9581
    2.9566
    2.9492
    2.9661
    2.9948
    3.0070
    3.0217
    3.0155
    2.9942
    2.9828
    2.9910
    3.0116
    2.9993
    2.9624
    2.9524
    2.9834
    2.9795
    2.9891
    2.9888
    3.0105
    3.0075
    3.0076
    3.0351
    3.0378
    3.0397
    3.0527
    3.0670
    3.0417
    3.0469
    3.0445
    3.0646
    3.0408
    3.0051
    3.0080
    3.0053
    3.0272
    3.0329
    3.0224
    3.0450
    3.0598
    3.0506
    3.0355
    3.0237
    3.0430
    3.0457
    3.0388
    2.9967
    2.9979
    3.0071
    3.0108
    3.0292
    2.9931
    3.0025
    3.0118
    3.0019
    2.9888
    2.9830
    2.9736
    2.9808
    2.9574
    2.9397
    2.9527
    2.9551
    2.9535
    2.9773
    2.9576
    2.9676
    2.9923
    2.9917
    3.0163
    3.0213
    3.0231
    3.0218
    3.0230
    3.0265
    3.0236
    3.0203
    2.9988
    2.9755
    2.9645
    2.9549
    2.9430
    2.9475
    2.9331
    2.9266
    2.9381
    2.9178
    2.9529
    2.9908
    2.9914
    2.9990
    2.9999
    3.0018
    3.0059
    3.0145
    3.0051
    2.9961
    2.9864
    2.9938
    3.0024
    2.9927
    3.0002
    3.0249
    3.0380
    3.0376
    3.0369
    3.0425
    3.0461
    3.0541
    3.0504
    3.0609
    3.0572
    3.0509
    3.0487
    3.0438
    3.0439
    3.0462
    3.0457
    3.0425
    3.0375
    3.0333
    3.0343
    3.0214
    3.0157
    3.0249
    3.0387
    3.0383
    3.0290
    3.0347
    3.0365
    3.0369
    3.0367
    3.0567
    3.0986
    3.1328
    3.1336
    3.1332
    3.1413
    3.1536
    3.1312
    3.1398
    3.1502
    3.1768
    3.1847
    3.1835
    3.1827
    3.1793
    3.2103
    3.1932
    3.2043
    3.2196
    3.2100
    3.2173
    3.2162
    3.2407
    3.2384
    3.2132
    3.2343
    3.2542
    3.2428
    3.2759
    3.2435
    3.2438
    3.2440
    3.2550
    3.2694
    3.2497
    3.2465
    3.2637
    3.2586
    3.2612
    3.2621
    3.2398
    3.2530
    3.2230
    3.2338
    3.2062
    3.2263
    3.2478
    3.2465
    3.2575
    3.2563
    3.2490
    3.2518
    3.2641
    3.2675
    3.2605
    3.2801
    3.2523
    3.2533
    3.2499
    3.2439
    3.2151
    3.2206
    3.2089
    3.2198
    3.2479
    3.2266
    3.2220
    3.2225
    3.2568
    3.2881
    3.2973
    3.2620
    3.2768
    3.2652
    3.2451
    3.2368
    3.2368
    3.2067
    3.1977
    3.2182
    3.2277
    3.2406
    3.2059
    3.1774
    3.1682
    3.1682
    3.1600
    3.1833
    3.1738
    3.1682
    3.1537
    3.1801
    3.2558
    3.2459
    3.2459
    3.2593
    3.2220
    3.1711
    3.1532
    3.1501
    3.1470
    3.1527
    3.1876
    3.1796
    3.1796
    3.2234
    3.2081
    3.1629
    3.1822
    3.1704
    3.1716
    3.1323
    3.0769
    3.0769
    3.0951
    3.0599
    3.1234
    3.1398
    3.1137
    3.1061
    3.1670
    3.1809
    3.1809
    3.1445
    3.1827
    3.1916
    3.1927
    3.3286
    3.3555
    3.3043
    3.3177
    3.3177
    3.3129
    3.2239
    3.3537
    3.3527
    3.2858
    3.2256
    3.2402
    3.1745
    3.1745
    3.1964
    3.1875
    3.2052
    3.2361
    3.1900
    3.1476
    3.1669
    3.1843
    3.1843
    3.1953
    3.1850
    3.1961
    3.2803
    3.2750
    3.2581
    3.2958
    3.3182
    3.3825
    3.3825
    3.4367
    3.4358
    3.5031
    3.5705
    3.5846
    3.5904
    3.7954
    3.8103
    3.8103
    3.7926
    3.6868
    3.6861
    3.4861
    3.4224
    3.2966
    3.1794
    3.1044
    3.1044
    3.1966
    3.2676
    3.1549
    3.1557
    3.1114
    3.0314
