    2.5313
    2.4275
    2.4739
    1.6319
    3.8937
    4.0172
    2.3658
   18.0842
    4.2914
    4.2471
    4.0883
    3.4451
    2.9069
    2.6809
    2.6614
    2.4974
    3.5322
    3.2646
    3.1608
    4.2323
    5.0493
    6.0362
    8.2353
   14.6137
    7.5510
    6.0065
    5.0900
    4.7345
    4.1687
    3.8828
    3.7912
    3.5663
    3.4533
    3.3008
    3.1863
    3.1211
    3.0778
    2.9640
    2.9389
    2.8786
    2.7974
    2.7468
    2.7469
    2.7371
    2.7041
    2.7029
    2.7135
    2.6800
    2.6044
    2.6396
    2.6211
    2.7186
    2.7467
    2.8181
    2.8648
    2.9161
    3.0293
    3.1939
    3.3238
    3.6011
    3.7903
    4.2792
    4.8383
    5.6151
    5.4272
    5.1396
    5.2848
    5.2771
    5.1953
    5.2970
    5.1734
    4.9824
    4.7102
    4.5307
    4.3209
    4.3999
    4.6659
    4.8421
    4.3447
    4.2509
    4.6419
    4.5223
    4.4526
    4.2712
    4.2805
    4.6568
    4.6586
    4.6143
    4.7015
    4.9377
    5.4112
    5.5233
    5.7232
    5.9241
    6.0692
    6.2023
    6.1529
    5.8806
    6.1743
    6.2524
    6.2001
    5.8822
    6.1344
    6.1616
    6.3020
    6.6424
    6.0725
    5.7753
    5.7847
    5.6874
    5.8319
    5.5818
    5.4891
    5.2180
    4.8403
    4.6024
    4.6428
    4.2053
    3.9692
    3.8031
    3.3703
    3.2681
    3.1488
    3.2202
    3.0654
    3.0335
    3.0165
    2.8429
    2.8293
    2.6866
    2.6310
    2.6226
    2.4677
    2.4950
    2.3038
    2.2187
    2.2381
    2.2641
    2.1794
    2.1010
    2.0426
    2.0079
    1.9870
    1.9761
    1.8946
    1.8614
    1.8863
    1.8227
    1.8415
    1.8641
    1.8825
    1.8742
    1.8630
    1.8395
    1.7234
    1.6423
    1.6365
    1.5184
    1.5325
    1.3745
    1.3059
    1.2446
    1.2215
    1.2375
    1.2476
    1.2003
    1.1792
    1.1754
    1.1867
    1.1788
    1.1902
    1.1980
    1.1675
    1.1167
    1.1171
    1.1060
    1.1119
    1.0690
    1.0636
    1.0924
    1.1160
    1.1590
    1.1920
    1.1953
    1.2028
    1.1774
    1.1688
    1.1523
    1.1643
    1.1912
    1.2223
    1.1971
    1.1758
    1.2002
    1.1955
    1.1659
    1.1647
    1.1631
    1.1846
    1.1620
    1.2136
    1.1947
    1.1964
    1.2231
    1.2547
    1.2392
    1.2246
    1.2446
    1.2792
    1.2895
    1.2938
    1.3068
    1.3374
    1.3745
    1.3708
    1.4558
    1.4782
    1.4808
    1.5211
    1.5361
    1.5728
    1.6198
    1.6230
    1.6760
    1.6874
    1.6704
    1.6824
    1.6964
    1.6735
    1.6529
    1.6282
    1.6310
    1.6122
    1.6369
    1.6336
    1.6332
    1.6421
    1.6272
    1.6576
    1.6241
    1.6238
    1.6526
    1.6420
    1.6193
    1.6331
    1.6470
    1.6601
    1.6652
    1.6599
    1.6501
    1.6668
    1.6880
    1.6937
    1.7231
    1.7614
    1.7751
    1.7831
    1.8314
    1.8117
    1.8378
    1.8538
    1.8494
    1.8443
    1.8576
    1.8811
    1.9172
    1.9200
    1.8761
    1.8667
    1.8681
    1.9125
    1.8233
    1.7641
    1.8461
    1.8144
    1.8172
    1.7971
    1.8439
    1.7900
    1.7509
    1.7960
    1.7773
    1.8083
    1.8830
    1.8762
    1.9651
    1.9656
    1.9932
    2.0329
    2.0076
    1.9787
    2.0040
    2.0174
    1.9096
    1.8800
    1.8575
    1.8486
    1.8214
    1.8005
    1.8036
    1.7829
    1.8237
    1.8012
    1.8062
    1.8004
    1.7843
    1.8090
    1.7923
    1.7680
    1.7400
    1.7696
    1.7760
    1.7716
    1.7842
    1.8207
    1.8120
    1.8083
    1.7934
    1.8331
    1.8045
    1.7719
    1.7740
    1.7808
    1.7851
    1.7779
    1.7741
    1.7459
    1.7628
    1.7928
    1.7960
    1.7751
    1.7683
    1.7727
    1.7601
    1.7590
    1.7670
    1.7658
    1.7593
    1.7549
    1.7664
    1.7646
    1.7434
    1.7499
    1.7587
    1.7444
    1.7564
    1.7524
    1.7505
    1.7569
    1.7636
    1.7556
    1.7490
    1.7399
    1.7310
    1.7322
    1.7220
    1.7017
    1.6979
    1.7047
    1.6891
    1.6912
    1.6851
    1.6672
    1.6487
    1.6563
    1.6570
    1.6439
    1.6144
    1.6040
    1.6196
    1.6315
    1.6269
    1.6193
    1.6305
    1.6416
    1.6428
    1.6548
    1.6504
    1.6313
    1.6277
    1.6362
    1.6415
    1.6105
    1.5954
    1.5867
    1.5789
    1.5476
    1.5543
    1.5605
    1.5790
    1.5929
    1.5918
    1.5899
    1.6073
    1.6261
    1.6567
    1.6804
    1.7216
    1.7619
    1.7954
    1.8454
    1.8341
    1.8469
    1.8366
    1.8641
    1.8741
    1.8870
    1.8966
    1.9214
    1.9198
    1.9438
    1.9850
    1.9889
    1.9726
    1.9726
    1.9906
    2.0212
    2.0241
    2.0153
    2.0464
    2.0409
    2.0608
    2.0834
    2.0867
    2.1388
    2.1630
    2.1819
    2.1857
    2.2130
    2.2385
    2.2538
    2.2794
    2.2722
    2.2747
    2.2639
    2.2533
    2.2532
    2.2688
    2.2606
    2.2537
    2.2658
    2.2742
    2.2925
    2.3134
    2.3263
    2.3307
    2.3415
    2.3460
    2.3487
    2.3615
    2.3790
    2.3810
    2.3894
    2.3920
    2.3870
    2.3827
    2.3886
    2.4104
    2.4181
    2.4281
    2.4381
    2.4462
    2.4712
    2.4951
    2.5232
    2.5453
    2.5415
    2.5404
    2.5736
    2.6142
    2.6160
    2.6391
    2.6679
    2.6748
    2.6817
    2.7054
    2.6894
    2.6826
    2.6504
    2.6478
    2.6781
    2.7223
    2.7542
    2.7893
    2.8305
    2.8426
    2.8905
    2.9322
    2.9720
    2.9228
    2.9295
    2.9521
    2.9503
    2.9744
    2.9767
    2.9811
    2.9777
    2.9830
    2.9323
    2.9144
    2.8919
    2.8830
    2.8988
    2.8870
    2.8708
    2.8358
    2.8655
    2.8744
    2.9132
    2.9597
    2.9709
    2.9577
    2.9408
    2.9106
    2.8998
    2.9388
    2.9746
    2.9663
    2.9671
    2.9603
    2.9496
    2.9228
    2.9442
    2.9480
    2.9668
    2.9864
    3.0049
    3.0300
    3.0272
    3.0464
    3.0392
    3.0517
    3.0493
    3.0505
    3.0216
    3.0021
    2.9935
    2.9632
    2.9512
    2.9336
    2.9151
    2.9087
    2.8927
    2.8808
    2.8450
    2.8494
    2.8009
    2.8023
    2.8163
    2.8068
    2.8003
    2.7816
    2.7874
    2.7983
    2.7895
    2.7751
    2.7800
    2.7669
    2.7575
    2.7542
    2.7412
    2.7313
    2.7172
    2.7128
    2.7150
    2.7085
    2.6991
    2.6962
    2.6975
    2.6888
    2.6844
    2.6860
    2.6863
    2.6996
    2.7126
    2.7014
    2.6882
    2.6709
    2.6506
    2.6515
    2.6661
    2.6746
    2.6430
    2.6447
    2.6244
    2.6216
    2.6403
    2.6408
    2.6346
    2.6290
    2.5989
    2.5657
    2.5608
    2.5298
    2.4962
    2.4912
    2.4985
    2.4882
    2.4917
    2.4927
    2.4973
    2.5349
    2.5571
    2.5575
    2.5676
    2.5599
    2.5385
    2.5385
    2.5229
    2.5223
    2.4967
    2.4734
    2.4923
    2.4968
    2.4919
    2.4948
    2.4940
    2.5353
    2.5075
    2.4482
    2.4378
    2.4347
    2.4313
    2.4474
    2.4676
    2.4507
    2.4460
    2.4374
    2.4543
    2.4423
    2.4339
    2.4115
    2.3910
    2.3808
    2.3546
    2.3583
    2.3791
    2.3824
    2.3903
    2.4051
    2.3844
    2.3731
    2.3399
    2.3108
    2.3100
    2.3220
    2.3433
    2.3221
    2.3168
    2.3038
    2.2945
    2.2898
    2.2887
    2.2617
    2.2699
    2.2766
    2.2867
    2.2586
    2.2325
    2.2204
    2.2086
    2.1952
    2.2070
    2.1950
    2.1925
    2.1906
    2.1868
    2.1792
    2.1745
    2.1792
    2.1719
    2.1622
    2.1724
    2.1731
    2.1890
    2.1813
    2.1823
    2.1796
    2.1907
    2.2004
    2.1993
    2.2220
    2.2256
    2.2144
    2.1925
    2.2239
    2.2370
    2.2332
    2.2584
    2.2635
    2.2515
    2.2755
    2.2569
    2.2545
    2.2704
    2.2489
    2.2131
    2.2268
    2.2132
    2.2199
    2.2010
    2.1910
    2.1570
    2.1466
    2.1395
    2.1177
    2.1069
    2.0998
    2.0814
    2.0877
    2.0511
    2.0729
    2.0875
    2.0705
    2.0778
    2.0795
    2.0798
    2.0742
    2.0975
    2.1074
    2.0960
    2.1002
    2.1154
    2.1191
    2.1293
    2.1367
    2.1434
    2.1481
    2.1576
    2.1447
    2.1278
    2.1164
    2.1108
    2.1212
    2.1459
    2.1576
    2.1661
    2.1722
    2.1711
    2.1906
    2.2026
    2.2168
    2.2193
    2.2229
    2.2257
    2.2421
    2.2401
    2.2493
    2.2692
    2.2808
    2.2895
    2.3112
    2.3055
    2.3097
    2.3210
    2.3162
    2.3243
    2.3225
    2.3234
    2.3153
    2.3146
    2.3039
    2.2993
    2.2915
    2.3038
    2.2944
    2.2990
    2.2903
    2.2948
    2.3033
    2.3081
    2.3098
    2.3075
    2.3156
    2.3159
    2.3127
    2.3098
    2.3112
    2.3119
    2.3062
    2.3175
    2.3212
    2.3212
    2.3091
    2.2997
    2.2937
    2.2875
    2.2953
    2.2978
    2.2976
    2.3082
    2.3125
    2.3060
    2.3069
    2.3089
    2.3122
    2.3155
    2.3139
    2.3074
    2.3203
    2.3219
    2.3166
    2.3138
    2.3020
    2.2998
    2.2961
    2.2958
    2.3010
    2.3089
    2.3124
    2.3206
    2.3198
    2.3176
    2.3161
    2.3125
    2.3138
    2.3181
    2.3167
    2.3149
    2.3192
    2.3128
    2.3119
    2.3093
    2.3117
    2.3138
    2.3149
    2.3203
    2.3193
    2.3223
    2.3318
    2.3369
    2.3332
    2.3432
    2.3318
    2.3319
    2.3213
    2.3279
    2.3268
    2.3214
    2.3211
    2.3239
    2.3207
    2.3150
    2.3152
    2.3199
    2.3176
    2.3153
    2.3046
    2.3017
    2.2902
    2.2937
    2.2965
    2.2957
    2.3012
    2.2979
    2.2922
    2.2848
    2.2819
    2.2733
    2.2666
    2.2721
    2.2716
    2.2790
    2.2684
    2.2706
    2.2642
    2.2660
    2.2727
    2.2778
    2.2823
    2.2822
    2.2686
    2.2826
    2.2902
    2.2881
    2.2831
    2.2981
    2.3225
    2.3136
    2.3136
    2.3245
    2.3170
    2.3309
    2.3354
    2.3469
    2.3612
    2.3673
    2.3741
    2.3945
    2.3938
    2.4077
    2.4145
    2.4347
    2.4260
    2.4505
    2.4679
    2.4480
    2.4369
    2.4352
    2.4539
    2.4477
    2.4415
    2.4418
    2.4481
    2.4350
    2.4369
    2.4222
    2.4220
    2.4330
    2.4259
    2.4070
    2.4044
    2.3955
    2.3908
    2.3685
    2.3915
    2.3915
    2.3956
    2.3929
    2.4081
    2.4502
    2.4674
    2.4795
    2.4646
    2.4588
    2.4588
    2.4447
    2.4233
    2.4177
    2.4067
    2.3945
    2.3703
    2.3365
    2.3270
    2.3270
    2.3235
    2.3207
    2.3214
    2.3275
    2.3148
    2.3228
    2.3149
    2.2951
    2.2806
    2.2806
    2.2670
    2.2406
    2.2278
    2.2332
    2.2238
    2.1965
    2.1950
    2.1851
    2.1851
    2.1765
    2.1815
    2.1873
    2.1964
    2.1967
    2.2005
    2.2095
    2.2140
    2.2140
    2.1989
    2.2118
    2.2049
    2.2198
    2.2140
    2.2143
    2.1831
    2.1736
    2.1736
    2.1373
    2.1238
    2.0744
    2.0681
    2.0560
    2.0368
    2.0669
    2.0599
    2.0599
    2.0973
    2.1240
    2.1228
    2.1394
    2.1409
    2.1693
    2.1926
    2.2377
    2.2377
    2.2274
    2.2316
    2.2138
    2.1927
    2.1618
    2.1137
    2.0867
    2.0886
    2.0936
    2.0936
    2.0885
    2.0629
    2.0339
    2.0652
    2.0766
    2.0737
    2.0097
    2.0269
    2.0269
    1.9985
    2.0107
    1.9811
    1.9924
    1.9473
    1.9348
    1.9330
    1.9130
    1.9130
    1.8723
    1.8613
    1.8621
    1.8465
    1.8097
    1.8271
