    6.5036
    6.4701
    3.0214
    1.7584
    2.5193
    1.8425
    1.1165
    1.4339
    1.4171
    1.1394
    1.3575
    1.4919
    2.0812
    2.6647
    2.6396
    3.9609
    3.1844
    3.3270
    3.7318
    3.1512
    3.2344
    3.2271
    3.3551
    2.8137
    4.1734
    5.6348
    7.0866
    6.9033
    7.0473
    9.9285
    8.7212
    7.5041
    5.8848
    6.8024
    7.2765
    6.6174
    7.4895
    7.3793
    8.2633
    7.8977
    6.0582
    6.9259
    6.2075
    5.3444
    5.8335
    5.1686
    4.7626
    4.1642
    3.9962
    4.5003
    4.7226
    5.0257
    4.7713
    4.1773
    4.3961
    4.2370
    3.9201
    3.9661
    3.5271
    3.8077
    3.5276
    3.2980
    2.9918
    3.3242
    2.9286
    2.7553
    2.5317
    2.3832
    2.2118
    2.2306
    2.4342
    2.5394
    2.3092
    2.1042
    2.1616
    2.0760
    2.0901
    2.1935
    2.2682
    2.1394
    2.2821
    2.3116
    2.2308
    2.3377
    2.4565
    2.6771
    2.6231
    2.7567
    2.6490
    2.6566
    2.8347
    2.7040
    3.1332
    3.0270
    3.0573
    3.2057
    3.2214
    3.0897
    3.0562
    3.1324
    2.8556
    2.6278
    2.4974
    2.6183
    2.5717
    2.5111
    2.4745
    2.3621
    2.4692
    2.5277
    2.3741
    2.3032
    2.3040
    2.1315
    2.0704
    2.0494
    2.0022
    2.0416
    2.1006
    1.9259
    1.7843
    1.7251
    1.7434
    1.6836
    1.6699
    1.6580
    1.6387
    1.6807
    1.6120
    1.6632
    1.5302
    1.5161
    1.4270
    1.3434
    1.2870
    1.3299
    1.3230
    1.3277
    1.3406
    1.3040
    1.2935
    1.2859
    1.3071
    1.3460
    1.2622
    1.3003
    1.2945
    1.2943
    1.2201
    1.1843
    1.1646
    1.1941
    1.2079
    1.1962
    1.1996
    1.1289
    1.1414
    1.0984
    1.0899
    1.1007
    1.0713
    1.0889
    1.0897
    1.0952
    1.1106
    1.1215
    1.1137
    1.1528
    1.1753
    1.2007
    1.1573
    1.1559
    1.1533
    1.1291
    1.1860
    1.1796
    1.2033
    1.2068
    1.2326
    1.2392
    1.2624
    1.2979
    1.2348
    1.2627
    1.2402
    1.2422
    1.2575
    1.3058
    1.3139
    1.3625
    1.3723
    1.3695
    1.3589
    1.3251
    1.3102
    1.3197
    1.3691
    1.3510
    1.3749
    1.3742
    1.3699
    1.3438
    1.3852
    1.4220
    1.3896
    1.4226
    1.3698
    1.3360
    1.3213
    1.3209
    1.3132
    1.3196
    1.3182
    1.3140
    1.3269
    1.3207
    1.3135
    1.3064
    1.3011
    1.2946
    1.2520
    1.2560
    1.2456
    1.2165
    1.2051
    1.2205
    1.2039
    1.1956
    1.1799
    1.1885
    1.2140
    1.1885
    1.1991
    1.1944
    1.1867
    1.1688
    1.1604
    1.1770
    1.1942
    1.1989
    1.2017
    1.2197
    1.2186
    1.2234
    1.2201
    1.2511
    1.2286
    1.2413
    1.2449
    1.2510
    1.2670
    1.2676
    1.2822
    1.3128
    1.2804
    1.2488
    1.2437
    1.2547
    1.2917
    1.2576
    1.2880
    1.2866
    1.2802
    1.2919
    1.2980
    1.3058
    1.2997
    1.2733
    1.2863
    1.2797
    1.2933
    1.2981
    1.2863
    1.2939
    1.3045
    1.2954
    1.2890
    1.3326
    1.3215
    1.2959
    1.3019
    1.3171
    1.3060
    1.3050
    1.3052
    1.3117
    1.3035
    1.3270
    1.3292
    1.3341
    1.3178
    1.3394
    1.3484
    1.3808
    1.3633
    1.3546
    1.3634
    1.3937
    1.4077
    1.4047
    1.3852
    1.3958
    1.3928
    1.3880
    1.3752
    1.3771
    1.3736
    1.4146
    1.3660
    1.3598
    1.3893
    1.4002
    1.4094
    1.4267
    1.4146
    1.4089
    1.4022
    1.3767
    1.4057
    1.3998
    1.3948
    1.4119
    1.4375
    1.4396
    1.4302
    1.4002
    1.4265
    1.4279
    1.4296
    1.4044
    1.3993
    1.4255
    1.4234
    1.4256
    1.4110
    1.4137
    1.4455
    1.4439
    1.4750
    1.4780
    1.4795
    1.4757
    1.4897
    1.5115
    1.5229
    1.5146
    1.5464
    1.5772
    1.5789
    1.5587
    1.5582
    1.5593
    1.5793
    1.5909
    1.6112
    1.6233
    1.6090
    1.6020
    1.6084
    1.6026
    1.6089
    1.6226
    1.6043
    1.6011
    1.5898
    1.6011
    1.5984
    1.5897
    1.5926
    1.5878
    1.5975
    1.5972
    1.6168
    1.6115
    1.6076
    1.5976
    1.5924
    1.5894
    1.6201
    1.5951
    1.5873
    1.6041
    1.6239
    1.6526
    1.6249
    1.6251
    1.6474
    1.6486
    1.6863
    1.6506
    1.6658
    1.6651
    1.6501
    1.6372
    1.6087
    1.5885
    1.5985
    1.6080
    1.6334
    1.6469
    1.6687
    1.6375
    1.6438
    1.6321
    1.6251
    1.6243
    1.6113
    1.6111
    1.5865
    1.5935
    1.6020
    1.5998
    1.6044
    1.5949
    1.6118
    1.6346
    1.6762
    1.6809
    1.6951
    1.6923
    1.6883
    1.6771
    1.6922
    1.6915
    1.6847
    1.6831
    1.6512
    1.6528
    1.6577
    1.6664
    1.6706
    1.6782
    1.6538
    1.6488
    1.6511
    1.6636
    1.6623
    1.6552
    1.6676
    1.6493
    1.6429
    1.6169
    1.6045
    1.6186
    1.6470
    1.6636
    1.6818
    1.6804
    1.6942
    1.7033
    1.7067
    1.7145
    1.7190
    1.7226
    1.7362
    1.7330
    1.7607
    1.7569
    1.7581
    1.7543
    1.7760
    1.7881
    1.8168
    1.8116
    1.8238
    1.8130
    1.7924
    1.7571
    1.7822
    1.7781
    1.8116
    1.8324
    1.8327
    1.8318
    1.8264
    1.8073
    1.8077
    1.8125
    1.8399
    1.8287
    1.8397
    1.8227
    1.7995
    1.7894
    1.8159
    1.8313
    1.8385
    1.8482
    1.8486
    1.8604
    1.8999
    1.8931
    1.9149
    1.9096
    1.9140
    1.9038
    1.9081
    1.9432
    1.9438
    1.9494
    1.9195
    1.8963
    1.9003
    1.9079
    1.9048
    1.8643
    1.8814
    1.8837
    1.8779
    1.8896
    1.8823
    1.8889
    1.9071
    1.8942
    1.8967
    1.9134
    1.9444
    1.9509
    1.9609
    1.9535
    1.9335
    1.9339
    1.9431
    1.9488
    1.9327
    1.9362
    1.9347
    1.9279
    1.9511
    1.9646
    2.0239
    2.0085
    2.0020
    2.0050
    1.9961
    1.9898
    1.9983
    2.0074
    2.0237
    2.0374
    2.0536
    2.0396
    2.0544
    2.0569
    2.0503
    2.0744
    2.0807
    2.0750
    2.0688
    2.0462
    2.0451
    2.0552
    2.0543
    2.0728
    2.0815
    2.1129
    2.1161
    2.1331
    2.1546
    2.1563
    2.1132
    2.0877
    2.0848
    2.0953
    2.0933
    2.0916
    2.0955
    2.1134
    2.1299
    2.1156
    2.1284
    2.1274
    2.1412
    2.1563
    2.1580
    2.1761
    2.1696
    2.1678
    2.1515
    2.1673
    2.1645
    2.1677
    2.1554
    2.1650
    2.1675
    2.1762
    2.1804
    2.1814
    2.1842
    2.2087
    2.1927
    2.1955
    2.1803
    2.1733
    2.1550
    2.1697
    2.1634
    2.1656
    2.1733
    2.1861
    2.1779
    2.1714
    2.1517
    2.1840
    2.2022
    2.2000
    2.2006
    2.2245
    2.2368
    2.2422
    2.2370
    2.2316
    2.2280
    2.1976
    2.1928
    2.2045
    2.2085
    2.1965
    2.1943
    2.1812
    2.1458
    2.1317
    2.1294
    2.1339
    2.1534
    2.1533
    2.1572
    2.1487
    2.1595
    2.1729
    2.1937
    2.2108
    2.2187
    2.2356
    2.2310
    2.2329
    2.2357
    2.2186
    2.1974
    2.1892
    2.1953
    2.1917
    2.1896
    2.1860
    2.1918
    2.1721
    2.1836
    2.1883
    2.1878
    2.1806
    2.1821
    2.1738
    2.1719
    2.1632
    2.1632
    2.1924
    2.2029
    2.1931
    2.1878
    2.1934
    2.1973
    2.2094
    2.1925
    2.1973
    2.1995
    2.1855
    2.1588
    2.1460
    2.1410
    2.1416
    2.1672
    2.1793
    2.1762
    2.1886
    2.1826
    2.1764
    2.1967
    2.1878
    2.1846
    2.1774
    2.1744
    2.1583
    2.1534
    2.1261
    2.1202
    2.1210
    2.1074
    2.1096
    2.1023
    2.1097
    2.1071
    2.1087
    2.1261
    2.1320
    2.1229
    2.1235
    2.1273
    2.1253
    2.1089
    2.0976
    2.0948
    2.1137
    2.0950
    2.0706
    2.0667
    2.0678
    2.0872
    2.0913
    2.1014
    2.1020
    2.0996
    2.1189
    2.1129
    2.1118
    2.1158
    2.1150
    2.1115
    2.1140
    2.1151
    2.1165
    2.1106
    2.1183
    2.0920
    2.0708
    2.0761
    2.0475
    2.0367
    2.0460
    2.0672
    2.0649
    2.0800
    2.0756
    2.0642
    2.0527
    2.0466
    2.0568
    2.0481
    2.0332
    2.0239
    2.0445
    2.0453
    2.0510
    2.0577
    2.0315
    2.0398
    2.0399
    2.0296
    2.0185
    2.0279
    2.0197
    2.0250
    2.0334
    2.0358
    2.0283
    2.0359
    2.0309
    2.0406
    2.0359
    2.0429
    2.0262
    2.0148
    2.0017
    2.0001
    1.9966
    1.9956
    1.9919
    1.9890
    1.9964
    1.9986
    1.9974
    1.9938
    1.9939
    1.9962
    2.0056
    2.0053
    1.9927
    1.9881
    1.9942
    1.9881
    1.9906
    1.9927
    1.9994
    2.0069
    2.0293
    2.0233
    2.0121
    2.0152
    2.0151
    2.0147
    2.0064
    2.0103
    2.0062
    2.0165
    2.0099
    2.0067
    2.0087
    2.0025
    2.0083
    1.9940
    1.9997
    2.0037
    2.0173
    2.0111
    2.0281
    2.0380
    2.0437
    2.0415
    2.0459
    2.0523
    2.0581
    2.0663
    2.0661
    2.0760
    2.0792
    2.0783
    2.0780
    2.0780
    2.0784
    2.0881
    2.0880
    2.0838
    2.0819
    2.0939
    2.0862
    2.0854
    2.0913
    2.0879
    2.0796
    2.0892
    2.0932
    2.0889
    2.0862
    2.0878
    2.0804
    2.0799
    2.0831
    2.0774
    2.0750
    2.0745
    2.0929
    2.0915
    2.0864
    2.0818
    2.0816
    2.0855
    2.0717
    2.0645
    2.0673
    2.0596
    2.0694
    2.0737
    2.0621
    2.0625
    2.0561
    2.0740
    2.0788
    2.0737
    2.0682
    2.0752
    2.0858
    2.1039
    2.1043
    2.1120
    2.1111
    2.1161
    2.1266
    2.1244
    2.1328
    2.1323
    2.1288
    2.1289
    2.1295
    2.1254
    2.1180
    2.1221
    2.1204
    2.1140
    2.1100
    2.1141
    2.1141
    2.1293
    2.1338
    2.1351
    2.1228
    2.1332
    2.1424
    2.1577
    2.1613
    2.1630
    2.1635
    2.1589
    2.1645
    2.1409
    2.1442
    2.1445
    2.1354
    2.1105
    2.1216
    2.1228
    2.1196
    2.1148
    2.1055
    2.0961
    2.0986
    2.1015
    2.0887
    2.0761
    2.0762
    2.0841
    2.0606
    2.0853
    2.1068
    2.1001
    2.1425
    2.1765
    2.1709
    2.1709
    2.1574
    2.1389
    2.1212
    2.1015
    2.0996
    2.1140
    2.1385
    2.1517
    2.1517
    2.1526
    2.1243
    2.1348
    2.1517
    2.1687
    2.1342
    2.1381
    2.1301
    2.1301
    2.1143
    2.1559
    2.2005
    2.1989
    2.2048
    2.2411
    2.2594
    2.2573
    2.2596
    2.2596
    2.2763
    2.2431
    2.2507
    2.2349
    2.2822
    2.2630
    2.2905
    2.2762
    2.2762
    2.2856
    2.2848
    2.3512
    2.3281
    2.4028
    2.4177
    2.4404
    2.4522
    2.4522
    2.4712
    2.4431
    2.4633
    2.4299
    2.4311
    2.4255
    2.4383
    2.4555
    2.4555
    2.4782
    2.4679
    2.4816
    2.5218
    2.5754
    2.5852
    2.6300
    2.6118
    2.6118
    2.6587
    2.6544
    2.7354
    2.7278
    2.8116
    2.7654
    2.7054
    2.8052
    2.8052
    2.9471
    2.8835
    2.8938
    2.9262
    2.9653
    3.0152
    3.0015
    2.9903
    2.9295
    2.9295
    2.9308
    2.9817
    2.8715
    2.9139
    2.8355
    3.0024
    2.9208
    2.9188
    2.9188
    2.9437
    2.9278
    3.0483
    3.0009
    3.0262
    2.9866
    3.1056
    3.1939
    3.1939
    3.1158
    3.1765
    3.1673
    3.2138
    3.1791
    3.1145
