    6.4848
    6.6653
    8.2182
   13.7442
    5.7471
    2.8490
    5.6394
    3.9467
    5.6706
    5.1562
    4.3388
    3.7548
    3.6228
    3.4708
    3.2812
    2.7239
    3.3129
    3.7833
    3.3267
    3.7422
    3.7749
    3.2266
    2.8374
    3.1242
    3.0490
    3.4944
    3.6877
    4.5818
    5.1992
    5.4435
    5.3423
    5.8406
    5.5096
    5.9266
    5.1238
    5.1054
    5.3935
    5.3249
    5.6012
    5.4830
    5.5565
    5.4291
    5.1603
    4.9898
    5.1199
    4.9407
    4.5043
    4.6785
    4.3310
    4.4970
    4.4304
    4.2856
    3.6860
    3.6670
    3.5657
    3.5561
    3.3656
    3.1504
    2.9910
    2.9160
    2.7636
    2.5720
    2.5319
    2.4117
    2.2859
    2.0259
    1.8356
    1.9574
    2.0636
    2.0254
    2.0445
    1.9514
    1.8969
    2.2017
    2.2563
    1.9935
    2.0323
    1.9389
    1.8806
    1.8952
    1.8722
    1.8168
    1.8730
    1.9752
    2.2206
    2.1862
    2.1722
    2.2992
    2.1480
    2.2568
    2.2092
    2.2198
    2.1546
    1.9961
    2.0144
    2.2262
    2.2699
    2.4661
    2.6375
    2.7105
    2.5993
    2.8150
    2.8024
    2.8656
    2.8884
    2.9485
    2.8868
    2.8091
    2.5788
    2.5727
    2.4975
    2.5128
    2.4811
    2.5399
    2.7735
    2.6699
    2.6548
    2.7900
    2.4611
    2.3960
    2.3532
    2.3328
    2.3317
    2.2305
    2.0693
    1.8615
    1.8044
    1.6989
    1.6752
    1.6693
    1.5291
    1.5775
    1.4444
    1.4898
    1.5186
    1.5052
    1.5662
    1.6052
    1.5700
    1.6266
    1.6886
    1.7295
    1.7105
    1.6278
    1.5238
    1.5041
    1.4851
    1.4969
    1.4956
    1.5784
    1.6202
    1.6269
    1.6401
    1.6010
    1.5968
    1.6148
    1.6682
    1.6974
    1.7519
    1.8377
    1.9245
    2.0148
    2.0609
    1.9395
    1.8856
    1.9784
    1.9753
    2.0072
    2.0656
    2.0022
    2.1072
    1.9733
    1.9100
    1.8448
    1.8201
    1.8453
    1.8242
    1.8213
    1.8551
    1.8039
    1.8183
    1.8201
    1.8199
    1.8100
    1.8586
    1.8639
    1.8164
    1.8470
    1.8864
    1.8578
    1.8870
    1.8340
    1.8210
    1.8098
    1.8169
    1.8147
    1.8194
    1.7677
    1.7480
    1.7511
    1.7045
    1.6894
    1.6679
    1.6337
    1.6005
    1.6314
    1.6096
    1.6472
    1.6533
    1.6418
    1.6066
    1.6322
    1.6763
    1.6751
    1.6008
    1.5858
    1.6057
    1.5889
    1.6360
    1.6444
    1.6447
    1.6700
    1.6679
    1.6541
    1.6241
    1.6725
    1.6813
    1.7334
    1.7445
    1.7424
    1.7431
    1.7490
    1.7377
    1.7473
    1.7343
    1.7059
    1.6859
    1.6235
    1.5706
    1.5328
    1.5047
    1.5225
    1.5267
    1.5456
    1.5700
    1.5700
    1.5383
    1.5294
    1.5126
    1.5229
    1.5317
    1.5520
    1.5973
    1.6232
    1.5676
    1.5816
    1.5868
    1.6226
    1.6461
    1.6796
    1.7309
    1.8212
    1.7904
    1.7925
    1.8375
    1.8555
    1.8521
    1.8410
    1.8224
    1.8778
    1.8749
    1.9138
    1.8997
    1.9403
    1.9169
    1.8925
    1.8662
    1.8085
    1.7718
    1.7809
    1.7893
    1.7751
    1.7652
    1.7427
    1.7614
    1.7544
    1.7169
    1.7085
    1.6765
    1.6454
    1.6454
    1.6435
    1.6610
    1.6727
    1.6852
    1.7118
    1.7457
    1.7594
    1.7947
    1.8258
    1.8872
    1.8964
    1.8874
    1.9037
    1.9310
    1.9652
    2.0076
    2.0088
    1.9926
    1.9716
    1.9956
    1.9850
    2.0086
    2.0344
    2.0445
    2.0563
    2.0680
    2.0315
    2.0547
    2.0992
    2.1413
    2.1879
    2.1884
    2.1710
    2.1462
    2.1393
    2.1357
    2.1029
    2.0499
    2.0809
    2.0417
    2.0660
    2.0473
    2.0313
    2.0365
    2.0535
    2.0315
    2.0301
    2.0082
    2.0286
    2.0143
    2.0329
    1.9931
    2.0110
    1.9987
    2.0006
    2.0341
    2.0343
    2.0375
    2.0777
    2.1088
    2.1255
    2.1001
    2.0876
    2.1086
    2.1129
    2.1178
    2.1257
    2.1261
    2.0914
    2.1259
    2.1603
    2.1890
    2.2098
    2.2312
    2.2240
    2.2216
    2.2135
    2.1838
    2.1633
    2.1990
    2.1962
    2.1961
    2.1669
    2.1617
    2.1633
    2.1495
    2.1531
    2.1457
    2.1816
    2.2072
    2.2177
    2.2221
    2.2099
    2.1962
    2.1655
    2.1151
    2.1227
    2.1431
    2.1543
    2.1515
    2.1488
    2.1672
    2.1585
    2.1448
    2.1300
    2.1336
    2.1165
    2.0719
    2.0921
    2.0647
    2.0480
    1.9943
    2.0077
    1.9756
    1.9711
    1.9953
    2.0131
    2.0286
    2.0219
    2.0007
    1.9937
    2.0054
    2.0247
    2.0541
    2.0312
    2.0399
    2.0366
    2.0585
    2.0608
    2.0391
    2.0231
    2.0151
    1.9764
    1.9889
    1.9789
    1.9691
    1.9629
    1.9928
    1.9924
    1.9946
    2.0267
    2.0273
    2.0237
    2.0286
    2.0439
    2.0415
    2.0695
    2.0752
    2.0694
    2.0535
    2.0443
    2.0432
    2.0550
    2.0617
    2.0791
    2.0864
    2.1045
    2.1182
    2.0960
    2.0753
    2.0695
    2.0860
    2.0915
    2.0746
    2.0691
    2.0500
    2.0275
    2.0359
    2.0724
    2.0987
    2.1048
    2.1068
    2.1163
    2.1213
    2.1008
    2.0742
    2.0713
    2.0831
    2.0622
    2.0594
    2.0408
    2.0363
    2.0389
    2.0461
    2.0137
    2.0000
    2.0028
    1.9769
    1.9636
    1.9438
    1.9221
    1.9253
    1.9161
    1.9249
    1.9124
    1.9101
    1.9193
    1.9202
    1.9017
    1.8992
    1.9021
    1.9096
    1.8898
    1.8877
    1.8723
    1.8418
    1.8451
    1.8742
    1.8562
    1.8636
    1.8894
    1.9073
    1.9182
    1.9425
    1.9433
    1.9735
    2.0115
    2.0084
    1.9999
    2.0114
    1.9842
    1.9871
    1.9953
    2.0000
    2.0014
    2.0172
    2.0323
    2.0274
    2.0139
    2.0035
    2.0202
    2.0229
    2.0159
    2.0206
    2.0042
    1.9964
    2.0053
    2.0106
    2.0227
    2.0475
    2.0527
    2.0587
    2.0670
    2.0698
    2.0854
    2.1001
    2.1100
    2.1080
    2.1022
    2.1250
    2.1211
    2.1166
    2.1061
    2.1270
    2.1406
    2.1467
    2.1510
    2.1702
    2.1599
    2.1411
    2.1280
    2.1212
    2.1449
    2.1457
    2.1474
    2.1541
    2.1601
    2.1608
    2.1524
    2.1500
    2.1555
    2.1406
    2.1181
    2.1265
    2.1606
    2.1708
    2.1695
    2.1801
    2.1761
    2.1769
    2.1952
    2.1788
    2.1692
    2.1793
    2.1954
    2.2182
    2.2281
    2.2394
    2.2480
    2.2407
    2.2158
    2.2343
    2.2244
    2.2278
    2.2376
    2.2418
    2.2672
    2.2670
    2.2691
    2.2616
    2.2763
    2.2672
    2.2780
    2.2948
    2.2896
    2.2983
    2.2993
    2.2649
    2.2984
    2.2999
    2.2842
    2.3069
    2.3147
    2.3307
    2.3463
    2.3533
    2.3356
    2.3362
    2.3490
    2.3604
    2.3824
    2.4041
    2.4012
    2.3977
    2.3943
    2.4069
    2.4028
    2.3873
    2.3870
    2.4125
    2.4389
    2.4236
    2.4327
    2.4445
    2.4880
    2.4882
    2.4743
    2.4746
    2.5028
    2.4995
    2.4951
    2.4970
    2.4666
    2.4447
    2.4261
    2.4072
    2.3837
    2.3870
    2.3871
    2.3812
    2.3829
    2.3740
    2.3604
    2.3780
    2.3722
    2.3588
    2.3704
    2.3593
    2.3620
    2.3711
    2.3695
    2.3741
    2.3874
    2.3722
    2.3552
    2.3411
    2.3404
    2.3660
    2.3775
    2.3729
    2.3363
    2.3514
    2.3480
    2.3124
    2.3095
    2.3018
    2.2895
    2.2811
    2.2950
    2.2959
    2.2993
    2.3177
    2.3336
    2.3195
    2.3008
    2.2896
    2.2877
    2.2875
    2.2807
    2.2814
    2.2719
    2.2765
    2.2795
    2.2819
    2.2598
    2.2529
    2.2371
    2.2150
    2.2020
    2.1979
    2.1738
    2.1843
    2.1959
    2.2087
    2.1902
    2.1906
    2.1773
    2.1892
    2.1800
    2.1754
    2.1883
    2.1747
    2.1830
    2.1825
    2.1788
    2.1989
    2.2145
    2.2319
    2.2216
    2.2183
    2.1939
    2.1910
    2.1766
    2.1615
    2.1693
    2.1541
    2.1485
    2.1343
    2.1323
    2.1356
    2.1561
    2.1571
    2.1539
    2.1509
    2.1553
    2.1791
    2.1661
    2.1545
    2.1436
    2.1365
    2.1331
    2.1551
    2.1506
    2.1534
    2.1684
    2.1676
    2.1860
    2.1948
    2.1940
    2.1909
    2.1787
    2.1752
    2.1867
    2.1861
    2.1744
    2.1641
    2.1653
    2.1669
    2.1796
    2.1773
    2.1516
    2.1476
    2.1418
    2.1752
    2.1737
    2.1755
    2.1716
    2.1727
    2.1556
    2.1617
    2.1650
    2.1716
    2.1563
    2.1601
    2.1786
    2.1677
    2.1798
    2.1682
    2.1566
    2.1538
    2.1499
    2.1374
    2.1334
    2.1418
    2.1335
    2.1329
    2.1517
    2.1636
    2.1599
    2.1787
    2.1608
    2.1450
    2.1545
    2.1598
    2.1524
    2.1571
    2.1552
    2.1615
    2.1665
    2.1578
    2.1523
    2.1510
    2.1421
    2.1468
    2.1579
    2.1549
    2.1532
    2.1637
    2.1693
    2.1598
    2.1710
    2.1739
    2.1808
    2.1737
    2.1700
    2.1724
    2.1740
    2.1721
    2.1839
    2.1848
    2.1716
    2.1620
    2.1710
    2.1746
    2.1779
    2.1726
    2.1732
    2.1729
    2.1656
    2.1657
    2.1612
    2.1647
    2.1512
    2.1523
    2.1646
    2.1807
    2.1808
    2.1786
    2.1625
    2.1532
    2.1579
    2.1638
    2.1826
    2.1829
    2.1788
    2.1896
    2.2110
    2.2101
    2.2104
    2.2187
    2.2228
    2.2177
    2.2179
    2.2106
    2.2073
    2.2078
    2.2016
    2.1863
    2.1941
    2.2115
    2.2175
    2.2175
    2.2227
    2.2121
    2.2115
    2.2160
    2.2059
    2.1978
    2.1970
    2.1959
    2.1957
    2.1936
    2.2012
    2.2034
    2.2033
    2.2189
    2.2358
    2.2452
    2.2502
    2.2502
    2.2617
    2.2596
    2.2501
    2.2463
    2.2432
    2.2671
    2.2673
    2.2688
    2.2691
    2.2550
    2.2654
    2.2851
    2.2747
    2.2741
    2.2875
    2.2799
    2.2893
    2.2939
    2.2935
    2.2734
    2.2442
    2.2259
    2.2464
    2.2664
    2.2649
    2.2895
    2.2706
    2.2698
    2.2911
    2.3162
    2.3194
    2.3341
    2.3451
    2.3631
    2.3680
    2.3813
    2.3814
    2.3724
    2.3525
    2.3491
    2.3549
    2.3637
    2.3483
    2.3370
    2.2991
    2.2991
    2.3130
    2.3148
    2.3287
    2.3243
    2.3374
    2.3223
    2.3350
    2.2988
    2.2988
    2.3137
    2.2865
    2.2912
    2.2520
    2.2262
    2.1883
    2.2154
    2.2512
    2.2512
    2.2614
    2.2739
    2.2384
    2.2321
    2.2564
    2.3116
    2.3123
    2.2905
    2.2702
    2.2702
    2.2646
    2.3212
    2.3453
    2.3490
    2.3636
    2.3368
    2.3187
    2.3470
    2.3470
    2.3798
    2.3495
    2.3718
    2.4009
    2.3852
    2.3542
    2.3092
    2.3691
    2.3691
    2.4016
    2.3566
    2.3950
    2.3648
    2.3160
    2.3552
    2.4255
    2.4281
    2.4281
    2.4936
    2.4961
    2.5375
    2.5054
    2.5171
    2.5681
    2.5799
    2.4540
    2.4540
    2.4940
    2.5368
    2.4274
    2.4898
    2.5962
    2.5188
    2.5305
    2.5984
    2.5984
    2.6207
    2.5879
    2.5619
    2.4950
    2.5054
    2.5846
    2.5797
    2.6156
    2.6325
    2.6325
    2.6674
    2.6238
    2.4570
    2.4814
    2.5128
    2.4150
    2.4369
    2.5437
    2.5437
    2.5493
    2.5412
    2.5762
    2.5257
    2.4695
    2.4646
    2.4243
    2.3709
    2.3709
    2.3943
    2.3940
    2.3277
    2.3999
    2.4522
    2.4707
