    1.7365
    1.6663
    1.5553
    2.4137
   10.4734
    2.0279
    1.2637
    3.1972
    2.1744
    2.5995
    4.5694
    6.1391
    5.4615
    5.8186
    5.4904
    3.8424
    3.0865
    2.6401
    2.3069
    2.8324
    2.6304
    2.2800
    2.2829
    2.5681
    2.5328
    2.3923
    2.2131
    2.3780
    2.4722
    2.1801
    1.9681
    1.9744
    1.1040
    0.9886
    1.0719
    1.1628
    1.2412
    1.2581
    1.1738
    1.0783
    1.1598
    1.4244
    1.6425
    1.5104
    1.3872
    1.4874
    1.3194
    1.2597
    1.4326
    1.5462
    1.4976
    1.6385
    1.3428
    1.1205
    1.0598
    1.1385
    1.0636
    0.9939
    1.0250
    1.0575
    1.0850
    0.9081
    0.8060
    0.8221
    0.8387
    0.7633
    0.8132
    0.8493
    0.8792
    0.9112
    0.8850
    0.8297
    0.8689
    0.9050
    0.9775
    1.0206
    0.9996
    1.0117
    1.1032
    1.1383
    1.1273
    1.0486
    1.1129
    1.2135
    1.2485
    1.3349
    1.3997
    1.3266
    1.3934
    1.4554
    1.3162
    1.3136
    1.3518
    1.3149
    1.2572
    1.1898
    1.1964
    1.1927
    1.2770
    1.2135
    1.2410
    1.2393
    1.2957
    1.3424
    1.2914
    1.1491
    1.1017
    1.0740
    1.0464
    1.0400
    1.0528
    1.0795
    1.1175
    1.0775
    1.1124
    1.1022
    1.1111
    1.1389
    1.1804
    1.1698
    1.1734
    1.1378
    1.1046
    1.1995
    1.1639
    1.1183
    1.1021
    1.1683
    1.1474
    1.1616
    1.1390
    1.1466
    1.1694
    1.1661
    1.1571
    1.1795
    1.1618
    1.1543
    1.1602
    1.1369
    1.1328
    1.1661
    1.1549
    1.1360
    1.1262
    1.1074
    1.1296
    1.1274
    1.1250
    1.1040
    1.0902
    1.0907
    1.0841
    1.0702
    1.0726
    1.0799
    1.0734
    1.0465
    1.0664
    1.0828
    1.0292
    1.0444
    1.0437
    1.0879
    1.1130
    1.0710
    1.0736
    1.0558
    1.0265
    1.0313
    0.9959
    0.9983
    1.0093
    1.0329
    1.0578
    1.0469
    1.0435
    1.0305
    1.0076
    1.0179
    1.0540
    1.0722
    1.0847
    1.0942
    1.0855
    1.0743
    1.0819
    1.0883
    1.0789
    1.1098
    1.1314
    1.1332
    1.1321
    1.1563
    1.1589
    1.1597
    1.1811
    1.1658
    1.1838
    1.1888
    1.1627
    1.1381
    1.1373
    1.1597
    1.1761
    1.1605
    1.1191
    1.1082
    1.1105
    1.0985
    1.1088
    1.0938
    1.1098
    1.1256
    1.1605
    1.1921
    1.1906
    1.2030
    1.1983
    1.2023
    1.2115
    1.2449
    1.2430
    1.2450
    1.2441
    1.2531
    1.2601
    1.2318
    1.2572
    1.2952
    1.2937
    1.2927
    1.2938
    1.2875
    1.2674
    1.2762
    1.2247
    1.2212
    1.2369
    1.2096
    1.1941
    1.1719
    1.1892
    1.1930
    1.1711
    1.1694
    1.1367
    1.1215
    1.0886
    1.0592
    1.0494
    1.0408
    1.0230
    0.9914
    0.9560
    0.9413
    0.9135
    0.9022
    0.9000
    0.8761
    0.8733
    0.8638
    0.8762
    0.8828
    0.8754
    0.8910
    0.9123
    0.9222
    0.9178
    0.9071
    0.8953
    0.8765
    0.8691
    0.8696
    0.8758
    0.8824
    0.8854
    0.8878
    0.8802
    0.8694
    0.8750
    0.8746
    0.8752
    0.8725
    0.8789
    0.8807
    0.8833
    0.8868
    0.8925
    0.8964
    0.8939
    0.8937
    0.9042
    0.9111
    0.9031
    0.9067
    0.8976
    0.9043
    0.8970
    0.9092
    0.9026
    0.9121
    0.9244
    0.9320
    0.9445
    0.9430
    0.9512
    0.9685
    0.9718
    0.9756
    1.0099
    1.0121
    1.0192
    1.0415
    1.0519
    1.0548
    1.0672
    1.0871
    1.0995
    1.1303
    1.1323
    1.1653
    1.1776
    1.1932
    1.2121
    1.2206
    1.2579
    1.2865
    1.2951
    1.3036
    1.3186
    1.2992
    1.3047
    1.3245
    1.3221
    1.3267
    1.3034
    1.2989
    1.3077
    1.2933
    1.2915
    1.2933
    1.3430
    1.3887
    1.3922
    1.4172
    1.4241
    1.4256
    1.4079
    1.4043
    1.4198
    1.4441
    1.4414
    1.4445
    1.4569
    1.4563
    1.4553
    1.4577
    1.4537
    1.4282
    1.4496
    1.4692
    1.4613
    1.4561
    1.4441
    1.4569
    1.4654
    1.4754
    1.4746
    1.4925
    1.4879
    1.5215
    1.5142
    1.5195
    1.5202
    1.5203
    1.5390
    1.5389
    1.5378
    1.5391
    1.5197
    1.5093
    1.4943
    1.5108
    1.5141
    1.4886
    1.4725
    1.4631
    1.4600
    1.4589
    1.4484
    1.4327
    1.4414
    1.4644
    1.4817
    1.4890
    1.5035
    1.5077
    1.5163
    1.5092
    1.5018
    1.5093
    1.5017
    1.4667
    1.4629
    1.4553
    1.4450
    1.4388
    1.4293
    1.4275
    1.4318
    1.4283
    1.4264
    1.4109
    1.4143
    1.4261
    1.4378
    1.4376
    1.4438
    1.4345
    1.4275
    1.4277
    1.4332
    1.4269
    1.4337
    1.4252
    1.4067
    1.4096
    1.3909
    1.3931
    1.3631
    1.3561
    1.3208
    1.2947
    1.2785
    1.2634
    1.2586
    1.2460
    1.2368
    1.2481
    1.2437
    1.2357
    1.2330
    1.2162
    1.2160
    1.2121
    1.2089
    1.2096
    1.2072
    1.1902
    1.1796
    1.1689
    1.1747
    1.1768
    1.1584
    1.1529
    1.1425
    1.1436
    1.1323
    1.1426
    1.1292
    1.1138
    1.1034
    1.0901
    1.0767
    1.0643
    1.0617
    1.0766
    1.0555
    1.0409
    1.0507
    1.0564
    1.0495
    1.0484
    1.0473
    1.0484
    1.0480
    1.0473
    1.0453
    1.0461
    1.0365
    1.0383
    1.0385
    1.0345
    1.0342
    1.0348
    1.0407
    1.0350
    1.0317
    1.0308
    1.0269
    1.0266
    1.0190
    1.0131
    1.0135
    1.0109
    1.0023
    0.9866
    0.9785
    0.9704
    0.9675
    0.9594
    1.0307
    1.0455
    1.0472
    1.0393
    1.0308
    1.0373
    1.0489
    1.0536
    1.0515
    1.0549
    1.0600
    1.0581
    1.0679
    1.0638
    1.0546
    1.0546
    1.0576
    1.0570
    1.0540
    1.0532
    1.0539
    1.0390
    1.0329
    1.0355
    1.0430
    1.0467
    1.0462
    1.0482
    1.0485
    1.0458
    1.0512
    1.0521
    1.0576
    1.0545
    1.0599
    1.0642
    1.0773
    1.0881
    1.0838
    1.0865
    1.0976
    1.0980
    1.1081
    1.1106
    1.1059
    1.1040
    1.1052
    1.1079
    1.1072
    1.1141
    1.1174
    1.1118
    1.1138
    1.1166
    1.1182
    1.1213
    1.1228
    1.1281
    1.1221
    1.1242
    1.1295
    1.1343
    1.1408
    1.1475
    1.1616
    1.1676
    1.1692
    1.1695
    1.1690
    1.1834
    1.1854
    1.1833
    1.1958
    1.1978
    1.1958
    1.1973
    1.2025
    1.2022
    1.2117
    1.2176
    1.2287
    1.2334
    1.2405
    1.2438
    1.2420
    1.2637
    1.2656
    1.2574
    1.2725
    1.2876
    1.2877
    1.2914
    1.2917
    1.2851
    1.2952
    1.3032
    1.3095
    1.3034
    1.3075
    1.3130
    1.3126
    1.3280
    1.3171
    1.3305
    1.3332
    1.3436
    1.3399
    1.3404
    1.3426
    1.3448
    1.3471
    1.3586
    1.3603
    1.3710
    1.3750
    1.3749
    1.3780
    1.3776
    1.4043
    1.4148
    1.4172
    1.4259
    1.4278
    1.4254
    1.4401
    1.4393
    1.4359
    1.4352
    1.4412
    1.4388
    1.4468
    1.3959
    1.3846
    1.3864
    1.3985
    1.4118
    1.4209
    1.4138
    1.4168
    1.4190
    1.4193
    1.4242
    1.4295
    1.4284
    1.4324
    1.4322
    1.4337
    1.4446
    1.4480
    1.4610
    1.4533
    1.4531
    1.4520
    1.4652
    1.4722
    1.4850
    1.4856
    1.4937
    1.5116
    1.5032
    1.5020
    1.5072
    1.4967
    1.5010
    1.5096
    1.5138
    1.5268
    1.5229
    1.5271
    1.5086
    1.4931
    1.4935
    1.5030
    1.5060
    1.5121
    1.5071
    1.5089
    1.5007
    1.4910
    1.4953
    1.4900
    1.4879
    1.4731
    1.4677
    1.4717
    1.4649
    1.4829
    1.4860
    1.4778
    1.4650
    1.4578
    1.4559
    1.4391
    1.4530
    1.4586
    1.4671
    1.4659
    1.4621
    1.4531
    1.4664
    1.4646
    1.4650
    1.4613
    1.4550
    1.4646
    1.4608
    1.4530
    1.4480
    1.4540
    1.4416
    1.4424
    1.4304
    1.4416
    1.4499
    1.4560
    1.4573
    1.4491
    1.4352
    1.4219
    1.4230
    1.4202
    1.4139
    1.4101
    1.4082
    1.4093
    1.4109
    1.4188
    1.4291
    1.4185
    1.4148
    1.4233
    1.4215
    1.4131
    1.4165
    1.4245
    1.4239
    1.4315
    1.4223
    1.4320
    1.4262
    1.4195
    1.4262
    1.4291
    1.4239
    1.4281
    1.4127
    1.4154
    1.4235
    1.4269
    1.4332
    1.4293
    1.4169
    1.4130
    1.4295
    1.4300
    1.4185
    1.4214
    1.4066
    1.4114
    1.4212
    1.4250
    1.4293
    1.4305
    1.4282
    1.4311
    1.4364
    1.4342
    1.4323
    1.4416
    1.4467
    1.4494
    1.4468
    1.4470
    1.4482
    1.4464
    1.4550
    1.4587
    1.4574
    1.4605
    1.4611
    1.4531
    1.4646
    1.4691
    1.4698
    1.4723
    1.4779
    1.4845
    1.4923
    1.5031
    1.5105
    1.5244
    1.5333
    1.5327
    1.5465
    1.5380
    1.5435
    1.5519
    1.5541
    1.5551
    1.5654
    1.5761
    1.5776
    1.5885
    1.5932
    1.6089
    1.6170
    1.6286
    1.6271
    1.6296
    1.6254
    1.6323
    1.6312
    1.6353
    1.6370
    1.6391
    1.6376
    1.6339
    1.6316
    1.6333
    1.6379
    1.6421
    1.6407
    1.6419
    1.6455
    1.6475
    1.6424
    1.6356
    1.6396
    1.6349
    1.6323
    1.6416
    1.6442
    1.6441
    1.6466
    1.6397
    1.6479
    1.6498
    1.6415
    1.6411
    1.6350
    1.6294
    1.6303
    1.6404
    1.6439
    1.6559
    1.6732
    1.6718
    1.6751
    1.6759
    1.6750
    1.6751
    1.6723
    1.6795
    1.6782
    1.6831
    1.6951
    1.7010
    1.7046
    1.7129
    1.7128
    1.7276
    1.7379
    1.7395
    1.7387
    1.7477
    1.7427
    1.7500
    1.7693
    1.7692
    1.7846
    1.7933
    1.7962
    1.8031
    1.8207
    1.8157
    1.8118
    1.8028
    1.8029
    1.7985
    1.8072
    1.8328
    1.8206
    1.8269
    1.8334
    1.8332
    1.8334
    1.8481
    1.8480
    1.8551
    1.8687
    1.8815
    1.8957
    1.8806
    1.8942
    1.9207
    1.9199
    1.9197
    1.9354
    1.9203
    1.9097
    1.9006
    1.9137
    1.9296
    1.9449
    1.9672
    1.9672
    1.9896
    1.9960
    2.0088
    2.0153
    2.0306
    2.0312
    2.0409
    2.0487
    2.0487
    2.0523
    2.0538
    2.0500
    2.0626
    2.0698
    2.0592
    2.0686
    2.0993
    2.0993
    2.1126
    2.1274
    2.1243
    2.1246
    2.1235
    2.1315
    2.1110
    2.1616
    2.1616
    2.1922
    2.1756
    2.1835
    2.1772
    2.1967
    2.1802
    2.2285
    2.2321
    2.2433
    2.2433
    2.2498
    2.2221
    2.2627
    2.2699
    2.3075
    2.3314
    2.3116
    2.3144
    2.3144
    2.3792
    2.4063
    2.4210
    2.4813
    2.4826
    2.4952
    2.5188
    2.5145
    2.5145
    2.5213
    2.5352
    2.5690
    2.5968
    2.5814
    2.6337
    2.6545
    2.6220
    2.6220
    2.6060
    2.6162
    2.6157
    2.6392
    2.6171
    2.6609
    2.7084
    2.7074
    2.7074
    2.7115
    2.7570
    2.7842
    2.7650
    2.7660
    2.7371
    2.7685
    2.7766
    2.7766
    2.7679
    2.7707
    2.7522
    2.7353
    2.6679
    2.6872
    2.6950
    2.6217
    2.6472
    2.6472
    2.6722
    2.7131
    2.6616
    2.7054
    2.6844
    2.6628
    2.6501
    2.6681
    2.6681
    2.7330
    2.6112
    2.5426
    2.5441
    2.4259
    2.5165
    2.3439
    2.2648
    2.2648
    2.2106
    2.1227
    2.1253
    2.1960
    2.2857
    2.2794
