    3.5509
    3.4522
    2.9696
    5.2899
    2.5927
    9.2750
    2.4994
    3.3442
    1.8451
    2.2813
    1.7372
    2.9265
    2.1367
    2.7137
    2.3068
    3.9603
    3.4399
    3.2039
    3.2841
    2.9348
    3.0237
    3.2358
    3.0395
    2.8811
    2.7614
    2.5969
    2.5345
    2.8912
    3.2579
    3.7879
    3.5519
    3.3153
    2.5725
    2.4063
    2.0352
    1.9903
    1.9269
    1.7978
    1.7673
    1.9391
    2.1977
    2.0142
    2.2625
    2.1917
    2.0960
    2.1497
    2.3030
    2.2502
    2.1092
    2.3592
    2.1306
    2.0876
    2.1523
    1.6158
    1.7973
    1.9705
    1.8720
    1.8271
    1.6209
    1.7110
    1.7129
    1.6802
    1.5194
    1.4588
    1.4856
    1.4713
    1.4580
    1.6569
    1.4836
    1.3588
    1.3491
    1.2167
    1.1804
    1.1450
    1.2235
    1.1304
    1.1158
    1.0983
    1.1209
    1.1159
    1.0391
    1.0543
    1.0280
    0.9710
    0.9416
    0.8829
    0.8933
    0.8647
    0.8577
    0.8632
    0.8587
    0.8597
    0.8702
    0.8841
    0.8595
    0.8609
    0.8664
    0.8998
    0.8889
    0.9127
    0.9165
    0.9087
    0.9596
    0.9247
    0.9746
    1.0025
    0.9743
    0.9538
    0.9340
    0.9442
    0.9396
    0.9581
    1.0426
    1.0293
    1.0514
    1.0451
    1.0508
    1.0044
    1.0354
    1.0293
    1.0310
    1.0354
    1.0063
    1.0110
    1.0039
    1.0296
    1.0346
    1.0717
    1.0957
    1.0783
    1.0581
    1.0389
    1.0533
    1.0920
    1.0658
    1.1019
    1.1028
    1.0743
    1.0477
    1.0517
    1.0239
    0.9965
    0.9706
    0.9456
    0.9437
    0.9222
    0.9027
    0.8865
    0.8804
    0.8762
    0.8767
    0.8769
    0.8726
    0.8671
    0.8681
    0.8207
    0.8063
    0.7763
    0.7498
    0.7460
    0.7300
    0.7304
    0.7282
    0.7671
    0.7599
    0.7660
    0.7541
    0.7465
    0.7291
    0.7364
    0.7414
    0.7592
    0.7704
    0.7795
    0.7827
    0.7835
    0.7979
    0.8026
    0.7890
    0.7896
    0.7813
    0.7804
    0.7757
    0.7796
    0.7860
    0.7841
    0.7939
    0.8202
    0.8312
    0.8257
    0.8145
    0.8217
    0.8294
    0.8282
    0.8247
    0.8304
    0.8472
    0.8535
    0.8794
    0.8711
    0.8625
    0.8558
    0.8599
    0.8569
    0.8534
    0.8548
    0.8337
    0.8275
    0.8305
    0.8325
    0.8232
    0.8293
    0.8480
    0.8606
    0.8463
    0.8486
    0.8433
    0.8497
    0.8480
    0.8616
    0.8658
    0.8742
    0.8840
    0.9015
    0.9084
    0.9050
    0.9080
    0.9353
    0.9280
    0.9345
    0.9453
    0.9395
    0.9250
    0.9360
    0.9165
    0.9314
    0.9115
    0.9123
    0.9388
    0.9440
    0.9428
    0.9398
    0.9264
    0.9152
    0.9137
    0.9218
    0.9098
    0.8920
    0.8899
    0.8740
    0.8644
    0.8712
    0.8654
    0.8735
    0.8746
    0.8843
    0.8937
    0.8992
    0.8905
    0.8727
    0.8671
    0.8753
    0.8788
    0.8811
    0.8811
    0.8644
    0.8576
    0.8465
    0.8296
    0.8059
    0.8032
    0.7968
    0.7975
    0.7905
    0.7910
    0.7836
    0.7934
    0.7981
    0.7994
    0.8005
    0.7906
    0.7934
    0.8026
    0.8034
    0.8093
    0.8149
    0.8115
    0.8117
    0.8217
    0.8240
    0.8181
    0.8235
    0.8315
    0.8415
    0.8487
    0.8590
    0.8589
    0.8651
    0.8682
    0.8645
    0.8523
    0.8627
    0.8818
    0.8706
    0.8748
    0.8829
    0.8985
    0.9107
    0.9286
    0.9311
    0.9474
    0.9450
    0.9633
    0.9640
    0.9867
    0.9887
    0.9934
    1.0024
    0.9948
    1.0154
    1.0184
    1.0221
    1.0153
    1.0102
    1.0094
    1.0127
    1.0256
    1.0395
    1.0490
    1.0435
    1.0530
    1.0483
    1.0551
    1.0574
    1.0845
    1.0871
    1.1030
    1.1280
    1.1431
    1.1487
    1.1451
    1.1551
    1.1708
    1.1797
    1.1853
    1.1777
    1.1846
    1.1807
    1.1771
    1.1725
    1.1841
    1.1804
    1.1768
    1.1716
    1.1710
    1.1662
    1.1637
    1.1619
    1.1726
    1.1591
    1.1579
    1.1571
    1.1651
    1.1575
    1.1606
    1.1704
    1.1768
    1.1770
    1.1830
    1.1892
    1.1915
    1.1835
    1.1845
    1.1822
    1.1849
    1.1737
    1.1796
    1.1815
    1.1704
    1.1711
    1.1756
    1.1639
    1.1717
    1.1769
    1.1812
    1.1766
    1.1770
    1.1811
    1.1882
    1.1951
    1.1863
    1.1817
    1.1868
    1.1822
    1.1887
    1.1848
    1.1723
    1.1770
    1.1788
    1.1787
    1.1882
    1.1790
    1.1652
    1.1604
    1.1554
    1.1503
    1.1622
    1.1690
    1.1814
    1.1907
    1.1964
    1.1879
    1.2010
    1.2018
    1.1962
    1.1931
    1.1904
    1.1901
    1.1843
    1.1801
    1.1813
    1.1691
    1.1593
    1.1589
    1.1636
    1.1655
    1.1638
    1.1551
    1.1647
    1.1638
    1.1738
    1.1747
    1.1748
    1.1690
    1.1664
    1.1730
    1.1801
    1.1731
    1.1828
    1.1858
    1.1956
    1.2041
    1.2066
    1.2144
    1.2157
    1.2145
    1.2186
    1.2173
    1.2265
    1.2227
    1.2260
    1.2136
    1.2157
    1.2217
    1.2154
    1.2302
    1.2287
    1.2552
    1.2611
    1.2622
    1.2605
    1.2584
    1.2692
    1.2644
    1.2720
    1.2789
    1.2632
    1.2732
    1.2857
    1.2719
    1.2746
    1.2736
    1.2746
    1.2934
    1.2956
    1.2978
    1.2994
    1.3173
    1.3133
    1.3134
    1.3178
    1.3160
    1.3231
    1.3233
    1.3054
    1.3105
    1.3132
    1.3171
    1.3010
    1.2983
    1.3145
    1.3290
    1.3313
    1.3449
    1.3475
    1.3525
    1.3577
    1.3581
    1.3559
    1.3737
    1.3828
    1.3806
    1.3807
    1.3823
    1.3799
    1.3807
    1.3799
    1.3854
    1.3974
    1.3922
    1.4049
    1.3946
    1.3806
    1.3789
    1.4178
    1.4160
    1.4120
    1.4367
    1.4624
    1.4654
    1.4864
    1.4932
    1.5180
    1.5323
    1.5317
    1.5455
    1.5637
    1.5752
    1.5936
    1.6030
    1.6405
    1.6371
    1.6454
    1.6563
    1.6580
    1.6569
    1.6605
    1.6679
    1.6931
    1.6968
    1.6925
    1.7067
    1.7147
    1.7162
    1.7333
    1.7282
    1.7396
    1.7415
    1.7540
    1.7500
    1.7464
    1.7622
    1.7610
    1.7656
    1.7748
    1.7921
    1.7843
    1.7902
    1.7843
    1.7974
    1.8046
    1.8309
    1.8375
    1.8552
    1.8508
    1.8552
    1.8807
    1.8749
    1.8839
    1.9036
    1.9243
    1.9296
    1.9595
    1.9697
    1.9821
    1.9866
    1.9835
    1.9804
    1.9747
    1.9793
    1.9800
    1.9914
    1.9857
    2.0095
    2.0156
    2.0228
    2.0288
    2.0263
    2.0359
    2.0210
    2.0080
    2.0344
    2.0526
    2.0736
    2.0989
    2.1132
    2.0970
    2.0957
    2.0905
    2.0962
    2.1052
    2.1079
    2.1279
    2.1491
    2.1793
    2.1711
    2.1728
    2.1816
    2.1828
    2.1828
    2.2128
    2.2302
    2.2439
    2.2342
    2.2373
    2.2542
    2.2428
    2.2599
    2.2583
    2.2582
    2.2478
    2.2048
    2.2036
    2.2012
    2.2038
    2.2108
    2.2137
    2.2066
    2.1674
    2.1519
    2.1451
    2.1210
    2.1272
    2.1496
    2.1245
    2.1451
    2.1477
    2.1655
    2.1391
    2.1414
    2.1270
    2.1398
    2.1402
    2.1402
    2.1419
    2.1314
    2.1324
    2.1093
    2.0775
    2.0792
    2.0775
    2.0842
    2.0526
    2.0246
    2.0139
    1.9983
    1.9996
    1.9799
    1.9861
    1.9983
    1.9990
    2.0119
    2.0099
    2.0128
    2.0141
    2.0223
    2.0107
    1.9962
    1.9978
    2.0088
    2.0139
    2.0192
    2.0281
    2.0315
    2.0481
    2.0483
    2.0515
    2.0579
    2.0447
    2.0395
    2.0453
    2.0545
    2.0484
    2.0471
    2.0500
    2.0642
    2.0647
    2.0575
    2.0616
    2.0634
    2.0766
    2.0768
    2.0748
    2.0814
    2.0885
    2.0888
    2.0953
    2.0952
    2.0892
    2.0744
    2.0724
    2.0732
    2.0795
    2.0847
    2.0721
    2.0706
    2.0632
    2.0535
    2.0515
    2.0464
    2.0422
    2.0398
    2.0605
    2.0580
    2.0647
    2.0685
    2.0752
    2.0625
    2.0676
    2.0620
    2.0607
    2.0568
    2.0453
    2.0299
    2.0287
    2.0244
    2.0139
    2.0085
    2.0140
    2.0143
    2.0165
    2.0149
    2.0134
    2.0086
    2.0167
    2.0003
    2.0005
    1.9998
    1.9898
    1.9952
    2.0017
    2.0105
    2.0094
    2.0026
    2.0231
    2.0125
    2.0088
    2.0091
    1.9998
    1.9880
    1.9963
    1.9990
    1.9963
    2.0024
    2.0014
    1.9957
    1.9879
    1.9960
    1.9956
    1.9829
    1.9836
    1.9801
    1.9870
    1.9957
    2.0032
    2.0094
    2.0151
    2.0189
    2.0202
    2.0237
    2.0154
    2.0202
    2.0237
    2.0242
    2.0310
    2.0223
    2.0297
    2.0287
    2.0305
    2.0378
    2.0370
    2.0397
    2.0387
    2.0517
    2.0506
    2.0631
    2.0693
    2.0725
    2.0616
    2.0669
    2.0715
    2.0793
    2.0995
    2.1056
    2.1013
    2.1206
    2.1174
    2.1243
    2.1214
    2.1332
    2.1324
    2.1208
    2.1228
    2.1275
    2.1443
    2.1476
    2.1495
    2.1580
    2.1557
    2.1633
    2.1643
    2.1681
    2.1672
    2.1770
    2.1818
    2.1850
    2.1946
    2.2103
    2.2126
    2.2158
    2.2150
    2.2282
    2.2240
    2.2450
    2.2480
    2.2545
    2.2601
    2.2637
    2.2747
    2.2677
    2.2587
    2.2601
    2.2584
    2.2552
    2.2557
    2.2558
    2.2493
    2.2498
    2.2425
    2.2496
    2.2544
    2.2546
    2.2451
    2.2441
    2.2472
    2.2482
    2.2460
    2.2384
    2.2358
    2.2209
    2.2198
    2.2134
    2.2129
    2.2056
    2.2066
    2.2195
    2.2244
    2.2195
    2.2169
    2.2216
    2.2172
    2.2167
    2.2149
    2.2079
    2.2008
    2.2001
    2.2081
    2.2061
    2.2081
    2.1998
    2.1993
    2.1981
    2.2029
    2.1980
    2.1939
    2.1890
    2.1876
    2.1805
    2.1798
    2.1794
    2.1794
    2.1936
    2.1893
    2.1904
    2.1769
    2.1797
    2.1815
    2.1897
    2.1917
    2.1910
    2.2010
    2.2070
    2.2047
    2.2035
    2.2032
    2.2153
    2.2233
    2.1985
    2.1968
    2.1899
    2.1807
    2.1838
    2.1711
    2.1844
    2.1878
    2.1751
    2.1807
    2.1801
    2.1836
    2.1823
    2.1909
    2.2158
    2.2195
    2.2205
    2.2432
    2.2425
    2.2425
    2.2580
    2.2581
    2.2600
    2.2580
    2.2672
    2.2683
    2.2806
    2.2780
    2.2780
    2.2701
    2.2998
    2.2937
    2.3006
    2.3233
    2.3053
    2.2976
    2.2907
    2.2907
    2.2988
    2.3012
    2.3352
    2.3031
    2.3250
    2.3284
    2.3175
    2.3297
    2.3482
    2.3482
    2.3338
    2.3144
    2.3365
    2.3601
    2.3494
    2.3642
    2.3834
    2.4109
    2.4109
    2.3887
    2.3751
    2.4094
    2.3967
    2.4026
    2.3824
    2.3497
    2.3510
    2.3510
    2.3434
    2.3233
    2.3003
    2.3192
    2.2998
    2.2802
    2.2700
    2.2787
    2.2787
    2.2595
    2.2348
    2.2578
    2.2209
    2.2318
    2.2687
    2.2528
    2.2657
    2.2657
    2.2475
    2.2171
    2.2364
    2.2556
    2.2753
    2.2782
    2.3131
    2.3315
    2.3315
    2.2568
    2.2151
    2.1817
    2.2689
    2.2276
    2.2366
    2.2237
    2.1900
    2.1886
    2.1886
    2.1882
    2.2462
    2.2143
    2.2124
    2.1486
    2.0982
    2.1188
    2.0827
    2.0827
    2.0552
    2.1250
    2.1675
    2.1372
    2.0879
    2.0422
    2.0219
    1.9858
    1.9858
    1.9536
    1.9057
    1.8896
    1.8460
    1.8147
    1.8461
