    0.3554
    0.5350
    1.2975
    4.3604
    1.2809
    1.9535
    1.2182
    1.4882
    1.0652
    1.0861
    1.8793
    1.9121
    2.2369
    2.2926
    3.2954
    5.0334
    5.7448
    3.5179
    3.6087
    3.5237
    2.3561
    1.7246
    2.9963
    2.7646
    2.5527
    2.7604
    2.4045
    1.8012
    1.5838
    1.4997
    1.3661
    1.4278
    1.2263
    1.2623
    1.3292
    1.1585
    1.3000
    1.3107
    1.2909
    1.2386
    1.3657
    1.2690
    1.1694
    1.3453
    1.5431
    1.4772
    1.1485
    1.2402
    1.4221
    1.8313
    1.7485
    1.9980
    2.1045
    2.3044
    2.0079
    1.9189
    1.8458
    1.8434
    1.9553
    1.9760
    1.9343
    2.0463
    1.9603
    2.0424
    2.1175
    2.0444
    1.9339
    2.0507
    2.1508
    2.3072
    2.3844
    2.6934
    2.6860
    2.2005
    2.2855
    2.6103
    2.6898
    2.8862
    2.9914
    2.9888
    2.9918
    2.8233
    2.7965
    2.7731
    2.8639
    2.8394
    2.8515
    2.8089
    2.8316
    2.6579
    2.6749
    2.7791
    2.8226
    3.0464
    3.0364
    2.8521
    2.7324
    2.4683
    2.2318
    2.0534
    2.0020
    1.9978
    2.0455
    2.0387
    1.8232
    1.6906
    1.7339
    1.5270
    1.5356
    1.5679
    1.4909
    1.4271
    1.4276
    1.4183
    1.3925
    1.2837
    1.2477
    1.2252
    1.1923
    1.2043
    1.1749
    1.1664
    1.1199
    1.1084
    1.1066
    1.1412
    1.1491
    1.1078
    1.1186
    1.0621
    1.0506
    1.1215
    1.1501
    1.1050
    1.0799
    1.1445
    1.1077
    1.1309
    1.1106
    1.1738
    1.2380
    1.2388
    1.2219
    1.2245
    1.1942
    1.2313
    1.2137
    1.2455
    1.2611
    1.2729
    1.2807
    1.2889
    1.2818
    1.3354
    1.3761
    1.3256
    1.3003
    1.2928
    1.3226
    1.2870
    1.3014
    1.2753
    1.2899
    1.2803
    1.3143
    1.3289
    1.3295
    1.3277
    1.3328
    1.3173
    1.3624
    1.3985
    1.3947
    1.3908
    1.4031
    1.4175
    1.3877
    1.3874
    1.3731
    1.3172
    1.2975
    1.3202
    1.2897
    1.2690
    1.3052
    1.3421
    1.3401
    1.2860
    1.2794
    1.2546
    1.2371
    1.1992
    1.1658
    1.1336
    1.0952
    1.0631
    1.0734
    1.0760
    1.0812
    1.0848
    1.1103
    1.1128
    1.1033
    1.1370
    1.1267
    1.1185
    1.1155
    1.0823
    1.0925
    1.1179
    1.1209
    1.1377
    1.1548
    1.1743
    1.1481
    1.1544
    1.1462
    1.1433
    1.1377
    1.1384
    1.1551
    1.1548
    1.1700
    1.1490
    1.1577
    1.1977
    1.1975
    1.1980
    1.1726
    1.1575
    1.1529
    1.1614
    1.1552
    1.1073
    1.0995
    1.1202
    1.1316
    1.1427
    1.1448
    1.1410
    1.1551
    1.1905
    1.2133
    1.2427
    1.2321
    1.2770
    1.2972
    1.2983
    1.3276
    1.3201
    1.2944
    1.2829
    1.2869
    1.2826
    1.3149
    1.3064
    1.2845
    1.2725
    1.2744
    1.3065
    1.2805
    1.3120
    1.3189
    1.2932
    1.2878
    1.3198
    1.3139
    1.3141
    1.3145
    1.2826
    1.3004
    1.2978
    1.2830
    1.2961
    1.3116
    1.3191
    1.3211
    1.3162
    1.3144
    1.3314
    1.3313
    1.3292
    1.2995
    1.3196
    1.3260
    1.3232
    1.3301
    1.3678
    1.3658
    1.3932
    1.3924
    1.3991
    1.4163
    1.4144
    1.4392
    1.4504
    1.4477
    1.4553
    1.4551
    1.4511
    1.4529
    1.4756
    1.4799
    1.4770
    1.4852
    1.4876
    1.4717
    1.5165
    1.5081
    1.5051
    1.4842
    1.4888
    1.5061
    1.5122
    1.5406
    1.5676
    1.5619
    1.5850
    1.5869
    1.6058
    1.5939
    1.6008
    1.6004
    1.6359
    1.6528
    1.6702
    1.6787
    1.7337
    1.7033
    1.7005
    1.7169
    1.7337
    1.7519
    1.7763
    1.7514
    1.7287
    1.7291
    1.7330
    1.7685
    1.7774
    1.8009
    1.7781
    1.7748
    1.8164
    1.8372
    1.8216
    1.8339
    1.8435
    1.8428
    1.8598
    1.8344
    1.7895
    1.7883
    1.7807
    1.7976
    1.7868
    1.7952
    1.8044
    1.8044
    1.8905
    1.9012
    1.9064
    1.9094
    1.9139
    1.9191
    1.9936
    2.0178
    2.0517
    2.0399
    2.0299
    2.0277
    2.0327
    1.9945
    1.9701
    1.9613
    1.9025
    1.8774
    1.8892
    1.8897
    1.8606
    1.8880
    1.8775
    1.8714
    1.8547
    1.8779
    1.9115
    1.9372
    1.9794
    1.9960
    2.0159
    2.0244
    2.0627
    2.0528
    2.0350
    2.0768
    2.0762
    2.0563
    2.0779
    2.0672
    2.0933
    2.1324
    2.1590
    2.1801
    2.1962
    2.2528
    2.2422
    2.2207
    2.2485
    2.2384
    2.2550
    2.2560
    2.2643
    2.2505
    2.2447
    2.2575
    2.2731
    2.2717
    2.2954
    2.2965
    2.2740
    2.2937
    2.3148
    2.3342
    2.3700
    2.3730
    2.3554
    2.3624
    2.3792
    2.3714
    2.4071
    2.4210
    2.4390
    2.4521
    2.4151
    2.4089
    2.4562
    2.4389
    2.4694
    2.4830
    2.4470
    2.4554
    2.4727
    2.4731
    2.4884
    2.4711
    2.4944
    2.4758
    2.5188
    2.5420
    2.5344
    2.5201
    2.5246
    2.5354
    2.5108
    2.4826
    2.5098
    2.5059
    2.5218
    2.5520
    2.5733
    2.5408
    2.5316
    2.5317
    2.5480
    2.5606
    2.5879
    2.5792
    2.5403
    2.5941
    2.6265
    2.6354
    2.6126
    2.6620
    2.6779
    2.7344
    2.7352
    2.7267
    2.7111
    2.7345
    2.7092
    2.7196
    2.7503
    2.7529
    2.7797
    2.7512
    2.7665
    2.7509
    2.6990
    2.7199
    2.7377
    2.7147
    2.7145
    2.7419
    2.7419
    2.7150
    2.7392
    2.7449
    2.7010
    2.6946
    2.7160
    2.7015
    2.7068
    2.6981
    2.6901
    2.6906
    2.7002
    2.7512
    2.7568
    2.7425
    2.7074
    2.7088
    2.7491
    2.7713
    2.7983
    2.7837
    2.7916
    2.7886
    2.8017
    2.8007
    2.8131
    2.7736
    2.8028
    2.8090
    2.7808
    2.7998
    2.8024
    2.7916
    2.7886
    2.8072
    2.8115
    2.8081
    2.7858
    2.7955
    2.7842
    2.7789
    2.7443
    2.7676
    2.7948
    2.7947
    2.7863
    2.7629
    2.7589
    2.7529
    2.7648
    2.7551
    2.7449
    2.7552
    2.7684
    2.7520
    2.7849
    2.7828
    2.7779
    2.7691
    2.7944
    2.7713
    2.7973
    2.8057
    2.8115
    2.8404
    2.8160
    2.8091
    2.7984
    2.7847
    2.7690
    2.7351
    2.7311
    2.6806
    2.6980
    2.6942
    2.6783
    2.6910
    2.6714
    2.6663
    2.6422
    2.6247
    2.6088
    2.5903
    2.5701
    2.5564
    2.5500
    2.5677
    2.5579
    2.5638
    2.5152
    2.5244
    2.5001
    2.4835
    2.4834
    2.4872
    2.5074
    2.5017
    2.4962
    2.4883
    2.5000
    2.5084
    2.4682
    2.4745
    2.4838
    2.4746
    2.4824
    2.5192
    2.5105
    2.5211
    2.5091
    2.4484
    2.4666
    2.4713
    2.4405
    2.4587
    2.4248
    2.4335
    2.4078
    2.4110
    2.4257
    2.4298
    2.3995
    2.3776
    2.4055
    2.3994
    2.3803
    2.3673
    2.3454
    2.3621
    2.3631
    2.3569
    2.3627
    2.3536
    2.3607
    2.3890
    2.3736
    2.3727
    2.3875
    2.3954
    2.3790
    2.3806
    2.3910
    2.4053
    2.4251
    2.4337
    2.4060
    2.4060
    2.4025
    2.4069
    2.4140
    2.4120
    2.3839
    2.3608
    2.3190
    2.3068
    2.2928
    2.2816
    2.2710
    2.2639
    2.2575
    2.2428
    2.2395
    2.2290
    2.2224
    2.2053
    2.2179
    2.2291
    2.2376
    2.1935
    2.1749
    2.1654
    2.1515
    2.1088
    2.0885
    2.0634
    2.0213
    1.9900
    1.9806
    1.9868
    1.9819
    1.9859
    1.9830
    1.9750
    1.9553
    1.9395
    1.9500
    1.9556
    1.9693
    1.9696
    1.9627
    1.9672
    1.9392
    1.9144
    1.9011
    1.8897
    1.8446
    1.8395
    1.8129
    1.7854
    1.7528
    1.7043
    1.6843
    1.6713
    1.6503
    1.6425
    1.6361
    1.6187
    1.6086
    1.6062
    1.5897
    1.5894
    1.5785
    1.5805
    1.5883
    1.5941
    1.5820
    1.5901
    1.5905
    1.5875
    1.5939
    1.5616
    1.5280
    1.5099
    1.5090
    1.4653
    1.4420
    1.4405
    1.4401
    1.4198
    1.4187
    1.4085
    1.3952
    1.3893
    1.3860
    1.3783
    1.3637
    1.3649
    1.3641
    1.3625
    1.3688
    1.3628
    1.3641
    1.3576
    1.3456
    1.3323
    1.3397
    1.3376
    1.3264
    1.3332
    1.3295
    1.3094
    1.3011
    1.3025
    1.2895
    1.2809
    1.2771
    1.2765
    1.2781
    1.2821
    1.2711
    1.2653
    1.2603
    1.2524
    1.2537
    1.2554
    1.2575
    1.2596
    1.2624
    1.2653
    1.2626
    1.2604
    1.2601
    1.2571
    1.2619
    1.2609
    1.2631
    1.2677
    1.2701
    1.2741
    1.2704
    1.2691
    1.2847
    1.2836
    1.2802
    1.2779
    1.2799
    1.2848
    1.2863
    1.2882
    1.2876
    1.2850
    1.2867
    1.2832
    1.2842
    1.2831
    1.2873
    1.2838
    1.2821
    1.2779
    1.2790
    1.2806
    1.2761
    1.2761
    1.2774
    1.2782
    1.2772
    1.2724
    1.2727
    1.2634
    1.2545
    1.2484
    1.2489
    1.2500
    1.2514
    1.2523
    1.2525
    1.2506
    1.2480
    1.2474
    1.2459
    1.2461
    1.2482
    1.2544
    1.2576
    1.2610
    1.2613
    1.2644
    1.2610
    1.2600
    1.2575
    1.2603
    1.2617
    1.2635
    1.2629
    1.2630
    1.2625
    1.2572
    1.2537
    1.2478
    1.2451
    1.2460
    1.2520
    1.2539
    1.2550
    1.2557
    1.2626
    1.2658
    1.2691
    1.2746
    1.2749
    1.2772
    1.2851
    1.2829
    1.2775
    1.2763
    1.2742
    1.2716
    1.2690
    1.2693
    1.2693
    1.2700
    1.2739
    1.2655
    1.2614
    1.2550
    1.2521
    1.2524
    1.2528
    1.2443
    1.2473
    1.2492
    1.2561
    1.2589
    1.2571
    1.2715
    1.2684
    1.2686
    1.2775
    1.2796
    1.2938
    1.3079
    1.3138
    1.3230
    1.3284
    1.3364
    1.3365
    1.3407
    1.3422
    1.3475
    1.3508
    1.3475
    1.3477
    1.3552
    1.3563
    1.3645
    1.3648
    1.3626
    1.3516
    1.3458
    1.3507
    1.3484
    1.3440
    1.3411
    1.3414
    1.3419
    1.3397
    1.3678
    1.3939
    1.4111
    1.4124
    1.4408
    1.4582
    1.4874
    1.4875
    1.4895
    1.4905
    1.5179
    1.5214
    1.5384
    1.5621
    1.5789
    1.5729
    1.5729
    1.5835
    1.5963
    1.6024
    1.6096
    1.6021
    1.6065
    1.5980
    1.5835
    1.5835
    1.6057
    1.6112
    1.6172
    1.6505
    1.6905
    1.6743
    1.6763
    1.7099
    1.7099
    1.6955
    1.6824
    1.7168
    1.7777
    1.8073
    1.8128
    1.8597
    1.8698
    1.9017
    1.9017
    1.8872
    1.8927
    1.9144
    1.8974
    1.9456
    1.9775
    1.9896
    1.9882
    1.9882
    1.9952
    1.9981
    1.9982
    2.0147
    2.0269
    2.0431
    2.0570
    2.0574
    2.0574
    2.0703
    2.0981
    2.0891
    2.0913
    2.1054
    2.1151
    2.1482
    2.1485
    2.1485
    2.1214
    2.1069
    2.1342
    2.1339
    2.0804
    2.0684
    2.0937
    2.0764
    2.0764
    2.1526
    2.1887
    2.1912
    2.1957
    2.1782
    2.2056
    2.2611
    2.3042
    2.3042
    2.2937
    2.3463
    2.2927
    2.3474
    2.3267
    2.3012
    2.3142
    2.3629
    2.4032
    2.4032
    2.3999
    2.4038
    2.4078
    2.3707
    2.3571
    2.3713
    2.3515
    2.3544
    2.3544
    2.4279
    2.4200
    2.4251
    2.4295
    2.4349
    2.5227
    2.5231
    2.5067
    2.5067
    2.5061
    2.5811
    2.5602
    2.5182
    2.5506
    2.6152
