    2.2288
    3.5894
    1.3396
    1.1100
    1.2633
    3.2099
    1.3248
    6.1880
    1.3271
    0.9915
    1.0053
    0.8213
    0.9717
    0.9683
    1.0660
    1.6120
    1.6950
    1.3316
    1.5137
    1.5879
    1.3798
    1.4743
    1.9841
    1.6760
    1.4953
    1.4497
    1.3894
    1.3694
    1.6321
    1.7507
    1.7686
    1.8547
    2.2584
    2.2472
    2.1383
    1.7739
    1.6347
    1.4075
    1.3777
    1.4594
    1.5697
    1.8565
    1.8376
    1.9113
    1.9097
    1.8422
    1.9991
    2.2396
    2.9409
    3.0106
    3.1754
    3.3842
    3.4959
    3.8209
    3.9068
    4.4929
    4.8513
    4.8439
    4.9795
    4.8697
    4.6703
    4.7487
    4.9652
    5.3499
    5.9230
    6.7646
    6.4056
    5.9182
    5.3865
    5.1312
    5.0546
    5.0268
    5.0622
    4.7480
    4.6016
    4.4030
    4.3524
    4.1691
    4.1453
    3.8639
    3.5100
    3.4282
    3.4793
    3.0772
    3.0746
    3.1230
    3.4695
    3.4725
    3.4677
    3.5232
    3.9498
    4.4062
    4.9681
    5.1815
    5.5330
    5.4213
    5.5612
    5.5758
    5.5313
    5.7254
    5.6739
    5.6171
    5.3425
    5.2188
    5.2505
    5.6159
    5.0782
    4.8180
    4.6683
    4.3653
    4.3723
    4.4264
    4.2756
    4.0038
    3.7032
    3.5217
    3.3237
    3.3070
    3.2451
    3.0825
    2.9995
    2.9931
    2.6730
    2.6085
    2.6033
    2.5218
    2.4830
    2.5762
    2.6357
    2.6584
    2.5707
    2.5017
    2.4368
    2.5073
    2.5070
    2.5437
    2.5974
    2.6663
    2.6883
    2.6618
    2.6716
    2.6963
    2.8252
    2.7942
    2.8254
    2.7378
    2.7524
    2.6923
    2.6209
    2.4979
    2.5585
    2.5743
    2.5278
    2.5601
    2.6758
    2.8006
    2.7410
    2.7601
    2.7484
    2.7784
    2.6819
    2.6620
    2.6676
    2.7100
    2.7114
    2.7204
    2.7507
    2.7832
    2.6423
    2.6761
    2.6886
    2.6766
    2.6810
    2.7791
    2.7423
    2.7235
    2.6568
    2.6110
    2.5892
    2.5158
    2.5587
    2.5054
    2.5262
    2.5432
    2.5564
    2.5955
    2.7064
    2.8141
    2.9394
    2.9096
    2.9148
    2.9437
    2.8736
    2.8394
    2.8107
    2.8112
    2.7105
    2.9017
    2.9113
    2.8254
    2.8075
    2.7277
    2.6793
    2.6812
    2.5900
    2.5413
    2.5839
    2.6051
    2.5249
    2.4073
    2.3734
    2.2795
    2.2852
    2.3165
    2.3554
    2.3492
    2.3260
    2.2462
    2.1975
    2.1699
    2.1130
    2.0336
    2.0867
    1.9949
    1.9365
    1.9237
    1.9111
    1.8531
    1.8047
    1.7556
    1.7477
    1.6631
    1.6290
    1.6241
    1.6312
    1.5975
    1.5803
    1.5323
    1.5117
    1.4682
    1.4721
    1.4875
    1.4901
    1.4932
    1.4642
    1.4291
    1.3902
    1.4038
    1.4039
    1.3696
    1.3437
    1.3745
    1.3416
    1.3113
    1.3127
    1.3123
    1.3231
    1.2968
    1.2875
    1.2763
    1.2755
    1.2114
    1.2059
    1.2084
    1.2040
    1.2009
    1.1573
    1.1218
    1.1058
    1.0786
    1.0513
    1.0205
    1.0012
    1.0062
    0.9930
    0.9950
    0.9786
    0.9849
    0.9777
    0.9796
    0.9827
    1.0025
    0.9965
    0.9887
    0.9820
    0.9700
    0.9461
    0.9345
    0.9110
    0.9080
    0.8920
    0.9016
    0.9134
    0.9182
    0.9176
    0.8998
    0.9141
    0.9104
    0.9065
    0.9121
    0.9098
    0.9121
    0.9334
    0.9161
    0.9043
    0.8989
    0.8939
    0.8849
    0.8901
    0.8930
    0.9130
    0.9161
    0.9128
    0.9059
    0.9084
    0.9009
    0.8990
    0.9073
    0.9096
    0.9186
    0.9186
    0.9195
    0.9194
    0.9315
    0.9404
    0.9541
    0.9686
    0.9655
    0.9810
    0.9836
    1.0065
    1.0115
    1.0209
    1.0284
    1.0529
    1.0925
    1.1094
    1.1437
    1.1517
    1.1524
    1.1530
    1.1582
    1.1912
    1.2179
    1.2228
    1.2495
    1.2537
    1.2730
    1.2827
    1.2711
    1.2771
    1.2907
    1.3063
    1.3031
    1.2958
    1.3215
    1.3465
    1.3510
    1.3711
    1.3940
    1.4284
    1.4681
    1.5169
    1.5765
    1.5911
    1.6465
    1.6445
    1.6404
    1.6294
    1.6254
    1.6538
    1.6299
    1.6500
    1.6373
    1.6482
    1.6706
    1.6751
    1.7014
    1.7505
    1.7866
    1.7843
    1.7904
    1.8461
    1.8478
    1.8509
    1.8751
    1.9219
    1.9718
    1.9646
    1.9653
    1.9802
    1.9473
    1.9670
    1.9503
    1.9368
    1.9545
    1.9352
    1.9839
    1.9477
    1.9522
    1.9685
    1.9835
    2.0128
    2.0109
    2.0111
    2.0384
    2.0546
    2.0157
    2.0019
    1.9831
    1.9878
    1.9592
    1.9590
    1.9659
    1.9887
    1.9981
    1.9922
    1.9776
    1.9500
    1.9409
    1.9223
    1.8935
    1.8752
    1.8680
    1.8920
    1.8848
    1.8982
    1.9099
    1.9322
    1.9238
    1.9342
    1.9443
    1.9291
    1.9089
    1.9131
    1.9189
    1.9050
    1.9062
    1.9241
    1.9331
    1.9267
    1.9384
    1.9338
    1.9358
    1.9420
    1.9452
    1.9346
    1.9356
    1.9220
    1.9337
    1.9082
    1.9063
    1.8962
    1.8957
    1.8852
    1.8830
    1.8767
    1.8631
    1.8498
    1.8361
    1.8502
    1.8469
    1.8516
    1.8429
    1.8588
    1.8394
    1.7994
    1.7859
    1.7968
    1.7935
    1.7788
    1.7626
    1.7688
    1.7551
    1.7490
    1.7346
    1.7450
    1.7246
    1.7180
    1.6958
    1.6871
    1.6617
    1.6711
    1.6749
    1.6687
    1.6671
    1.6557
    1.6523
    1.6320
    1.6523
    1.6542
    1.6476
    1.6430
    1.6350
    1.6313
    1.6259
    1.6336
    1.6468
    1.6591
    1.6726
    1.6679
    1.6716
    1.6752
    1.6695
    1.6833
    1.6802
    1.6840
    1.6786
    1.6920
    1.7163
    1.7276
    1.7063
    1.7296
    1.7388
    1.7497
    1.7462
    1.7666
    1.7635
    1.7518
    1.7393
    1.7618
    1.7483
    1.7312
    1.7398
    1.7441
    1.7237
    1.7400
    1.7543
    1.7486
    1.7462
    1.7597
    1.7664
    1.7809
    1.7668
    1.7596
    1.7538
    1.7195
    1.7039
    1.6882
    1.6761
    1.6667
    1.6790
    1.6675
    1.6575
    1.6735
    1.6686
    1.6705
    1.6577
    1.6331
    1.6204
    1.6198
    1.5969
    1.5810
    1.5791
    1.5779
    1.5619
    1.5572
    1.5598
    1.5431
    1.5447
    1.5324
    1.5244
    1.5243
    1.5146
    1.5036
    1.4956
    1.4923
    1.4932
    1.4797
    1.4855
    1.4863
    1.4179
    1.4188
    1.4057
    1.3933
    1.3804
    1.3728
    1.3658
    1.3660
    1.3594
    1.3548
    1.3535
    1.3448
    1.3495
    1.3329
    1.3166
    1.3158
    1.3118
    1.3222
    1.3250
    1.3142
    1.3102
    1.3205
    1.3240
    1.3226
    1.3222
    1.3176
    1.3116
    1.3147
    1.3119
    1.3002
    1.3040
    1.3009
    1.3058
    1.3054
    1.3017
    1.3012
    1.3149
    1.3172
    1.2963
    1.2945
    1.2880
    1.2960
    1.2869
    1.2833
    1.2862
    1.2894
    1.2797
    1.2819
    1.2796
    1.2910
    1.2852
    1.2963
    1.2956
    1.2987
    1.2904
    1.2907
    1.2882
    1.2876
    1.2861
    1.2911
    1.2897
    1.2883
    1.2980
    1.3033
    1.3051
    1.3107
    1.2953
    1.2949
    1.2955
    1.2846
    1.2840
    1.2661
    1.2538
    1.2496
    1.2379
    1.2310
    1.2179
    1.2160
    1.2099
    1.2067
    1.1963
    1.1878
    1.2020
    1.2010
    1.1926
    1.1929
    1.1903
    1.1983
    1.2012
    1.1883
    1.1856
    1.1901
    1.1923
    1.1921
    1.2000
    1.1972
    1.1944
    1.1968
    1.1988
    1.2001
    1.1976
    1.1786
    1.1764
    1.1636
    1.1579
    1.1613
    1.1488
    1.1476
    1.1402
    1.1464
    1.1387
    1.1284
    1.1326
    1.1297
    1.1249
    1.1285
    1.1304
    1.1212
    1.1153
    1.1051
    1.1047
    1.1001
    1.0991
    1.0984
    1.0912
    1.0924
    1.1004
    1.0946
    1.0909
    1.0965
    1.0902
    1.0798
    1.0858
    1.0828
    1.0758
    1.0741
    1.0664
    1.0682
    1.0605
    1.0643
    1.0711
    1.0680
    1.0639
    1.0655
    1.0579
    1.0592
    1.0536
    1.0545
    1.0703
    1.0720
    1.0724
    1.0690
    1.0700
    1.0684
    1.0686
    1.0606
    1.0667
    1.0748
    1.0785
    1.0827
    1.0733
    1.0714
    1.0664
    1.0537
    1.0465
    1.0373
    1.0368
    1.0342
    1.0314
    1.0264
    1.0212
    1.0157
    1.0134
    1.0114
    1.0140
    1.0079
    1.0092
    1.0046
    1.0009
    1.0032
    1.0045
    1.0021
    1.0006
    0.9955
    0.9922
    0.9956
    0.9886
    0.9833
    0.9780
    0.9801
    0.9751
    0.9758
    0.9733
    0.9722
    0.9674
    0.9665
    0.9695
    0.9715
    0.9712
    0.9717
    0.9637
    0.9602
    0.9639
    0.9621
    0.9583
    0.9535
    0.9555
    0.9552
    0.9579
    0.9540
    0.9538
    0.9478
    0.9516
    0.9476
    0.9474
    0.9455
    0.9457
    0.9502
    0.9453
    0.9450
    0.9446
    0.9417
    0.9394
    0.9353
    0.9343
    0.9332
    0.9326
    0.9266
    0.9237
    0.9174
    0.9139
    0.9125
    0.9163
    0.9125
    0.9095
    0.9095
    0.9088
    0.9044
    0.9051
    0.9022
    0.9016
    0.8984
    0.8997
    0.8990
    0.8972
    0.8974
    0.8962
    0.8970
    0.8940
    0.8935
    0.8940
    0.8904
    0.8861
    0.8840
    0.8827
    0.8806
    0.8777
    0.8772
    0.8718
    0.8677
    0.8686
    0.8676
    0.8642
    0.8639
    0.8619
    0.8577
    0.8554
    0.8497
    0.8480
    0.8455
    0.8434
    0.8404
    0.8407
    0.8404
    0.8351
    0.8316
    0.8397
    0.8384
    0.8404
    0.8439
    0.8423
    0.8424
    0.8414
    0.8414
    0.8386
    0.8416
    0.8350
    0.8367
    0.8376
    0.8316
    0.8317
    0.8298
    0.8350
    0.8258
    0.8207
    0.8185
    0.8207
    0.8204
    0.8268
    0.8270
    0.8288
    0.8317
    0.8310
    0.8335
    0.8328
    0.8356
    0.8321
    0.8217
    0.8220
    0.8242
    0.8247
    0.8194
    0.8217
    0.8234
    0.8255
    0.8211
    0.8214
    0.8269
    0.8270
    0.8265
    0.8319
    0.8262
    0.8310
    0.8293
    0.8252
    0.8187
    0.8190
    0.8191
    0.8179
    0.8147
    0.8221
    0.8216
    0.8214
    0.8198
    0.8154
    0.8083
    0.8085
    0.8063
    0.8034
    0.8102
    0.8102
    0.8107
    0.8129
    0.8191
    0.8188
    0.8188
    0.8102
    0.7979
    0.7943
    0.7891
    0.7946
    0.7949
    0.8002
    0.8042
    0.8042
    0.8120
    0.8161
    0.8313
    0.8387
    0.8398
    0.8440
    0.8496
    0.8530
    0.8530
    0.8594
    0.8543
    0.8592
    0.8650
    0.8586
    0.8617
    0.8515
    0.8561
    0.8595
    0.8595
    0.8476
    0.8365
    0.8391
    0.8418
    0.8449
    0.8554
    0.8649
    0.8583
    0.8583
    0.8697
    0.8802
    0.8885
    0.8907
    0.8827
    0.8911
    0.8839
    0.8830
    0.8830
    0.8785
    0.8814
    0.8733
    0.8738
    0.8809
    0.8731
    0.8711
    0.8737
    0.8737
    0.8863
    0.8937
    0.8737
    0.8822
    0.8883
    0.8837
    0.8865
    0.8823
    0.8823
    0.8798
    0.8642
    0.8826
    0.8713
    0.8789
    0.8821
    0.8569
    0.8393
    0.8393
    0.8370
    0.8250
    0.8221
    0.7898
    0.7924
    0.7882
    0.7820
    0.7845
    0.7812
    0.7812
    0.7747
    0.7629
    0.7533
    0.7509
    0.7471
    0.7372
    0.7292
    0.7409
    0.7409
    0.7386
    0.7427
    0.7257
    0.7045
    0.7056
    0.6941
    0.6883
    0.6899
    0.6899
    0.6865
    0.7217
    0.7237
    0.7490
    0.7571
    0.7585
