    0.4537
    0.5575
    1.2401
    1.1936
    4.8415
    2.3044
    4.1938
    3.0953
    1.5871
    1.4680
    1.6390
    1.9963
    1.8682
    1.5872
    0.8394
    0.8516
    0.7080
    0.9227
    0.9353
    0.9074
    0.9455
    0.9640
    0.9616
    0.9606
    1.3648
    1.4436
    1.3239
    1.1492
    1.1231
    1.0907
    0.9853
    1.0152
    0.8390
    1.0081
    1.1828
    1.2833
    1.4157
    1.6177
    2.0630
    2.3549
    2.9052
    3.0492
    3.1211
    3.5333
    4.4581
    4.7804
    4.9759
    5.2576
    5.9629
    5.6092
    6.2818
    6.9500
    7.7673
    7.8668
    8.1634
    8.1105
    7.5424
    8.6054
    8.9959
    8.5943
    8.3252
    9.2137
   10.7702
   11.0703
   10.6739
   10.8169
    9.6329
    9.7189
    9.1349
    8.8509
    8.8752
    8.3962
    8.1772
    7.0394
    6.4895
    6.3931
    6.6020
    5.7691
    5.1922
    4.9986
    5.0425
    4.9662
    4.6835
    4.1541
    4.0874
    3.6935
    3.5244
    3.3416
    3.2825
    3.2952
    3.2522
    3.2360
    3.2051
    3.3315
    3.3689
    3.4040
    3.1596
    3.1380
    3.0761
    3.0953
    2.9468
    2.8179
    2.7249
    2.6854
    2.5884
    2.4483
    2.5807
    2.6164
    2.6360
    2.5648
    2.6363
    2.5147
    2.3568
    2.5100
    2.2812
    2.2773
    2.2418
    2.1626
    2.1946
    2.1306
    2.0754
    1.9570
    1.8307
    1.8834
    1.8744
    1.8343
    1.8108
    1.8536
    1.8609
    1.8150
    1.8263
    1.9037
    1.9327
    1.8872
    1.8267
    1.8161
    1.7825
    1.8361
    1.8834
    1.8854
    1.9125
    1.9193
    1.8324
    1.8650
    1.8291
    1.8431
    1.8435
    1.8654
    1.8887
    1.9224
    1.9709
    1.9682
    2.0265
    2.0354
    2.0729
    2.0033
    2.0285
    2.0300
    1.9950
    1.9638
    1.9758
    2.0089
    1.9986
    1.9583
    1.9491
    1.9567
    1.9180
    1.9449
    1.9706
    2.0003
    1.9819
    1.9592
    1.8780
    1.8793
    1.8765
    1.8187
    1.8239
    1.8314
    1.8589
    1.9131
    1.9191
    1.9545
    1.9398
    1.9891
    1.9393
    1.9643
    1.9641
    1.9485
    1.9309
    1.9224
    1.9428
    1.9173
    1.9526
    1.9867
    2.0275
    2.1405
    2.2353
    2.1463
    2.1386
    2.1623
    2.2009
    2.2279
    2.2816
    2.2192
    2.2682
    2.2405
    2.2904
    2.2923
    2.3345
    2.3831
    2.3335
    2.3197
    2.2522
    2.2458
    2.2854
    2.2985
    2.3252
    2.4004
    2.4500
    2.4574
    2.4437
    2.5077
    2.5291
    2.5130
    2.5291
    2.5536
    2.5118
    2.5384
    2.5948
    2.5477
    2.5268
    2.5517
    2.5923
    2.6312
    2.6040
    2.6347
    2.5620
    2.5412
    2.4797
    2.4992
    2.4919
    2.5294
    2.4981
    2.4646
    2.4236
    2.3501
    2.2642
    2.2862
    2.2808
    2.3084
    2.3093
    2.2972
    2.3489
    2.2869
    2.2481
    2.2512
    2.2429
    2.2112
    2.2125
    2.2289
    2.2093
    2.2262
    2.1963
    2.1709
    2.1725
    2.1781
    2.2216
    2.2034
    2.1608
    2.1430
    2.1088
    2.1160
    2.1289
    2.1111
    2.0782
    2.0293
    1.9911
    2.0240
    2.0349
    2.0350
    1.9830
    1.9591
    1.8947
    1.8587
    1.8664
    1.8466
    1.8347
    1.8364
    1.7714
    1.8097
    1.7978
    1.7664
    1.7431
    1.7324
    1.7220
    1.7327
    1.7133
    1.7438
    1.7610
    1.7687
    1.8038
    1.7996
    1.8196
    1.8291
    1.8319
    1.8252
    1.8107
    1.8170
    1.8211
    1.8458
    1.8257
    1.8388
    1.8344
    1.8463
    1.8600
    1.8158
    1.8127
    1.7914
    1.7647
    1.7861
    1.7905
    1.7808
    1.7766
    1.7973
    1.8086
    1.8011
    1.8124
    1.8242
    1.8212
    1.7973
    1.7952
    1.7775
    1.7746
    1.7951
    1.7985
    1.7346
    1.7661
    1.7822
    1.8023
    1.7971
    1.8116
    1.8419
    1.8161
    1.8334
    1.8058
    1.8207
    1.7979
    1.8061
    1.8339
    1.7970
    1.7949
    1.7696
    1.7697
    1.7661
    1.8022
    1.8388
    1.8453
    1.8395
    1.8275
    1.8488
    1.8421
    1.8507
    1.8396
    1.8552
    1.8198
    1.8197
    1.8235
    1.8185
    1.8114
    1.8330
    1.8110
    1.7909
    1.7948
    1.8294
    1.7716
    1.7409
    1.7329
    1.7330
    1.6841
    1.6724
    1.6504
    1.6431
    1.6374
    1.6085
    1.6183
    1.6033
    1.6421
    1.6592
    1.6682
    1.6408
    1.6288
    1.6701
    1.6503
    1.6522
    1.6412
    1.6348
    1.6426
    1.6680
    1.6880
    1.6859
    1.7023
    1.6956
    1.6877
    1.6957
    1.6954
    1.6820
    1.6668
    1.6577
    1.6147
    1.5938
    1.6021
    1.5966
    1.5891
    1.5732
    1.5551
    1.5606
    1.5477
    1.5509
    1.5598
    1.5446
    1.5312
    1.5077
    1.5047
    1.5184
    1.4975
    1.4783
    1.4732
    1.4587
    1.4454
    1.4431
    1.4401
    1.4478
    1.4665
    1.4463
    1.4474
    1.4489
    1.4551
    1.4467
    1.4315
    1.4324
    1.4489
    1.4664
    1.4810
    1.4937
    1.4951
    1.5149
    1.5118
    1.5111
    1.5262
    1.5093
    1.5258
    1.5355
    1.5310
    1.5220
    1.5209
    1.5028
    1.4973
    1.5107
    1.5062
    1.5165
    1.5332
    1.5379
    1.5288
    1.5409
    1.5456
    1.5340
    1.5399
    1.5441
    1.5613
    1.5683
    1.5352
    1.5410
    1.5411
    1.5336
    1.5195
    1.5028
    1.5132
    1.5710
    1.6081
    1.6129
    1.6379
    1.6460
    1.6514
    1.6647
    1.6649
    1.6751
    1.6742
    1.6560
    1.6526
    1.6435
    1.6425
    1.6620
    1.6484
    1.6476
    1.6545
    1.6655
    1.6674
    1.6748
    1.6743
    1.6790
    1.6751
    1.6744
    1.6812
    1.6980
    1.6816
    1.6608
    1.6739
    1.6880
    1.6742
    1.6721
    1.6768
    1.6996
    1.6950
    1.6990
    1.7121
    1.7102
    1.7156
    1.6819
    1.6990
    1.6944
    1.7062
    1.7154
    1.7193
    1.7450
    1.7485
    1.7584
    1.7765
    1.7944
    1.7993
    1.8170
    1.8526
    1.8497
    1.8545
    1.8693
    1.8926
    1.9024
    1.9127
    1.9242
    1.9296
    1.9291
    1.9201
    1.9094
    1.9123
    1.9202
    1.9155
    1.9203
    1.9280
    1.9439
    1.9330
    1.9449
    1.9338
    1.9638
    1.9827
    1.9695
    1.9697
    1.9922
    1.9891
    1.9744
    2.0027
    2.0171
    2.0339
    2.0512
    2.0705
    2.0779
    2.0614
    2.0411
    2.0645
    2.0515
    2.0487
    2.0539
    2.0561
    2.0833
    2.0703
    2.0776
    2.0902
    2.0664
    2.0600
    2.0607
    2.0718
    2.0900
    2.0887
    2.0840
    2.0961
    2.0835
    2.0732
    2.0799
    2.0824
    2.0936
    2.0977
    2.0957
    2.1077
    2.1062
    2.1334
    2.1460
    2.1610
    2.1560
    2.1627
    2.1672
    2.1963
    2.1989
    2.1983
    2.1958
    2.1841
    2.1987
    2.1784
    2.1750
    2.1798
    2.1693
    2.1757
    2.1738
    2.1672
    2.1673
    2.1806
    2.1724
    2.1712
    2.1614
    2.1737
    2.1823
    2.1891
    2.1725
    2.1850
    2.1934
    2.1850
    2.1612
    2.1589
    2.1341
    2.1289
    2.1382
    2.1573
    2.1559
    2.1496
    2.1426
    2.1479
    2.1526
    2.1312
    2.1502
    2.1432
    2.1411
    2.1311
    2.1275
    2.1170
    2.1147
    2.1232
    2.1276
    2.1006
    2.1014
    2.1119
    2.1172
    2.1217
    2.1230
    2.1276
    2.1270
    2.1482
    2.1378
    2.1520
    2.1509
    2.1383
    2.1225
    2.1378
    2.1426
    2.1400
    2.1558
    2.1513
    2.1503
    2.1400
    2.1301
    2.1346
    2.1488
    2.1491
    2.1666
    2.1748
    2.1759
    2.1829
    2.1821
    2.1949
    2.1809
    2.1747
    2.1766
    2.1811
    2.1921
    2.1978
    2.1924
    2.1974
    2.2063
    2.2008
    2.2188
    2.2220
    2.2161
    2.2235
    2.2248
    2.2332
    2.2506
    2.2574
    2.2805
    2.2790
    2.2647
    2.2626
    2.2913
    2.2995
    2.2780
    2.2925
    2.2922
    2.3126
    2.2904
    2.2913
    2.2878
    2.2860
    2.2931
    2.2951
    2.3048
    2.3028
    2.3046
    2.3372
    2.3348
    2.3458
    2.3628
    2.3400
    2.3345
    2.3610
    2.3392
    2.3334
    2.3696
    2.3787
    2.3816
    2.3806
    2.4003
    2.4013
    2.3787
    2.3938
    2.3937
    2.3688
    2.3624
    2.3677
    2.3796
    2.3788
    2.3909
    2.3782
    2.3741
    2.3753
    2.3913
    2.3829
    2.3878
    2.3822
    2.3595
    2.3539
    2.3461
    2.3357
    2.3588
    2.3576
    2.3654
    2.3605
    2.3768
    2.3899
    2.3963
    2.3944
    2.4081
    2.4249
    2.4258
    2.4104
    2.4109
    2.4089
    2.4206
    2.4314
    2.4491
    2.4444
    2.4701
    2.4764
    2.4709
    2.4700
    2.4892
    2.4752
    2.4737
    2.4760
    2.4776
    2.4821
    2.4866
    2.4697
    2.4705
    2.4807
    2.4846
    2.5023
    2.5025
    2.5133
    2.5129
    2.5230
    2.5409
    2.5482
    2.5674
    2.5686
    2.5920
    2.5870
    2.5798
    2.5655
    2.5610
    2.5767
    2.5742
    2.5740
    2.5742
    2.5654
    2.5795
    2.5842
    2.6085
    2.6081
    2.6125
    2.6259
    2.6293
    2.6353
    2.6577
    2.6596
    2.6573
    2.6642
    2.6887
    2.6950
    2.6981
    2.6946
    2.6939
    2.6944
    2.6981
    2.7078
    2.7090
    2.7221
    2.7348
    2.7328
    2.7475
    2.7489
    2.7483
    2.7475
    2.7675
    2.7863
    2.7778
    2.7776
    2.7688
    2.7663
    2.7665
    2.7673
    2.7687
    2.7687
    2.7727
    2.7874
    2.7828
    2.7711
    2.7678
    2.7571
    2.7577
    2.7579
    2.7559
    2.7639
    2.7556
    2.7544
    2.7460
    2.7717
    2.7784
    2.7783
    2.7910
    2.7911
    2.7885
    2.7795
    2.7774
    2.7955
    2.7966
    2.7953
    2.7951
    2.8025
    2.7966
    2.7933
    2.7923
    2.8079
    2.8131
    2.8217
    2.8107
    2.8107
    2.8037
    2.7901
    2.7818
    2.7860
    2.7806
    2.7904
    2.7986
    2.7809
    2.7806
    2.7750
    2.7942
    2.7814
    2.7821
    2.7742
    2.7776
    2.7845
    2.7728
    2.7812
    2.7804
    2.7653
    2.7382
    2.7170
    2.7224
    2.7181
    2.7094
    2.7259
    2.7089
    2.7077
    2.7060
    2.6929
    2.6803
    2.7209
    2.7209
    2.6951
    2.6796
    2.7072
    2.7070
    2.7112
    2.6823
    2.6778
    2.6691
    2.6748
    2.6832
    2.6734
    2.6863
    2.6863
    2.7366
    2.7091
    2.7076
    2.7505
    2.7583
    2.7575
    2.7370
    2.7457
    2.7457
    2.7427
    2.7392
    2.7946
    2.8139
    2.8162
    2.8185
    2.8128
    2.8154
    2.8154
    2.8337
    2.9054
    2.9159
    2.9111
    2.9374
    2.9723
    2.9264
    2.9366
    2.9316
    2.9316
    2.9699
    2.9205
    2.9383
    2.9108
    2.9050
    2.8956
    2.8912
    2.8478
    2.8478
    2.8413
    2.8855
    2.8749
    2.8712
    2.8908
    2.9027
    2.8816
    2.8152
    2.8152
    2.8416
    2.7632
    2.7381
    2.7071
    2.7818
    2.8073
    2.7172
    2.7797
    2.7797
    2.8021
    2.7997
    2.8527
    2.8566
    2.8939
    2.8707
    2.9572
    2.9569
    2.9569
    2.9283
    2.9178
    2.8688
    2.8586
    2.8103
    2.7713
    2.7968
    2.7663
    2.7663
    2.7687
    2.7255
    2.7196
    2.7132
    2.6055
    2.6050
    2.6657
    2.7085
    2.6973
    2.6973
    2.7172
    2.6753
    2.7232
    2.7020
    2.7022
    2.7662
    2.7678
    2.7307
    2.7307
    2.7029
    2.6338
    2.6367
    2.5862
    2.5337
    2.5322
    2.4508
    2.4218
    2.4218
    2.4924
    2.4174
    2.4200
    2.3552
    2.2981
    2.2410
