    0.9747
    0.6122
    1.2202
    2.1300
    2.9422
    1.0322
    0.2341
    2.5220
    1.4691
    1.0163
    0.9058
    1.0986
    1.0465
    1.0793
    0.8404
    1.0158
    1.3976
    1.4852
    1.7741
    1.5652
    1.4901
    0.9110
    1.5145
    1.3118
    1.4987
    1.6540
    2.3641
    2.2721
    1.8098
    2.0543
    2.5923
    2.6239
    2.6644
    2.3790
    2.4767
    2.6050
    2.5639
    2.1699
    1.7598
    1.6912
    2.0397
    2.1273
    2.1399
    2.3391
    2.0890
    2.1049
    2.2236
    2.3578
    2.5018
    2.4199
    2.3758
    2.4353
    2.5584
    2.7556
    2.9987
    2.9061
    2.8293
    2.6454
    2.4983
    2.3261
    2.4058
    2.3378
    2.7782
    2.7022
    2.9111
    2.6485
    2.5793
    2.7608
    2.5940
    2.6305
    2.6450
    2.6342
    2.5425
    2.5884
    2.5954
    2.8210
    2.7895
    2.9034
    2.7593
    2.7274
    2.7225
    2.9800
    2.9845
    2.9716
    2.9102
    2.7903
    2.8314
    2.8149
    2.7792
    2.7558
    2.7345
    2.6054
    2.4168
    2.5404
    2.5574
    2.4225
    2.4883
    2.4657
    2.4693
    2.6522
    2.8288
    2.8641
    2.7931
    2.8504
    2.9498
    2.9989
    3.0533
    3.1908
    3.1584
    3.0616
    3.0746
    3.1623
    3.2298
    3.2445
    3.3027
    3.5198
    3.5618
    3.3827
    3.4220
    3.2168
    3.2612
    3.1334
    3.2250
    3.0638
    2.7679
    2.6906
    2.5909
    2.4723
    2.4220
    2.3728
    2.2603
    2.0806
    2.0201
    2.0139
    2.0544
    2.0401
    2.0062
    1.9781
    1.9742
    2.0017
    1.9133
    1.8741
    1.8639
    1.8636
    1.8468
    1.7970
    1.7607
    1.8070
    1.7935
    1.8401
    1.7900
    1.7404
    1.7610
    1.7335
    1.7072
    1.7282
    1.7208
    1.8602
    1.8210
    1.8013
    1.7912
    1.7579
    1.7687
    1.7319
    1.6762
    1.6310
    1.6318
    1.6123
    1.6326
    1.5625
    1.4791
    1.5103
    1.5048
    1.4530
    1.4426
    1.4817
    1.4329
    1.5064
    1.4655
    1.4465
    1.4789
    1.4981
    1.5519
    1.5225
    1.5544
    1.5910
    1.5494
    1.5759
    1.5092
    1.5735
    1.6272
    1.6123
    1.5951
    1.5906
    1.6602
    1.6326
    1.6346
    1.6967
    1.6288
    1.6647
    1.6141
    1.5890
    1.6019
    1.6093
    1.6898
    1.7385
    1.7870
    1.8572
    1.8711
    1.9039
    1.9181
    1.9593
    1.9014
    1.8894
    1.9866
    1.9701
    1.9870
    1.9751
    2.0446
    2.0751
    2.0739
    2.0862
    2.1133
    2.0557
    2.0165
    2.0576
    2.0066
    1.9716
    1.9773
    2.0391
    1.9974
    2.0492
    2.0698
    2.0357
    2.0645
    2.0997
    1.9761
    1.9838
    2.0267
    2.0131
    1.9690
    1.9960
    1.9814
    2.0158
    1.9507
    2.0224
    2.0767
    2.1007
    2.1286
    2.0637
    2.1086
    2.0955
    2.1464
    2.1543
    2.1386
    2.1829
    2.2117
    2.1200
    2.0543
    2.0399
    1.9874
    1.9443
    1.9171
    1.9242
    1.9054
    1.9081
    1.9331
    1.9604
    1.9786
    1.9852
    1.9415
    1.9397
    1.8965
    1.8729
    1.8820
    1.8858
    1.8317
    1.8474
    1.8655
    1.8306
    1.8214
    1.8209
    1.8558
    1.8618
    1.8453
    1.8694
    1.8913
    1.9186
    1.9428
    1.8896
    1.8931
    1.8800
    1.8452
    1.8461
    1.8482
    1.8457
    1.8171
    1.8221
    1.8269
    1.8200
    1.7822
    1.7687
    1.7616
    1.7864
    1.7449
    1.7716
    1.7633
    1.7587
    1.7603
    1.7222
    1.6974
    1.7138
    1.6859
    1.6779
    1.6345
    1.6200
    1.6088
    1.6168
    1.6259
    1.6086
    1.6016
    1.5798
    1.5451
    1.5573
    1.5527
    1.5618
    1.5263
    1.5444
    1.5415
    1.5409
    1.5237
    1.5044
    1.4936
    1.4928
    1.5200
    1.4903
    1.4800
    1.4674
    1.4542
    1.4438
    1.4428
    1.4463
    1.4727
    1.4817
    1.5019
    1.4816
    1.4647
    1.4812
    1.4605
    1.4436
    1.4550
    1.4471
    1.4744
    1.4750
    1.4648
    1.4585
    1.4538
    1.4286
    1.4381
    1.4105
    1.4075
    1.3830
    1.3537
    1.3269
    1.3302
    1.3224
    1.3184
    1.2770
    1.2829
    1.2875
    1.2525
    1.2605
    1.2546
    1.2737
    1.2914
    1.2866
    1.2882
    1.2965
    1.3077
    1.2861
    1.2756
    1.2806
    1.2533
    1.2724
    1.2762
    1.2602
    1.2388
    1.2375
    1.2288
    1.2160
    1.2055
    1.2010
    1.1865
    1.1592
    1.1416
    1.1408
    1.1424
    1.1242
    1.1207
    1.0976
    1.1010
    1.0987
    1.1032
    1.1081
    1.1065
    1.1118
    1.1022
    1.0901
    1.1086
    1.1096
    1.1214
    1.1337
    1.1355
    1.1218
    1.1365
    1.1401
    1.1180
    1.1183
    1.1028
    1.0915
    1.0856
    1.0841
    1.0522
    1.0591
    1.0523
    1.0481
    1.0542
    1.0572
    1.0611
    1.0764
    1.0758
    1.0612
    1.0552
    1.0572
    1.0596
    1.0546
    1.0448
    1.0417
    1.0363
    1.0390
    1.0341
    1.0313
    1.0235
    1.0088
    0.9988
    0.9838
    0.9761
    0.9630
    0.9481
    0.9511
    0.9573
    0.9563
    0.9609
    0.9581
    0.9493
    0.9559
    0.9534
    0.9591
    0.9560
    0.9532
    0.9490
    0.9530
    0.9573
    0.9492
    0.9395
    0.9537
    0.9529
    0.9480
    0.9374
    0.9273
    0.9293
    0.9176
    0.9217
    0.9152
    0.9205
    0.9168
    0.9206
    0.9046
    0.9141
    0.9155
    0.9123
    0.9182
    0.9126
    0.9049
    0.9046
    0.9010
    0.8980
    0.9080
    0.9124
    0.9122
    0.9070
    0.9042
    0.9065
    0.9035
    0.8955
    0.8957
    0.9007
    0.9100
    0.9112
    0.9235
    0.9336
    0.9346
    0.9330
    0.9347
    0.9349
    0.9414
    0.9505
    0.9484
    0.9396
    0.9316
    0.9383
    0.9466
    0.9507
    0.9545
    0.9781
    0.9734
    0.9712
    0.9565
    0.9515
    0.9531
    0.9483
    0.9443
    0.9367
    0.9371
    0.9335
    0.9520
    0.9691
    0.9774
    0.9767
    0.9754
    0.9546
    0.9546
    0.9590
    0.9575
    0.9556
    0.9533
    0.9579
    0.9622
    0.9487
    0.9470
    0.9429
    0.9287
    0.9338
    0.9322
    0.9258
    0.9233
    0.9152
    0.9176
    0.9318
    0.9381
    0.9403
    0.9527
    0.9617
    0.9609
    0.9696
    0.9766
    0.9602
    0.9468
    0.9456
    0.9431
    0.9439
    0.9439
    0.9549
    0.9709
    0.9693
    0.9834
    0.9876
    0.9915
    0.9954
    0.9930
    0.9970
    1.0053
    1.0108
    1.0015
    1.0023
    1.0115
    1.0057
    1.0097
    1.0110
    1.0135
    1.0127
    1.0210
    1.0256
    1.0408
    1.0404
    1.0346
    1.0329
    1.0443
    1.0461
    1.0480
    1.0577
    1.0658
    1.0717
    1.0775
    1.0863
    1.0898
    1.1003
    1.0983
    1.0953
    1.0851
    1.0835
    1.0887
    1.0962
    1.1013
    1.1058
    1.1135
    1.1212
    1.1170
    1.1157
    1.1271
    1.1416
    1.1467
    1.1619
    1.1621
    1.1794
    1.1717
    1.1676
    1.1695
    1.1702
    1.1680
    1.1625
    1.1805
    1.1975
    1.1864
    1.1878
    1.2017
    1.2077
    1.2004
    1.2201
    1.2301
    1.2326
    1.2356
    1.2373
    1.2468
    1.2586
    1.2569
    1.2643
    1.2821
    1.2878
    1.2945
    1.3011
    1.3038
    1.3297
    1.3373
    1.3450
    1.3429
    1.3540
    1.3489
    1.3455
    1.3479
    1.3512
    1.3657
    1.3856
    1.4151
    1.4162
    1.4276
    1.4291
    1.4383
    1.4460
    1.4478
    1.4568
    1.4888
    1.4921
    1.4870
    1.4823
    1.4921
    1.4984
    1.5049
    1.5241
    1.5357
    1.5544
    1.5590
    1.5629
    1.5762
    1.5878
    1.6006
    1.5850
    1.6064
    1.6180
    1.6256
    1.6287
    1.6434
    1.6531
    1.6709
    1.7045
    1.7014
    1.7202
    1.7374
    1.7892
    1.8024
    1.8127
    1.8051
    1.8269
    1.8552
    1.8505
    1.8496
    1.8456
    1.8647
    1.8657
    1.8815
    1.8867
    1.9123
    1.9391
    1.9372
    1.9411
    1.9425
    1.9673
    1.9956
    1.9885
    2.0034
    2.0271
    2.0622
    2.0704
    2.0859
    2.0731
    2.0942
    2.1320
    2.1453
    2.1681
    2.1736
    2.1813
    2.1881
    2.2097
    2.2229
    2.2290
    2.2246
    2.2726
    2.2807
    2.2876
    2.3230
    2.3503
    2.3548
    2.3563
    2.3547
    2.3775
    2.3998
    2.4209
    2.4107
    2.4373
    2.4358
    2.4585
    2.5022
    2.5148
    2.5434
    2.5229
    2.5445
    2.5316
    2.5477
    2.5689
    2.6017
    2.5970
    2.6202
    2.6182
    2.6256
    2.6401
    2.6842
    2.7385
    2.7886
    2.7931
    2.8136
    2.8189
    2.8327
    2.8553
    2.8938
    2.9237
    2.9536
    2.9735
    2.9949
    2.9805
    2.9904
    2.9946
    2.9994
    3.0034
    3.0058
    3.0007
    3.0620
    3.0675
    3.0902
    3.1260
    3.1159
    3.1509
    3.1881
    3.2093
    3.2556
    3.2661
    3.3087
    3.3319
    3.3372
    3.3476
    3.3474
    3.4050
    3.4031
    3.3910
    3.3774
    3.3842
    3.4106
    3.4220
    3.4178
    3.4220
    3.4293
    3.4648
    3.4939
    3.5119
    3.5082
    3.5146
    3.5240
    3.5278
    3.5604
    3.5853
    3.5690
    3.5706
    3.5758
    3.5966
    3.6032
    3.5966
    3.6081
    3.6206
    3.6423
    3.6485
    3.6503
    3.6505
    3.6503
    3.6605
    3.6657
    3.6740
    3.6909
    3.7141
    3.7341
    3.7469
    3.7409
    3.7521
    3.7635
    3.7753
    3.7693
    3.7696
    3.7720
    3.7768
    3.7976
    3.8088
    3.8192
    3.8438
    3.8720
    3.8824
    3.8840
    3.8957
    3.8939
    3.9186
    3.9360
    3.9425
    3.9811
    3.9784
    4.0131
    4.0148
    4.0658
    4.0627
    4.0694
    4.0783
    4.0917
    4.0921
    4.1196
    4.1009
    4.0997
    4.0839
    4.1135
    4.1519
    4.1478
    4.1382
    4.0969
    4.1013
    4.0964
    4.0963
    4.1194
    4.1110
    4.0885
    4.0818
    4.0986
    4.1084
    4.1373
    4.1206
    4.1205
    4.1286
    4.1463
    4.1640
    4.2064
    4.2188
    4.2668
    4.3260
    4.3845
    4.4162
    4.4146
    4.3860
    4.3764
    4.4066
    4.4067
    4.3908
    4.3996
    4.3853
    4.3542
    4.3508
    4.3420
    4.4370
    4.4616
    4.4097
    4.4153
    4.4292
    4.4244
    4.4523
    4.4517
    4.4604
    4.4724
    4.4782
    4.5008
    4.5087
    4.5741
    4.5536
    4.5388
    4.5388
    4.5685
    4.5949
    4.5627
    4.5427
    4.5893
    4.6026
    4.6384
    4.6277
    4.6277
    4.6377
    4.6016
    4.6131
    4.7553
    4.7601
    4.8532
    4.8166
    4.7496
    4.7496
    4.7462
    4.7255
    4.7688
    4.8933
    4.8907
    4.9891
    5.0118
    4.9861
    4.9537
    4.9537
    5.0647
    5.0705
    5.0764
    5.0958
    5.1805
    5.2114
    5.2105
    5.1197
    5.1197
    5.0596
    5.0801
    5.1029
    5.1525
    5.1735
    5.2153
    5.2635
    5.1610
    5.1610
    5.1113
    5.0646
    5.1116
    5.1462
    5.1611
    5.2453
    5.2103
    5.2634
    5.2634
    5.3215
    5.3417
    5.4546
    5.4847
    5.4154
    5.4616
    5.7051
    5.6735
    5.6735
    5.5657
    5.7172
    5.7028
    5.6433
    5.5702
    5.3107
    5.2928
    5.2743
    5.2743
    5.4171
    5.4612
    5.5757
    5.5521
    5.5294
    5.3115
    5.4477
    5.7302
    5.7330
    5.7330
    5.8269
    5.8141
    5.6662
    5.8423
    6.0429
    6.1694
    5.9944
    5.8845
    5.8845
    6.0029
    5.6984
    5.5193
    5.6081
    5.4878
    5.6186
    5.5973
    5.3298
    5.3298
    5.1340
    5.2345
    5.3875
    5.4832
    5.3340
    5.2270
