    1.2650
    0.8196
    1.1996
    0.8746
    0.4773
    4.1731
    3.1413
    3.5668
    1.1202
    1.7366
    1.1103
    1.3511
    1.0993
    1.5863
    1.7588
    1.6109
    1.6343
    1.6347
    1.6300
    1.7728
    2.3076
    2.2145
    2.1360
    2.5264
    2.4090
    2.0240
    2.3496
    2.3141
    2.3995
    2.0543
    2.1512
    2.1173
    2.4569
    2.3619
    2.2074
    1.8881
    1.7655
    1.7597
    1.6568
    1.4726
    1.3421
    1.2789
    1.2401
    1.2425
    1.3263
    1.3516
    1.4781
    1.4882
    1.4348
    1.6793
    1.9488
    2.0474
    1.9125
    2.0025
    1.9296
    2.0156
    2.1057
    2.2444
    2.1138
    2.1614
    2.1907
    2.3909
    2.2806
    2.1266
    2.1445
    2.1638
    2.2704
    2.3203
    2.4197
    2.5151
    2.4287
    2.4761
    2.6121
    2.8306
    2.8763
    3.0612
    3.0958
    2.9910
    3.1755
    3.2942
    3.2843
    3.3112
    3.3017
    3.3418
    3.3504
    3.2880
    3.3293
    3.4490
    3.6121
    3.8288
    3.9901
    4.0026
    3.8872
    4.1341
    4.3727
    4.2457
    4.4427
    4.7957
    4.9183
    5.4138
    5.2517
    5.4310
    5.2983
    5.4132
    5.5636
    5.7921
    5.8760
    5.6418
    5.5296
    5.6798
    5.6374
    5.5863
    5.4356
    5.5607
    5.3572
    5.4191
    5.4332
    5.3734
    5.3666
    5.1772
    5.0477
    5.0180
    5.0256
    4.9238
    4.7775
    4.5966
    4.5904
    4.6243
    4.5536
    4.5523
    4.0535
    3.8260
    3.7913
    3.5901
    3.6447
    3.5309
    3.5366
    3.4922
    3.2946
    3.2216
    3.1124
    3.1011
    3.0048
    2.9029
    2.6156
    2.3694
    2.1990
    2.1663
    2.0811
    1.9934
    1.8917
    1.8606
    1.8353
    1.7477
    1.6638
    1.6572
    1.6527
    1.6889
    1.6959
    1.6949
    1.6478
    1.6276
    1.6024
    1.6060
    1.6149
    1.6427
    1.6054
    1.6009
    1.5665
    1.5420
    1.5058
    1.5035
    1.4288
    1.3731
    1.3232
    1.2930
    1.2783
    1.2661
    1.2319
    1.1976
    1.1973
    1.2215
    1.2636
    1.2331
    1.2241
    1.2197
    1.2084
    1.1415
    1.1521
    1.1189
    1.0895
    1.0742
    1.0551
    1.0442
    1.0645
    1.0338
    1.0296
    1.0435
    1.0380
    1.0222
    1.0152
    1.0119
    1.0020
    1.0119
    1.0405
    1.0442
    1.0466
    1.0415
    1.0223
    1.0299
    1.0331
    1.0226
    1.0492
    1.0525
    1.0626
    1.0656
    1.0784
    1.1032
    1.1217
    1.1230
    1.1554
    1.1466
    1.1685
    1.1522
    1.1970
    1.2114
    1.2033
    1.2428
    1.2252
    1.2462
    1.2258
    1.2574
    1.2838
    1.2993
    1.3153
    1.3421
    1.4199
    1.3959
    1.4218
    1.4762
    1.5051
    1.5314
    1.5571
    1.5534
    1.4936
    1.5210
    1.5344
    1.5378
    1.5578
    1.5477
    1.5558
    1.5690
    1.5534
    1.5551
    1.5748
    1.5698
    1.5749
    1.5601
    1.5523
    1.5612
    1.5749
    1.5527
    1.5650
    1.5726
    1.5691
    1.5837
    1.5973
    1.5920
    1.5997
    1.5767
    1.5385
    1.5027
    1.4783
    1.4611
    1.4701
    1.4587
    1.4507
    1.4716
    1.4494
    1.4631
    1.4559
    1.4688
    1.4583
    1.4524
    1.4707
    1.4935
    1.4671
    1.4564
    1.4732
    1.4413
    1.4472
    1.4620
    1.4191
    1.4277
    1.4124
    1.3999
    1.3912
    1.3518
    1.3261
    1.3047
    1.2487
    1.2252
    1.1736
    1.1767
    1.1614
    1.1464
    1.1506
    1.1524
    1.1754
    1.1906
    1.1721
    1.1540
    1.1417
    1.1308
    1.1280
    1.1153
    1.1202
    1.1193
    1.1031
    1.0954
    1.0800
    1.0593
    1.0493
    1.0455
    1.0409
    1.0426
    1.0329
    1.0262
    1.0080
    0.9851
    0.9790
    0.9754
    0.9596
    0.9552
    0.9325
    0.9296
    0.9263
    0.9064
    0.9055
    0.8984
    0.8803
    0.8924
    0.8774
    0.8555
    0.8563
    0.8373
    0.8264
    0.8108
    0.8032
    0.7921
    0.7840
    0.7837
    0.7815
    0.7728
    0.7611
    0.7553
    0.7507
    0.7606
    0.7536
    0.7599
    0.7533
    0.7545
    0.7627
    0.7661
    0.7845
    0.7899
    0.7978
    0.8034
    0.8104
    0.8107
    0.8131
    0.8176
    0.8237
    0.8278
    0.8301
    0.8542
    0.8531
    0.8609
    0.8763
    0.8784
    0.8869
    0.8930
    0.8964
    0.9088
    0.9193
    0.9236
    0.9264
    0.9265
    0.9241
    0.9225
    0.9235
    0.9346
    0.9393
    0.9439
    0.9447
    0.9543
    0.9600
    0.9614
    0.9575
    0.9559
    0.9539
    0.9600
    0.9666
    0.9675
    0.9710
    0.9793
    0.9821
    0.9848
    0.9835
    0.9861
    0.9867
    0.9831
    0.9811
    0.9774
    0.9805
    0.9916
    1.0027
    1.0062
    1.0060
    1.0122
    1.0167
    1.0171
    1.0176
    1.0186
    1.0282
    1.0337
    1.0360
    1.0367
    1.0457
    1.0480
    1.0502
    1.0642
    1.0696
    1.0883
    1.0870
    1.1034
    1.1071
    1.1226
    1.1299
    1.1317
    1.1476
    1.1556
    1.1678
    1.1690
    1.1803
    1.1863
    1.2065
    1.2089
    1.2178
    1.2099
    1.2088
    1.2078
    1.2099
    1.2114
    1.2233
    1.2240
    1.2266
    1.2318
    1.2315
    1.2200
    1.2177
    1.2185
    1.2190
    1.2258
    1.2294
    1.2227
    1.2281
    1.2320
    1.2468
    1.2483
    1.2529
    1.2752
    1.2776
    1.2635
    1.2592
    1.2546
    1.2594
    1.2641
    1.2786
    1.2771
    1.2704
    1.2741
    1.2772
    1.3026
    1.2972
    1.2904
    1.3087
    1.3140
    1.3218
    1.3372
    1.3353
    1.3327
    1.3291
    1.3221
    1.3250
    1.3231
    1.3282
    1.3286
    1.3197
    1.3201
    1.3178
    1.3292
    1.3300
    1.3475
    1.3573
    1.3809
    1.3773
    1.3791
    1.3832
    1.3882
    1.3870
    1.3845
    1.3741
    1.3721
    1.3695
    1.3727
    1.3687
    1.3784
    1.3921
    1.4124
    1.4152
    1.4290
    1.4342
    1.4416
    1.4427
    1.4352
    1.4325
    1.4390
    1.4369
    1.4476
    1.4618
    1.4601
    1.4521
    1.4692
    1.4638
    1.4598
    1.4582
    1.4615
    1.5020
    1.5005
    1.5035
    1.5063
    1.5149
    1.5183
    1.5124
    1.5256
    1.5094
    1.5188
    1.5087
    1.5164
    1.5262
    1.5237
    1.5290
    1.5179
    1.5169
    1.5102
    1.5035
    1.4975
    1.5034
    1.5069
    1.4996
    1.4969
    1.4856
    1.4864
    1.4832
    1.4929
    1.5117
    1.5210
    1.5252
    1.5367
    1.5238
    1.5057
    1.4994
    1.5039
    1.4965
    1.4882
    1.4913
    1.4864
    1.4934
    1.5072
    1.5128
    1.5157
    1.5054
    1.5027
    1.5018
    1.5212
    1.5189
    1.5140
    1.5174
    1.5128
    1.5041
    1.4911
    1.4956
    1.4883
    1.4901
    1.4899
    1.4894
    1.4884
    1.5119
    1.5223
    1.5200
    1.5216
    1.5259
    1.5501
    1.5583
    1.5726
    1.5599
    1.5778
    1.5747
    1.5775
    1.5635
    1.5831
    1.5941
    1.6056
    1.6109
    1.6384
    1.6327
    1.6283
    1.6422
    1.6574
    1.6829
    1.7241
    1.7237
    1.7403
    1.7636
    1.7625
    1.7747
    1.7750
    1.7843
    1.7837
    1.8252
    1.8453
    1.8639
    1.8786
    1.8758
    1.8668
    1.8709
    1.8862
    1.8912
    1.8914
    1.8949
    1.8961
    1.9030
    1.9248
    1.9363
    1.9613
    1.9548
    1.9594
    1.9644
    1.9877
    1.9896
    1.9971
    2.0213
    2.0085
    2.0108
    2.0079
    2.0124
    1.9952
    1.9840
    1.9969
    1.9851
    1.9645
    1.9841
    1.9924
    2.0140
    2.0189
    2.0291
    2.0325
    2.0498
    2.0477
    2.0546
    2.0774
    2.0892
    2.0934
    2.0964
    2.1366
    2.1475
    2.1658
    2.1538
    2.1402
    2.1508
    2.1480
    2.1406
    2.1306
    2.1287
    2.1524
    2.1595
    2.1824
    2.2024
    2.2193
    2.2448
    2.2485
    2.2767
    2.2954
    2.3236
    2.3285
    2.3379
    2.3502
    2.3621
    2.3647
    2.3777
    2.3998
    2.4455
    2.4578
    2.4670
    2.4722
    2.4616
    2.4775
    2.4907
    2.5193
    2.5814
    2.6081
    2.6064
    2.6107
    2.5867
    2.5654
    2.5494
    2.5517
    2.5883
    2.6103
    2.6275
    2.6320
    2.6179
    2.6262
    2.6360
    2.6543
    2.7046
    2.7127
    2.7090
    2.7113
    2.7213
    2.7336
    2.7462
    2.7564
    2.7713
    2.7849
    2.8223
    2.8383
    2.8673
    2.8859
    2.9024
    2.9379
    2.9346
    2.9804
    2.9891
    3.0076
    3.0135
    3.0324
    3.0204
    3.0100
    3.0095
    3.0186
    3.0620
    3.0678
    3.0689
    3.0802
    3.0731
    3.0843
    3.1102
    3.1276
    3.1378
    3.1292
    3.1130
    3.1195
    3.1387
    3.1318
    3.1641
    3.1879
    3.2088
    3.2123
    3.2107
    3.2181
    3.2035
    3.2242
    3.2154
    3.2187
    3.2182
    3.2183
    3.2285
    3.2440
    3.2436
    3.2571
    3.2405
    3.2227
    3.2390
    3.2402
    3.2571
    3.2748
    3.2789
    3.2835
    3.2871
    3.2942
    3.2961
    3.2969
    3.2839
    3.2728
    3.2723
    3.2742
    3.2930
    3.2960
    3.3123
    3.3113
    3.3096
    3.2970
    3.3012
    3.2998
    3.2926
    3.2897
    3.3063
    3.3135
    3.3049
    3.3006
    3.2959
    3.2986
    3.3122
    3.3120
    3.3126
    3.3161
    3.3158
    3.3214
    3.3222
    3.3142
    3.3245
    3.3363
    3.3336
    3.3385
    3.3540
    3.3554
    3.3744
    3.3996
    3.3952
    3.4147
    3.4279
    3.4445
    3.4420
    3.4399
    3.4417
    3.4442
    3.4424
    3.4426
    3.4394
    3.4320
    3.4331
    3.4340
    3.4498
    3.4557
    3.4624
    3.4539
    3.4681
    3.4685
    3.4508
    3.4408
    3.4401
    3.4380
    3.4338
    3.4570
    3.4692
    3.4675
    3.4826
    3.4972
    3.5198
    3.5192
    3.5250
    3.5080
    3.5261
    3.5208
    3.5091
    3.5032
    3.5073
    3.4849
    3.4846
    3.4889
    3.4647
    3.4569
    3.4494
    3.4435
    3.4513
    3.4503
    3.4601
    3.4599
    3.4584
    3.4687
    3.4685
    3.4553
    3.4346
    3.4387
    3.4280
    3.4243
    3.4261
    3.4256
    3.4370
    3.4297
    3.4308
    3.4183
    3.3984
    3.3739
    3.3664
    3.3871
    3.3857
    3.3839
    3.4228
    3.4588
    3.4953
    3.5135
    3.4964
    3.4979
    3.4962
    3.4959
    3.5028
    3.5091
    3.5393
    3.5507
    3.5445
    3.5521
    3.5165
    3.4961
    3.4961
    3.5147
    3.5354
    3.5383
    3.5276
    3.5287
    3.5288
    3.5269
    3.5435
    3.5435
    3.5332
    3.5288
    3.4905
    3.4799
    3.4570
    3.4525
    3.4581
    3.4129
    3.4129
    3.4312
    3.4065
    3.3781
    3.3755
    3.3861
    3.3895
    3.3703
    3.4131
    3.4624
    3.4624
    3.4723
    3.4619
    3.4689
    3.4116
    3.4166
    3.4195
    3.4113
    3.4498
    3.4498
    3.4335
    3.3802
    3.3789
    3.3429
    3.3167
    3.3524
    3.4142
    3.4002
    3.4002
    3.3836
    3.4069
    3.3350
    3.3476
    3.2607
    3.2580
    3.2445
    3.2438
    3.2438
    3.2271
    3.3044
    3.2261
    3.2730
    3.3300
    3.2186
    3.2571
    3.2763
    3.2763
    3.2030
    3.1349
    3.1586
    3.1132
    3.1697
    3.2028
    3.2171
    3.1365
    3.1365
    3.1340
    2.9772
    2.9251
    2.8859
    2.8787
    2.9151
    2.9067
    2.9254
    2.8683
    2.8683
    2.8586
    2.8389
    2.8178
    2.7349
    2.6675
    2.5044
    2.5329
    2.4832
    2.4832
    2.4454
    2.3996
    2.4193
    2.4369
    2.4610
    2.4887
    2.5423
    2.5973
    2.5973
    2.5277
    2.4538
    2.4190
    2.3848
    2.4142
    2.4320
