    2.6908
    2.6914
    2.7336
    3.9425
    2.9774
    2.9819
    4.1195
    4.1073
    4.4811
    4.6857
    5.1632
    5.3413
    5.6551
    5.9579
    6.4531
    6.7158
    7.0603
    7.2653
    7.4205
    7.7310
    7.9008
    8.0793
    8.1958
    8.3260
    8.1806
    8.2206
    8.0406
    7.9526
    7.7314
    7.3989
    7.0922
    6.7897
    6.0691
    5.6259
    5.1677
    4.6639
    4.4336
    4.0519
    3.7249
    3.4607
    3.2173
    3.1297
    3.0592
    3.0915
    3.1470
    3.2560
    3.3434
    3.3810
    3.6897
    3.9143
    4.2007
    4.5388
    4.7404
    4.9898
    5.1481
    5.4337
    5.7876
    6.2415
    6.7145
    7.1180
    7.3991
    7.8742
    8.2680
    8.7627
    8.8426
    8.9713
    9.4226
    9.1691
    9.6246
    9.4106
    9.1712
    8.6870
    8.6816
    7.4224
    6.9947
    7.2975
    6.9583
    6.5128
    6.0728
    5.4926
    5.1578
    5.6405
    5.9881
    5.6798
    5.5870
    6.0597
    5.9959
    6.1946
    6.0713
    6.5824
    6.5580
    6.8067
    6.9266
    6.6410
    7.4285
    6.7302
    6.4516
    6.4926
    6.4936
    6.1823
    5.9653
    6.2423
    6.4392
    6.2855
    6.5625
    6.4968
    6.9350
    6.8964
    6.9353
    6.7023
    6.7323
    6.9755
    6.9025
    6.4818
    6.0652
    5.6602
    5.7967
    6.2599
    6.0002
    6.1020
    6.0603
    6.0087
    5.9105
    5.4544
    5.4539
    4.9142
    5.1131
    5.0975
    5.1074
    4.7847
    4.7969
    4.5262
    4.6787
    4.8417
    5.1296
    5.0706
    4.7695
    4.7441
    4.7444
    4.7908
    4.8750
    4.8869
    4.9742
    4.7764
    4.8718
    4.8905
    4.5459
    4.4203
    4.2806
    4.3004
    4.2759
    4.4429
    4.3056
    4.2042
    4.2152
    4.0889
    4.1667
    4.2600
    4.3481
    4.3940
    4.3324
    4.3164
    4.2935
    4.3900
    4.3557
    4.3725
    4.4510
    4.2855
    4.2181
    4.1080
    4.2153
    4.4741
    4.5020
    4.4840
    4.3741
    4.4104
    4.3189
    4.3106
    4.2209
    4.0955
    3.9746
    3.9623
    4.0181
    3.9846
    4.0250
    4.0179
    4.0118
    3.9307
    3.9610
    3.9647
    3.8878
    3.8326
    3.7725
    3.7311
    3.6546
    3.6747
    3.6736
    3.6949
    3.6121
    3.5330
    3.5462
    3.4794
    3.4373
    3.4304
    3.3843
    3.3660
    3.3759
    3.4115
    3.4594
    3.4393
    3.4276
    3.4633
    3.4439
    3.3765
    3.2507
    3.2013
    3.1226
    3.0880
    3.0911
    3.0620
    3.0369
    2.9976
    3.0271
    2.9696
    2.9099
    2.8882
    2.8322
    2.8455
    2.8215
    2.8180
    2.7938
    2.8001
    2.7781
    2.7688
    2.8049
    2.7953
    2.8599
    2.8168
    2.8508
    2.8402
    2.7989
    2.7650
    2.7617
    2.7915
    2.7952
    2.8104
    2.8037
    2.7907
    2.7877
    2.7370
    2.7644
    2.7779
    2.7268
    2.7693
    2.7517
    2.7076
    2.6742
    2.6091
    2.5433
    2.4994
    2.4551
    2.3915
    2.3413
    2.3139
    2.2825
    2.2966
    2.3008
    2.2841
    2.2641
    2.3508
    2.3812
    2.4008
    2.4268
    2.4636
    2.4831
    2.4499
    2.4711
    2.4922
    2.4888
    2.4869
    2.4564
    2.4444
    2.4871
    2.5082
    2.5065
    2.5312
    2.5521
    2.5688
    2.5643
    2.5563
    2.5616
    2.5382
    2.5371
    2.5382
    2.5173
    2.5014
    2.4940
    2.4401
    2.4411
    2.4472
    2.4144
    2.4158
    2.3913
    2.3811
    2.3735
    2.3930
    2.3362
    2.2651
    2.3185
    2.2968
    2.2815
    2.2602
    2.2536
    2.2174
    2.2459
    2.2278
    2.2270
    2.2401
    2.2237
    2.2267
    2.2494
    2.2846
    2.3028
    2.3431
    2.4060
    2.4810
    2.5348
    2.5337
    2.5950
    2.6129
    2.5995
    2.6271
    2.6570
    2.6876
    2.6907
    2.6200
    2.6366
    2.6523
    2.6266
    2.5935
    2.5367
    2.5433
    2.5010
    2.4543
    2.4124
    2.3468
    2.3351
    2.3176
    2.3015
    2.3056
    2.2371
    2.2147
    2.2620
    2.2557
    2.2464
    2.2157
    2.1996
    2.1910
    2.2212
    2.2828
    2.2684
    2.2667
    2.2289
    2.2332
    2.2428
    2.2333
    2.2300
    2.2198
    2.2555
    2.2496
    2.2332
    2.2171
    2.1673
    2.1530
    2.1553
    2.1545
    2.1436
    2.1516
    2.1441
    2.1175
    2.1023
    2.1180
    2.1298
    2.1450
    2.1263
    2.0985
    2.0943
    2.0983
    2.0920
    2.0885
    2.0879
    2.0891
    2.1050
    2.1165
    2.1177
    2.1083
    2.1019
    2.0952
    2.1032
    2.1027
    2.0850
    2.1070
    2.1085
    2.1334
    2.1191
    2.1086
    2.1142
    2.1060
    2.1073
    2.0971
    2.0744
    2.0763
    2.0555
    2.0839
    2.0812
    2.0883
    2.0798
    2.0634
    2.0803
    2.0832
    2.0602
    2.0624
    2.0625
    2.0912
    2.0985
    2.1039
    2.0856
    2.0873
    2.1059
    2.1120
    2.1064
    2.1139
    2.1156
    2.1325
    2.1411
    2.1551
    2.1695
    2.1818
    2.1914
    2.1899
    2.2031
    2.2193
    2.2250
    2.2422
    2.2133
    2.2204
    2.2611
    2.2912
    2.3080
    2.3121
    2.3070
    2.2836
    2.2598
    2.2389
    2.2438
    2.2125
    2.2298
    2.2343
    2.2331
    2.2204
    2.1967
    2.1982
    2.1941
    2.2080
    2.1880
    2.1922
    2.2066
    2.2099
    2.2505
    2.2844
    2.2854
    2.2756
    2.2781
    2.2883
    2.2654
    2.2635
    2.2666
    2.2530
    2.2530
    2.2692
    2.2699
    2.2711
    2.2883
    2.2747
    2.3126
    2.2967
    2.3200
    2.3332
    2.3467
    2.3432
    2.3111
    2.3130
    2.3076
    2.3209
    2.3165
    2.3111
    2.3156
    2.3063
    2.3201
    2.3340
    2.3485
    2.3417
    2.3367
    2.3617
    2.3489
    2.3479
    2.3453
    2.3427
    2.2973
    2.2918
    2.2993
    2.3026
    2.2982
    2.2909
    2.3021
    2.3416
    2.3739
    2.3721
    2.3623
    2.3778
    2.3610
    2.3711
    2.3981
    2.3759
    2.3675
    2.3823
    2.3847
    2.3699
    2.3939
    2.4163
    2.3967
    2.4097
    2.4037
    2.4142
    2.4391
    2.4028
    2.3996
    2.3975
    2.4459
    2.4033
    2.3855
    2.3514
    2.3778
    2.3802
    2.3952
    2.3809
    2.3682
    2.3436
    2.3551
    2.3549
    2.3347
    2.3241
    2.3172
    2.3116
    2.3066
    2.2916
    2.2858
    2.2950
    2.2830
    2.2840
    2.3026
    2.2937
    2.2847
    2.2704
    2.2326
    2.2066
    2.2294
    2.2379
    2.2386
    2.2297
    2.2186
    2.2117
    2.2106
    2.2158
    2.2184
    2.2226
    2.2150
    2.2224
    2.2221
    2.2014
    2.2128
    2.2145
    2.2184
    2.2034
    2.1894
    2.2049
    2.2130
    2.2018
    2.2037
    2.2141
    2.2079
    2.2125
    2.2062
    2.1996
    2.1868
    2.1862
    2.1748
    2.1916
    2.1993
    2.1810
    2.1707
    2.1609
    2.1624
    2.1723
    2.1683
    2.1595
    2.1642
    2.1527
    2.1640
    2.1739
    2.1754
    2.1972
    2.2136
    2.2096
    2.2124
    2.1984
    2.2046
    2.2241
    2.2568
    2.2488
    2.2245
    2.2243
    2.2356
    2.2401
    2.2408
    2.2300
    2.2365
    2.2388
    2.2525
    2.2331
    2.2337
    2.2349
    2.2294
    2.2241
    2.2180
    2.2340
    2.2517
    2.2247
    2.2043
    2.2041
    2.2218
    2.2225
    2.2282
    2.2297
    2.2234
    2.2193
    2.2175
    2.2146
    2.1959
    2.1696
    2.1672
    2.1335
    2.1468
    2.1615
    2.1835
    2.1665
    2.1517
    2.1317
    2.1188
    2.1117
    2.0982
    2.0952
    2.0957
    2.0838
    2.0619
    2.0474
    2.0486
    2.0523
    2.0682
    2.0445
    2.0302
    2.0366
    2.0230
    1.9993
    2.0163
    2.0166
    2.0284
    2.0003
    1.9855
    1.9474
    1.9378
    1.9424
    1.9527
    1.9323
    1.9285
    1.9010
    1.8875
    1.8890
    1.8935
    1.8833
    1.8707
    1.8667
    1.8506
    1.8598
    1.8378
    1.8271
    1.8259
    1.8397
    1.8409
    1.8357
    1.8269
    1.8437
    1.8224
    1.8203
    1.8174
    1.8179
    1.7935
    1.7784
    1.7928
    1.7946
    1.8029
    1.7982
    1.7925
    1.7700
    1.7748
    1.7922
    1.7875
    1.7752
    1.7860
    1.7697
    1.7770
    1.7857
    1.7953
    1.7979
    1.7849
    1.7685
    1.7703
    1.7598
    1.7568
    1.7690
    1.7835
    1.7862
    1.7861
    1.7796
    1.7684
    1.7678
    1.7705
    1.7663
    1.7621
    1.7583
    1.7595
    1.7498
    1.7567
    1.7469
    1.7330
    1.7293
    1.7324
    1.7341
    1.7392
    1.7373
    1.7414
    1.7468
    1.7361
    1.7215
    1.7296
    1.7328
    1.7386
    1.7513
    1.7506
    1.7492
    1.7456
    1.7500
    1.7448
    1.7480
    1.7526
    1.7542
    1.7416
    1.7324
    1.7231
    1.7255
    1.7146
    1.7020
    1.6814
    1.6782
    1.6659
    1.6635
    1.6536
    1.6445
    1.6466
    1.6503
    1.6504
    1.6611
    1.6740
    1.6643
    1.6580
    1.6528
    1.6518
    1.6491
    1.6508
    1.6512
    1.6559
    1.6540
    1.6449
    1.6404
    1.6385
    1.6326
    1.6342
    1.6391
    1.6381
    1.6368
    1.6304
    1.6036
    1.5947
    1.5980
    1.5998
    1.5946
    1.5940
    1.5865
    1.5848
    1.5761
    1.5694
    1.5747
    1.5750
    1.5766
    1.5828
    1.5834
    1.5780
    1.5819
    1.5826
    1.5840
    1.5928
    1.5848
    1.5739
    1.5720
    1.5743
    1.5681
    1.5768
    1.5780
    1.5783
    1.5794
    1.5858
    1.5881
    1.5834
    1.5842
    1.5838
    1.5785
    1.5838
    1.5897
    1.5907
    1.5813
    1.5777
    1.5705
    1.5670
    1.5669
    1.5895
    1.5879
    1.5718
    1.5758
    1.5848
    1.5711
    1.5773
    1.5749
    1.5755
    1.5895
    1.5897
    1.6054
    1.6321
    1.6554
    1.6592
    1.6575
    1.6607
    1.6608
    1.6663
    1.6727
    1.6913
    1.7074
    1.7040
    1.6963
    1.7057
    1.7338
    1.7341
    1.7426
    1.7599
    1.7598
    1.7682
    1.7904
    1.8198
    1.8223
    1.8013
    1.8014
    1.7984
    1.8204
    1.8272
    1.8148
    1.8273
    1.8571
    1.8526
    1.8532
    1.8526
    1.8529
    1.8800
    1.9199
    1.9016
    1.9010
    1.8981
    1.8960
    1.9287
    1.9509
    1.9520
    1.9893
    1.9782
    1.9468
    1.9535
    1.9895
    1.9678
    1.9666
    1.9754
    1.9757
    1.9970
    1.9711
    1.9536
    1.9282
    1.9731
    2.0188
    1.9993
    2.0133
    2.0133
    2.0237
    2.0322
    2.0509
    2.0208
    2.0269
    2.0259
    2.0560
    2.0830
    2.0830
    2.0900
    2.1287
    2.1427
    2.1201
    2.0968
    2.0849
    2.1044
    2.1065
    2.1065
    2.0812
    2.0843
    2.0644
    2.0670
    2.0579
    2.0498
    2.0509
    2.0442
    2.0486
    2.0486
    2.0462
    2.0329
    2.0263
    2.0465
    2.0776
    2.0343
    2.0243
    2.0105
    2.0105
    2.0227
    2.0048
    1.9964
    2.0024
    2.0299
    2.0347
    2.0530
    2.0447
    2.0447
    2.0283
    2.0262
    2.0386
    2.0436
    2.0730
    2.0445
    2.0363
    2.0310
    2.0310
    2.0578
    2.1009
    2.1073
    2.1951
    2.2271
    2.2576
    2.2347
    2.2688
    2.2688
    2.2580
    2.2324
    2.2341
    2.2263
    2.2176
    2.1979
    2.2231
    2.1954
    2.1954
    2.2006
    2.2527
    2.2552
    2.2459
    2.2400
    2.1900
    2.1493
    2.1706
    2.1561
    2.1561
    2.1987
    2.1822
    2.2191
    2.2300
    2.1666
    2.1959
    2.2306
    2.2076
    2.2076
    2.2371
    2.3251
    2.2921
    2.2852
    2.2963
    2.3603
    2.3991
    2.4596
    2.4596
    2.4628
    2.4885
    2.4639
    2.4614
    2.4391
    2.3976
