   12.8628
    6.2177
    2.8340
    0.4695
    2.2317
    0.8753
    0.5154
    0.6272
    1.6599
    1.5207
    1.2460
    0.9493
    0.6968
    0.6794
    0.8377
    0.8448
    1.0719
    1.6735
    1.2969
    1.2786
    1.6023
    1.2901
    0.9904
    1.3330
    1.4536
    0.9608
    0.8654
    0.9960
    0.9856
    0.9791
    1.1061
    1.2625
    1.4004
    1.4146
    1.1478
    1.2754
    1.4914
    1.4968
    1.6674
    1.6722
    1.4592
    1.4038
    1.5005
    1.4219
    1.6154
    1.5810
    1.5842
    1.4629
    1.2431
    1.1472
    1.1185
    1.0784
    1.0650
    1.1168
    1.3183
    1.4879
    1.3156
    1.3697
    1.2884
    1.3110
    1.3203
    1.4198
    1.5173
    1.6055
    1.6404
    1.8154
    1.9311
    1.9149
    1.6802
    1.5811
    1.7096
    1.9712
    1.7907
    1.9250
    2.0613
    2.1045
    2.1991
    2.2625
    2.2503
    2.3737
    2.1321
    2.1070
    2.0927
    2.0322
    2.0950
    2.1997
    2.2390
    2.3395
    2.3216
    2.0950
    2.1161
    2.0304
    1.9973
    2.0032
    1.9449
    2.2658
    2.3784
    2.3649
    2.4669
    2.3739
    2.4090
    2.5593
    2.5048
    2.4405
    2.5741
    2.7327
    2.6162
    2.5868
    2.6500
    2.5535
    2.6151
    2.6726
    2.8281
    2.9574
    3.1506
    3.3081
    3.4044
    3.2667
    3.1238
    3.0836
    2.9400
    2.8473
    2.8092
    2.6810
    2.6639
    2.6846
    2.6523
    2.6429
    2.5879
    2.4354
    2.5984
    2.3921
    2.2975
    2.2534
    2.2670
    2.2168
    2.1033
    2.1403
    2.0756
    2.0669
    2.0212
    1.9864
    1.8288
    1.8111
    1.7731
    1.7406
    1.6266
    1.6073
    1.7096
    1.6602
    1.6976
    1.6041
    1.5648
    1.6224
    1.6275
    1.6025
    1.5423
    1.4447
    1.4546
    1.4132
    1.4279
    1.4148
    1.4103
    1.3077
    1.3041
    1.3249
    1.3193
    1.3181
    1.3008
    1.3229
    1.3090
    1.2497
    1.2160
    1.2354
    1.2337
    1.2919
    1.2990
    1.3064
    1.2412
    1.2588
    1.2715
    1.2434
    1.2221
    1.2426
    1.2526
    1.3273
    1.3100
    1.2993
    1.2983
    1.2781
    1.3135
    1.2713
    1.2625
    1.2103
    1.1949
    1.1652
    1.1704
    1.1726
    1.2028
    1.1993
    1.2028
    1.2067
    1.1954
    1.1969
    1.1967
    1.2080
    1.2123
    1.2338
    1.1490
    1.1851
    1.1881
    1.1977
    1.1390
    1.1091
    1.0471
    1.0288
    1.0293
    1.0221
    1.0017
    0.9739
    0.9824
    0.9632
    0.9345
    0.9236
    0.9306
    0.9328
    0.9468
    0.9591
    0.9696
    0.9556
    0.9575
    0.9463
    0.9439
    0.9166
    0.9043
    0.9039
    0.9170
    0.8979
    0.8930
    0.8792
    0.8676
    0.8708
    0.8834
    0.8991
    0.8700
    0.8610
    0.8538
    0.8645
    0.8740
    0.8856
    0.8802
    0.8787
    0.8824
    0.8523
    0.8324
    0.8116
    0.7955
    0.7936
    0.7812
    0.7724
    0.7633
    0.7293
    0.7510
    0.7453
    0.7414
    0.7583
    0.7619
    0.7755
    0.7963
    0.8015
    0.8304
    0.8254
    0.8204
    0.8206
    0.8284
    0.8397
    0.8552
    0.8680
    0.8488
    0.8507
    0.8466
    0.8407
    0.8671
    0.8550
    0.8556
    0.8394
    0.8532
    0.8450
    0.8397
    0.8542
    0.8677
    0.8824
    0.8848
    0.8852
    0.8840
    0.8968
    0.9062
    0.9027
    0.9229
    0.9526
    0.9744
    0.9909
    1.0189
    1.0153
    1.0433
    1.0379
    1.0523
    1.0806
    1.1032
    1.1206
    1.1424
    1.1307
    1.1088
    1.1054
    1.1011
    1.0882
    1.0750
    1.0885
    1.1102
    1.1427
    1.1492
    1.1732
    1.2096
    1.2416
    1.2557
    1.2749
    1.3221
    1.3723
    1.4155
    1.4237
    1.4451
    1.4729
    1.4597
    1.4988
    1.5013
    1.5196
    1.5327
    1.5078
    1.5185
    1.5533
    1.5590
    1.5464
    1.5641
    1.5968
    1.6045
    1.6295
    1.6327
    1.6380
    1.6322
    1.6602
    1.6841
    1.7203
    1.7314
    1.7304
    1.7690
    1.7401
    1.7681
    1.7759
    1.8037
    1.8254
    1.8782
    1.8784
    1.9298
    2.0158
    2.0613
    2.1045
    2.1211
    2.1332
    2.1681
    2.1547
    2.1257
    2.1499
    2.2079
    2.2012
    2.2067
    2.2800
    2.2528
    2.2938
    2.3273
    2.3791
    2.4188
    2.4698
    2.4791
    2.5996
    2.6305
    2.6765
    2.7105
    2.7387
    2.7683
    2.8062
    2.8288
    2.8885
    2.9985
    3.0656
    3.0570
    3.0890
    3.1650
    3.1828
    3.2365
    3.2465
    3.2855
    3.2912
    3.2934
    3.3100
    3.2930
    3.2951
    3.3541
    3.3549
    3.4145
    3.4425
    3.4100
    3.4249
    3.4373
    3.4267
    3.4040
    3.4587
    3.4461
    3.4419
    3.4800
    3.5007
    3.4825
    3.4763
    3.4713
    3.5018
    3.5194
    3.5615
    3.5585
    3.5761
    3.5627
    3.6189
    3.5689
    3.5550
    3.5694
    3.5839
    3.5947
    3.5915
    3.6117
    3.6659
    3.7090
    3.7304
    3.6985
    3.7372
    3.7428
    3.7477
    3.7527
    3.7308
    3.7294
    3.7669
    3.7370
    3.6254
    3.6149
    3.6002
    3.5883
    3.5866
    3.5887
    3.5786
    3.5669
    3.5062
    3.4725
    3.4087
    3.3768
    3.3869
    3.4016
    3.4085
    3.3714
    3.3235
    3.3451
    3.3211
    3.3188
    3.2894
    3.2963
    3.2873
    3.2537
    3.1632
    3.2004
    3.1368
    3.1369
    3.1047
    3.0758
    3.0472
    3.0339
    2.9908
    2.9355
    2.8638
    2.8074
    2.7823
    2.7110
    2.6403
    2.6229
    2.5898
    2.5272
    2.5190
    2.4624
    2.4604
    2.4405
    2.3857
    2.3474
    2.3098
    2.2436
    2.1960
    2.1866
    2.1858
    2.1566
    2.1344
    2.1499
    2.1372
    2.1013
    2.0839
    2.0560
    2.0402
    2.0102
    1.9579
    1.9453
    1.9364
    1.8788
    1.8486
    1.8231
    1.8034
    1.7819
    1.7684
    1.7350
    1.7297
    1.7081
    1.6700
    1.6620
    1.6404
    1.6155
    1.5880
    1.5709
    1.5501
    1.5280
    1.5107
    1.4913
    1.4825
    1.4688
    1.4497
    1.4281
    1.4160
    1.3875
    1.3679
    1.3591
    1.3525
    1.3408
    1.3319
    1.3261
    1.3060
    1.2846
    1.2572
    1.2462
    1.2450
    1.2403
    1.2185
    1.1959
    1.1757
    1.1486
    1.1309
    1.0961
    1.0784
    1.0403
    1.0449
    1.0185
    1.0163
    0.9946
    0.9723
    0.9454
    0.9526
    0.9504
    0.9432
    0.9398
    0.9314
    0.9269
    0.9322
    0.9243
    0.9104
    0.9020
    0.8983
    0.8966
    0.8937
    0.8928
    0.9088
    0.9045
    0.8890
    0.8707
    0.8632
    0.8628
    0.8696
    0.8680
    0.8649
    0.8561
    0.8503
    0.8505
    0.8517
    0.8494
    0.8462
    0.8421
    0.8385
    0.8419
    0.8388
    0.8263
    0.8217
    0.8138
    0.8000
    0.7979
    0.7936
    0.8001
    0.7848
    0.7890
    0.7833
    0.7863
    0.7746
    0.7761
    0.7684
    0.7710
    0.7701
    0.7649
    0.7562
    0.7492
    0.7463
    0.7499
    0.7405
    0.7261
    0.7236
    0.7193
    0.7137
    0.7002
    0.6932
    0.6892
    0.6821
    0.6748
    0.6754
    0.6664
    0.6578
    0.6559
    0.6487
    0.6481
    0.6359
    0.6349
    0.6365
    0.6377
    0.6347
    0.6269
    0.6244
    0.6252
    0.6257
    0.6249
    0.6238
    0.6189
    0.6197
    0.6159
    0.6194
    0.6167
    0.6132
    0.6094
    0.6062
    0.6041
    0.6084
    0.6125
    0.6140
    0.6134
    0.6095
    0.6060
    0.5996
    0.6016
    0.6001
    0.6037
    0.6032
    0.6087
    0.6035
    0.6032
    0.6034
    0.6009
    0.6011
    0.5946
    0.5923
    0.5888
    0.5880
    0.5878
    0.5829
    0.5736
    0.5645
    0.5605
    0.5549
    0.5520
    0.5503
    0.5455
    0.5347
    0.5273
    0.5250
    0.5239
    0.5266
    0.5232
    0.5180
    0.5144
    0.5083
    0.5031
    0.4966
    0.4956
    0.4920
    0.4889
    0.4895
    0.4883
    0.4886
    0.4858
    0.4857
    0.4850
    0.4881
    0.4890
    0.4881
    0.4912
    0.4961
    0.4977
    0.4996
    0.4984
    0.4975
    0.4972
    0.5002
    0.5017
    0.5010
    0.5026
    0.5002
    0.4949
    0.4979
    0.4996
    0.4993
    0.4990
    0.4978
    0.4974
    0.4974
    0.4977
    0.4978
    0.4932
    0.4925
    0.4926
    0.4944
    0.4958
    0.4966
    0.4932
    0.4930
    0.4963
    0.4972
    0.5003
    0.5050
    0.5073
    0.5134
    0.5183
    0.5278
    0.5328
    0.5343
    0.5382
    0.5385
    0.5412
    0.5476
    0.5487
    0.5476
    0.5536
    0.5594
    0.5604
    0.5619
    0.5618
    0.5662
    0.5706
    0.5702
    0.5703
    0.5735
    0.5782
    0.5821
    0.5867
    0.5919
    0.5910
    0.5922
    0.6006
    0.6066
    0.6097
    0.6134
    0.6163
    0.6210
    0.6208
    0.6239
    0.6301
    0.6371
    0.6462
    0.6470
    0.6533
    0.6559
    0.6569
    0.6610
    0.6632
    0.6684
    0.6688
    0.6760
    0.6843
    0.6878
    0.6903
    0.6908
    0.6983
    0.7036
    0.7087
    0.7101
    0.7190
    0.7228
    0.7303
    0.7324
    0.7328
    0.7373
    0.7387
    0.7431
    0.7459
    0.7532
    0.7597
    0.7616
    0.7639
    0.7689
    0.7751
    0.7766
    0.7819
    0.7843
    0.7918
    0.7967
    0.7994
    0.8026
    0.8114
    0.8169
    0.8252
    0.8264
    0.8298
    0.8328
    0.8316
    0.8312
    0.8322
    0.8353
    0.8406
    0.8475
    0.8560
    0.8619
    0.8626
    0.8648
    0.8670
    0.8682
    0.8695
    0.8681
    0.8728
    0.8780
    0.8780
    0.8794
    0.8846
    0.8937
    0.9003
    0.9080
    0.9114
    0.9169
    0.9230
    0.9237
    0.9237
    0.9263
    0.9357
    0.9530
    0.9735
    0.9906
    1.0075
    1.0157
    1.0265
    1.0276
    1.0441
    1.0656
    1.0845
    1.1065
    1.1202
    1.1312
    1.1311
    1.1439
    1.1440
    1.1619
    1.1774
    1.1953
    1.2099
    1.2215
    1.2467
    1.2611
    1.2780
    1.2782
    1.2875
    1.2942
    1.2982
    1.3060
    1.3205
    1.3313
    1.3392
    1.3416
    1.3410
    1.3409
    1.3472
    1.3555
    1.3563
    1.3526
    1.3510
    1.3543
    1.3583
    1.3703
    1.3702
    1.3818
    1.3955
    1.4004
    1.4060
    1.4219
    1.4364
    1.4523
    1.4730
    1.4732
    1.4961
    1.4940
    1.5044
    1.5185
    1.5288
    1.5355
    1.5508
    1.5616
    1.5616
    1.5883
    1.6084
    1.6275
    1.6543
    1.6712
    1.6974
    1.7049
    1.7132
    1.7132
    1.7341
    1.7521
    1.7927
    1.8064
    1.8032
    1.8245
    1.8404
    1.8531
    1.8531
    1.8818
    1.8936
    1.9167
    1.9277
    1.8972
    1.9034
    1.9442
    1.9637
    1.9916
    1.9916
    1.9914
    2.0049
    2.0207
    2.0443
    2.0663
    2.0576
    2.0330
    2.0424
    2.0424
    2.0857
    2.1231
    2.1670
    2.1779
    2.1692
    2.1658
    2.1772
    2.1757
    2.1757
    2.1728
    2.2293
    2.2386
    2.2541
    2.2573
    2.3203
    2.3842
    2.3924
    2.3924
    2.3770
    2.4051
    2.4126
    2.4327
    2.3983
    2.4913
    2.5755
    2.6399
    2.6399
    2.6306
    2.6051
    2.5662
    2.5921
    2.6032
    2.6089
    2.6667
    2.7603
    2.7603
    2.8543
    3.0474
    3.1810
    3.2398
    3.2235
    3.1913
    3.2027
    3.2418
    3.3329
    3.3329
    3.4870
    3.4936
    3.5652
    3.5841
    3.6739
    3.6467
    3.6278
    3.5650
    3.5650
    3.5996
    3.6145
    3.7017
    3.6543
    3.6357
    3.5702
    3.5103
    3.4781
    3.4781
    3.4025
    3.4418
    3.4398
    3.3830
    3.2974
    3.2771
