    2.2725
    1.7134
    2.3237
    1.5276
    1.1455
    0.6177
    2.5547
    4.0050
    1.4086
    1.2875
    0.9576
    1.7156
    1.7055
    1.4438
    0.9696
    0.9770
    1.5422
    2.0318
    2.0506
    2.2474
    2.3309
    2.0608
    1.7847
    1.8517
    2.6179
    2.2144
    2.2732
    2.0605
    2.0443
    2.3460
    2.3350
    2.5052
    2.6675
    2.8538
    3.0900
    3.5020
    3.2604
    3.0434
    3.1172
    2.5020
    2.6385
    2.4331
    2.4781
    2.7351
    2.6421
    2.5644
    2.6087
    2.3813
    2.2435
    2.2883
    2.3746
    2.2338
    2.2876
    2.0789
    2.0714
    2.0055
    2.1228
    2.0292
    2.0839
    2.1051
    2.2071
    2.2368
    2.3341
    2.1967
    2.1173
    2.0721
    2.1678
    2.0131
    2.0909
    2.0685
    1.8400
    1.6573
    1.7976
    1.6689
    1.5480
    1.4703
    1.3891
    1.2739
    1.2926
    1.2593
    1.1887
    1.1946
    1.2128
    1.1815
    1.1332
    1.1865
    1.1493
    1.0633
    1.0951
    1.2179
    1.1419
    1.1132
    1.1667
    1.1992
    1.1788
    1.2049
    1.2607
    1.3168
    1.3262
    1.3954
    1.3805
    1.4166
    1.4005
    1.4174
    1.4315
    1.4677
    1.4248
    1.4079
    1.3962
    1.4727
    1.5421
    1.7460
    1.6702
    1.7761
    1.8484
    1.9336
    1.8573
    1.8900
    1.9356
    1.8889
    1.8369
    1.8939
    2.2228
    2.3898
    2.3252
    2.3224
    2.3130
    2.2901
    2.2549
    2.2548
    2.2574
    2.2476
    2.2537
    2.2920
    2.3031
    2.3136
    2.3487
    2.3389
    2.3193
    2.3328
    2.2858
    2.3129
    2.3000
    2.3319
    2.3540
    2.3273
    2.3599
    2.4090
    2.4251
    2.4334
    2.4517
    2.5443
    2.5338
    2.5560
    2.2681
    2.1885
    1.9429
    1.9736
    1.9513
    2.0413
    2.0868
    2.1409
    2.1841
    2.2383
    2.2381
    2.3251
    2.3729
    2.3786
    2.4408
    2.4385
    2.3575
    2.2910
    2.2806
    2.3012
    2.3235
    2.3267
    2.3853
    2.3093
    2.3452
    2.3538
    2.3085
    2.2941
    2.3317
    2.3691
    2.3840
    2.3408
    2.3227
    2.2746
    2.2842
    2.2417
    2.1714
    2.1942
    2.2553
    2.2100
    2.2898
    2.3716
    2.3344
    2.3680
    2.3944
    2.3839
    2.3816
    2.3017
    2.3082
    2.2470
    2.1942
    2.1429
    2.1218
    2.0722
    2.0480
    2.0236
    2.0087
    2.0153
    1.9262
    1.9434
    2.0391
    2.0138
    1.9451
    1.9420
    1.9357
    1.9633
    1.9662
    1.9874
    1.9434
    1.9680
    1.8833
    1.8739
    1.8715
    1.8530
    1.8699
    1.8471
    1.8737
    1.8499
    1.8357
    1.8672
    1.8269
    1.8721
    1.9571
    1.9619
    1.9087
    1.9036
    1.8951
    1.9115
    1.8422
    1.8434
    1.8520
    1.8738
    1.8119
    1.8007
    1.7720
    1.8012
    1.7621
    1.7617
    1.7705
    1.8064
    1.7814
    1.7735
    1.7973
    1.7835
    1.7672
    1.7698
    1.7795
    1.8385
    1.8127
    1.8102
    1.8271
    1.8338
    1.8426
    1.8532
    1.8408
    1.9154
    1.8685
    1.8752
    1.9637
    1.9915
    1.9854
    1.9590
    1.9561
    1.9626
    1.9062
    1.9260
    1.9529
    1.9789
    2.0136
    2.0505
    2.0579
    2.0642
    2.0459
    2.0472
    2.0219
    2.0683
    2.0463
    2.0258
    2.0352
    2.0625
    2.0303
    2.0616
    2.0266
    2.0113
    1.9824
    1.9880
    2.0331
    2.0271
    2.0440
    2.0502
    2.0533
    2.0386
    2.0471
    2.0635
    2.0255
    2.0114
    2.0608
    2.0523
    2.0635
    2.1079
    2.0981
    2.1218
    2.1294
    2.1642
    2.1640
    2.1589
    2.2030
    2.2198
    2.2769
    2.2398
    2.2365
    2.2564
    2.2430
    2.2330
    2.2118
    2.1878
    2.1832
    2.1815
    2.2054
    2.2111
    2.2024
    2.2014
    2.1896
    2.2172
    2.1993
    2.2153
    2.2193
    2.2332
    2.2215
    2.1917
    2.1701
    2.2072
    2.2346
    2.2306
    2.2363
    2.2561
    2.2524
    2.2961
    2.2658
    2.2816
    2.2753
    2.2926
    2.2975
    2.3444
    2.3536
    2.3107
    2.3013
    2.3189
    2.3332
    2.3657
    2.3484
    2.3805
    2.3925
    2.4257
    2.4369
    2.4131
    2.4214
    2.4318
    2.4242
    2.4310
    2.4483
    2.5032
    2.5410
    2.5630
    2.5587
    2.5828
    2.5983
    2.6088
    2.6187
    2.6500
    2.6687
    2.6937
    2.7151
    2.6792
    2.7163
    2.7126
    2.7172
    2.6976
    2.7182
    2.7328
    2.7480
    2.7453
    2.7242
    2.7408
    2.6995
    2.6726
    2.6410
    2.6087
    2.5917
    2.6062
    2.5832
    2.5761
    2.5677
    2.6194
    2.5836
    2.5654
    2.5770
    2.5823
    2.6025
    2.6245
    2.5957
    2.6028
    2.6336
    2.6837
    2.6838
    2.7307
    2.7574
    2.8347
    2.8660
    2.8821
    2.9331
    2.9444
    2.9523
    2.9859
    2.9562
    2.9786
    3.0337
    3.0762
    3.1137
    3.1514
    3.1610
    3.1603
    3.1665
    3.1794
    3.1609
    3.1533
    3.0457
    3.0866
    3.0357
    3.0076
    2.9538
    2.9092
    2.9163
    2.8932
    2.9265
    2.9104
    2.8712
    2.8226
    2.8434
    2.8552
    2.8432
    2.8269
    2.8567
    2.8231
    2.8121
    2.7979
    2.7657
    2.7763
    2.8088
    2.7969
    2.7568
    2.7290
    2.7078
    2.6792
    2.6851
    2.6433
    2.6036
    2.6022
    2.5863
    2.5667
    2.5207
    2.5244
    2.5160
    2.4790
    2.4648
    2.4450
    2.4252
    2.4196
    2.3926
    2.3729
    2.3905
    2.3699
    2.3806
    2.3577
    2.4051
    2.3862
    2.4016
    2.3977
    2.4008
    2.3985
    2.4108
    2.3905
    2.3951
    2.3964
    2.4095
    2.4155
    2.4164
    2.4442
    2.4369
    2.4306
    2.4356
    2.4391
    2.4587
    2.4621
    2.4452
    2.4263
    2.4245
    2.4240
    2.4168
    2.4171
    2.4427
    2.4266
    2.4424
    2.4390
    2.4286
    2.3907
    2.4123
    2.4287
    2.4505
    2.4163
    2.3988
    2.3752
    2.3620
    2.3461
    2.3689
    2.3379
    2.3000
    2.2858
    2.2997
    2.2943
    2.2902
    2.2506
    2.2496
    2.2436
    2.2463
    2.2443
    2.2259
    2.2084
    2.1876
    2.1740
    2.1689
    2.1648
    2.1403
    2.1249
    2.1212
    2.1211
    2.1261
    2.1231
    2.1306
    2.1387
    2.1486
    2.1614
    2.1477
    2.1484
    2.1522
    2.1560
    2.1666
    2.1742
    2.1485
    2.1582
    2.1487
    2.1445
    2.1519
    2.1623
    2.1834
    2.1956
    2.1765
    2.1373
    2.1396
    2.1419
    2.1194
    2.1173
    2.1229
    2.1299
    2.1309
    2.1236
    2.1258
    2.1076
    2.0876
    2.0855
    2.0876
    2.0882
    2.0905
    2.0935
    2.1048
    2.1097
    2.1001
    2.1127
    2.1304
    2.1248
    2.1190
    2.1098
    2.1039
    2.0922
    2.0886
    2.0610
    2.0409
    2.0371
    2.0265
    2.0368
    2.0326
    2.0311
    2.0158
    2.0200
    2.0422
    2.0316
    2.0132
    2.0162
    2.0207
    2.0291
    2.0291
    2.0056
    2.0237
    2.0143
    1.9955
    1.9808
    1.9806
    1.9751
    1.9586
    1.9497
    1.9568
    1.9499
    1.9533
    1.9514
    1.9371
    1.9326
    1.9108
    1.8681
    1.8538
    1.8391
    1.8469
    1.8347
    1.7901
    1.7654
    1.7740
    1.7627
    1.7658
    1.7565
    1.7390
    1.7475
    1.7463
    1.7402
    1.7261
    1.7272
    1.7073
    1.7186
    1.7181
    1.7002
    1.6947
    1.6940
    1.7097
    1.6895
    1.6788
    1.6799
    1.6746
    1.6737
    1.6967
    1.6798
    1.6819
    1.6913
    1.6910
    1.6703
    1.6735
    1.6764
    1.6901
    1.6905
    1.7046
    1.6893
    1.6948
    1.6979
    1.7050
    1.7039
    1.7092
    1.7267
    1.7391
    1.7407
    1.7444
    1.7515
    1.7499
    1.7441
    1.7430
    1.7365
    1.7355
    1.7327
    1.7314
    1.7308
    1.7338
    1.7271
    1.7226
    1.7140
    1.7264
    1.7210
    1.7070
    1.6899
    1.6781
    1.6756
    1.6801
    1.6883
    1.6977
    1.6987
    1.6906
    1.6946
    1.6942
    1.6865
    1.7066
    1.7082
    1.7030
    1.7032
    1.7011
    1.6984
    1.6962
    1.6841
    1.6568
    1.6436
    1.6612
    1.6711
    1.6796
    1.6655
    1.6832
    1.6883
    1.6852
    1.6993
    1.6977
    1.6936
    1.6832
    1.6755
    1.6754
    1.6710
    1.6815
    1.6890
    1.6772
    1.6835
    1.6850
    1.6843
    1.6854
    1.6867
    1.6926
    1.6906
    1.6857
    1.6943
    1.7119
    1.7252
    1.7297
    1.7313
    1.7256
    1.7305
    1.7327
    1.7396
    1.7504
    1.7566
    1.7683
    1.7834
    1.7953
    1.8013
    1.8058
    1.8153
    1.8203
    1.8188
    1.8344
    1.8440
    1.8560
    1.8581
    1.8520
    1.8695
    1.8857
    1.8912
    1.9024
    1.9044
    1.9051
    1.8908
    1.9021
    1.9024
    1.8855
    1.8946
    1.9021
    1.9097
    1.9220
    1.9246
    1.9318
    1.9317
    1.9377
    1.9447
    1.9476
    1.9511
    1.9522
    1.9439
    1.9477
    1.9445
    1.9712
    1.9693
    1.9824
    2.0044
    2.0117
    2.0078
    2.0220
    2.0206
    2.0345
    2.0486
    2.0667
    2.0778
    2.0750
    2.0876
    2.0866
    2.0890
    2.1045
    2.1243
    2.1209
    2.1226
    2.1216
    2.1309
    2.1456
    2.1454
    2.1407
    2.1505
    2.1475
    2.1525
    2.1647
    2.1741
    2.1679
    2.1857
    2.1849
    2.1847
    2.1961
    2.2024
    2.1991
    2.2004
    2.2014
    2.1916
    2.2025
    2.2199
    2.2212
    2.2289
    2.2211
    2.2268
    2.2311
    2.2358
    2.2362
    2.2280
    2.2301
    2.2311
    2.2347
    2.2248
    2.2348
    2.2301
    2.2281
    2.2346
    2.2347
    2.2313
    2.2310
    2.2230
    2.2067
    2.1982
    2.1992
    2.1983
    2.1997
    2.2070
    2.2191
    2.2189
    2.2225
    2.2345
    2.2341
    2.2331
    2.2413
    2.2550
    2.2609
    2.2655
    2.2655
    2.2780
    2.2878
    2.2978
    2.2931
    2.2862
    2.2912
    2.3205
    2.3432
    2.3433
    2.3629
    2.3774
    2.3639
    2.3539
    2.3504
    2.3507
    2.3506
    2.3620
    2.3614
    2.3614
    2.3630
    2.3730
    2.3562
    2.3534
    2.3612
    2.3607
    2.3619
    2.3642
    2.3640
    2.3725
    2.3839
    2.4063
    2.4517
    2.4914
    2.4766
    2.4786
    2.4828
    2.4828
    2.4777
    2.5192
    2.4863
    2.4879
    2.5112
    2.4877
    2.4719
    2.4907
    2.4907
    2.4949
    2.5299
    2.5626
    2.5927
    2.6243
    2.6123
    2.5994
    2.6218
    2.6218
    2.6742
    2.6684
    2.6766
    2.6823
    2.6963
    2.6907
    2.6744
    2.6744
    2.6744
    2.7149
    2.6978
    2.7337
    2.6944
    2.6569
    2.6364
    2.6566
    2.7027
    2.7225
    2.7225
    2.7045
    2.7061
    2.7154
    2.6989
    2.7409
    2.7364
    2.7170
    2.7125
    2.7125
    2.7465
    2.7635
    2.7225
    2.7606
    2.7438
    2.7717
    2.7246
    2.6917
    2.6917
    2.6938
    2.6850
    2.6765
    2.6724
    2.6715
    2.6221
    2.6043
    2.5589
    2.5589
    2.5254
    2.5321
    2.6386
    2.5890
    2.5784
    2.6434
    2.7384
    2.7169
    2.7169
    2.7315
    2.6846
    2.6534
    2.6272
    2.5775
    2.5608
    2.7078
    2.7286
    2.7286
    2.7259
    2.7114
    2.7093
    2.7520
    2.8310
    2.7577
    2.7517
    2.6679
    2.6077
    2.6077
    2.6689
    2.6570
    2.6514
    2.7423
    2.8625
    2.8020
    2.7848
    2.7685
    2.7685
    2.7011
    2.7161
    2.7269
    2.7123
    2.7871
    2.7457
    2.8197
    2.8173
    2.8173
    2.6712
    2.7262
    2.7097
    2.6133
    2.6104
    2.6167
