    1.6010
    1.6877
    1.6951
    0.9472
   17.7636
    3.8773
    2.8721
    3.5543
    1.8435
    1.9004
    1.8955
    2.0071
    1.8891
    1.7190
    1.8318
    1.4723
    1.2561
    1.2496
    1.3212
    1.8333
    2.1064
    2.9434
    2.7750
    3.1452
    2.6075
    3.1422
    2.0969
    1.8792
    1.9388
    1.5427
    1.4482
    1.6196
    1.5766
    1.7693
    1.8714
    1.6031
    1.5552
    1.7360
    1.6406
    1.3207
    1.4755
    1.4219
    1.1708
    1.1367
    1.1614
    1.3406
    1.4214
    1.5996
    1.5201
    1.6883
    1.8040
    1.7408
    1.6778
    1.9281
    1.8062
    1.9530
    2.0230
    1.9395
    1.9067
    1.8324
    1.8643
    1.8627
    1.7818
    1.7345
    1.6238
    1.5535
    1.6527
    1.6444
    1.7746
    1.5765
    1.4255
    1.2648
    1.3143
    1.3160
    1.3333
    1.3971
    1.4437
    1.4350
    1.4174
    1.4612
    1.5662
    1.7302
    1.7648
    1.8290
    1.7695
    1.7624
    1.7757
    1.7943
    1.9016
    1.5783
    1.3711
    1.3304
    1.3987
    1.3360
    1.3363
    1.2753
    1.3112
    1.3530
    1.3191
    1.2399
    1.2284
    1.1692
    1.0988
    1.0763
    1.0788
    1.0516
    1.1161
    1.0922
    1.1011
    1.0864
    1.1102
    1.1250
    1.1438
    1.2217
    1.2651
    1.3043
    1.2740
    1.3156
    1.3237
    1.3585
    1.3743
    1.3426
    1.3684
    1.3526
    1.3719
    1.4785
    1.5418
    1.6469
    1.6227
    1.7250
    1.8728
    1.9092
    2.0698
    1.9993
    1.9787
    2.1840
    2.1447
    2.1464
    2.2213
    2.2059
    2.1654
    2.2118
    2.1257
    2.1879
    2.2793
    2.2197
    2.1866
    2.2250
    2.1752
    2.1992
    2.0866
    2.1484
    2.1877
    2.1783
    2.1907
    2.2169
    2.2622
    2.3716
    2.3727
    2.3216
    2.3119
    2.4195
    2.4573
    2.3879
    2.4567
    2.4774
    2.4724
    2.4798
    2.4852
    2.5314
    2.4919
    2.6096
    2.6794
    2.6984
    2.6795
    2.6855
    2.6500
    2.6694
    2.6883
    2.6678
    2.6503
    2.6552
    2.8138
    2.7601
    2.8463
    2.8375
    2.7585
    2.8349
    2.8396
    2.8466
    2.8230
    2.8716
    2.9610
    2.9724
    2.9200
    2.9620
    2.9526
    3.0201
    2.9975
    3.0219
    3.0758
    3.1712
    3.1759
    3.2099
    3.3171
    3.3812
    3.4289
    3.3752
    3.3713
    3.3807
    3.3588
    3.3613
    3.4219
    3.5140
    3.5804
    3.6305
    3.6475
    3.6421
    3.7991
    3.8000
    3.8011
    3.7401
    3.7532
    3.7434
    3.7614
    3.7063
    3.8247
    3.9013
    3.9228
    3.8723
    3.7700
    3.8619
    3.7665
    3.7433
    3.8069
    3.7204
    3.6227
    3.6328
    3.6062
    3.7531
    3.7434
    3.6615
    3.5316
    3.4842
    3.4744
    3.5004
    3.3486
    3.4058
    3.4035
    3.2892
    3.2408
    3.2189
    3.2379
    3.1472
    3.1542
    3.1205
    3.1103
    3.0816
    2.9703
    2.8797
    2.9309
    2.9451
    2.9187
    2.8404
    2.8129
    2.8036
    2.7985
    2.7355
    2.7313
    2.6991
    2.6476
    2.5687
    2.5699
    2.5427
    2.5198
    2.4234
    2.3968
    2.4167
    2.4023
    2.4245
    2.4483
    2.4535
    2.4445
    2.4885
    2.5254
    2.4551
    2.4204
    2.3837
    2.3834
    2.3960
    2.4111
    2.3866
    2.4148
    2.4571
    2.4802
    2.4560
    2.4682
    2.5033
    2.5291
    2.5009
    2.4893
    2.4299
    2.4227
    2.3946
    2.4203
    2.4296
    2.4362
    2.4411
    2.4430
    2.4441
    2.4911
    2.4978
    2.3976
    2.4107
    2.4750
    2.5156
    2.5286
    2.5627
    2.5156
    2.4982
    2.4770
    2.4950
    2.5069
    2.5260
    2.5070
    2.5440
    2.5948
    2.5863
    2.6037
    2.6112
    2.5844
    2.6011
    2.6115
    2.6255
    2.6394
    2.6457
    2.6766
    2.6189
    2.6528
    2.6726
    2.6828
    2.6963
    2.6819
    2.6786
    2.6828
    2.7271
    2.7549
    2.7887
    2.8031
    2.8449
    2.8336
    2.8692
    2.8634
    2.8464
    2.8295
    2.8511
    2.8335
    2.8483
    2.8248
    2.8329
    2.8819
    2.8518
    2.8498
    2.8477
    2.8740
    2.8835
    2.9131
    2.9644
    2.9644
    2.9277
    2.9827
    3.0050
    2.9884
    2.9772
    2.9492
    2.9059
    2.9313
    2.9339
    2.9197
    2.9216
    2.9112
    2.9156
    2.9371
    2.9128
    2.9043
    2.9071
    2.8916
    2.8820
    2.8954
    2.8846
    2.8641
    2.8895
    2.8848
    2.9141
    2.9019
    2.8778
    2.8384
    2.8348
    2.8107
    2.7428
    2.7278
    2.7529
    2.7905
    2.7853
    2.7711
    2.7273
    2.7086
    2.6838
    2.6697
    2.6843
    2.6747
    2.7043
    2.7224
    2.6918
    2.6718
    2.6688
    2.6377
    2.6336
    2.6739
    2.6613
    2.6448
    2.6330
    2.6396
    2.6471
    2.6389
    2.6667
    2.6427
    2.6196
    2.6076
    2.5943
    2.6059
    2.6102
    2.5563
    2.5311
    2.5003
    2.4846
    2.4650
    2.4656
    2.4562
    2.4525
    2.4250
    2.4301
    2.4174
    2.4055
    2.4443
    2.4500
    2.4590
    2.4670
    2.5187
    2.5307
    2.5305
    2.5262
    2.5407
    2.5507
    2.5253
    2.5289
    2.5257
    2.5522
    2.5339
    2.5083
    2.4890
    2.4699
    2.4622
    2.4529
    2.4442
    2.4487
    2.4228
    2.4153
    2.4087
    2.4294
    2.4454
    2.4374
    2.4735
    2.4237
    2.4033
    2.4225
    2.4235
    2.4305
    2.4121
    2.4199
    2.4238
    2.4315
    2.4418
    2.4306
    2.4581
    2.4650
    2.4886
    2.5126
    2.4997
    2.4995
    2.5023
    2.5275
    2.5511
    2.5286
    2.5554
    2.5551
    2.5806
    2.5873
    2.6273
    2.6411
    2.6343
    2.6479
    2.6635
    2.6390
    2.6500
    2.6538
    2.6263
    2.6109
    2.6013
    2.5774
    2.5647
    2.5703
    2.5696
    2.5593
    2.5425
    2.5618
    2.5290
    2.5142
    2.5262
    2.5141
    2.5343
    2.5191
    2.5158
    2.5093
    2.5237
    2.5333
    2.5260
    2.5191
    2.5107
    2.5048
    2.5013
    2.5017
    2.4944
    2.4815
    2.4717
    2.4608
    2.4523
    2.4449
    2.4482
    2.4351
    2.4229
    2.4172
    2.4158
    2.4120
    2.3942
    2.4093
    2.4347
    2.4307
    2.4405
    2.4308
    2.4441
    2.4209
    2.4408
    2.4672
    2.4454
    2.4556
    2.4281
    2.4094
    2.4110
    2.3959
    2.3621
    2.3649
    2.3529
    2.3279
    2.3102
    2.2875
    2.2692
    2.2587
    2.2596
    2.2617
    2.2746
    2.2627
    2.2643
    2.2934
    2.2892
    2.2954
    2.2871
    2.2832
    2.2945
    2.2562
    2.2482
    2.2460
    2.2296
    2.2340
    2.2344
    2.2309
    2.2369
    2.2481
    2.2431
    2.2469
    2.2542
    2.2385
    2.2339
    2.2647
    2.2644
    2.2329
    2.2281
    2.2182
    2.2127
    2.1941
    2.1867
    2.1773
    2.1907
    2.2008
    2.1969
    2.2065
    2.1812
    2.1855
    2.1842
    2.1829
    2.1706
    2.1639
    2.1454
    2.1041
    2.1026
    2.0824
    2.0705
    2.0768
    2.0590
    2.0498
    2.0232
    2.0271
    2.0097
    2.0102
    1.9605
    1.9581
    1.9518
    1.9332
    1.9293
    1.9041
    1.9064
    1.9018
    1.9092
    1.8736
    1.8658
    1.8504
    1.8595
    1.8293
    1.8338
    1.8223
    1.8312
    1.8139
    1.8136
    1.8295
    1.8258
    1.8239
    1.8075
    1.8101
    1.8057
    1.7948
    1.7908
    1.7815
    1.7731
    1.7582
    1.7631
    1.7501
    1.7493
    1.7362
    1.7318
    1.7224
    1.7108
    1.6872
    1.6812
    1.6834
    1.6775
    1.6834
    1.6731
    1.6624
    1.6563
    1.6663
    1.6630
    1.6607
    1.6618
    1.6602
    1.6581
    1.6571
    1.6512
    1.6482
    1.6558
    1.6574
    1.6564
    1.6573
    1.6626
    1.6565
    1.6582
    1.6677
    1.6593
    1.6659
    1.6635
    1.6680
    1.6683
    1.6583
    1.6605
    1.6567
    1.6693
    1.6636
    1.6603
    1.6508
    1.6561
    1.6582
    1.6565
    1.6656
    1.6601
    1.6500
    1.6539
    1.6569
    1.6608
    1.6576
    1.6553
    1.6473
    1.6483
    1.6316
    1.6462
    1.6533
    1.6482
    1.6451
    1.6507
    1.6463
    1.6178
    1.6060
    1.6026
    1.5983
    1.5892
    1.5840
    1.5803
    1.5777
    1.5767
    1.5777
    1.5633
    1.5615
    1.5638
    1.5653
    1.5613
    1.5584
    1.5614
    1.5544
    1.5526
    1.5567
    1.5501
    1.5571
    1.5469
    1.5536
    1.5554
    1.5461
    1.5359
    1.5355
    1.5317
    1.5202
    1.5163
    1.5274
    1.5283
    1.5249
    1.5292
    1.5427
    1.5410
    1.5491
    1.5550
    1.5530
    1.5506
    1.5543
    1.5578
    1.5620
    1.5587
    1.5478
    1.5539
    1.5494
    1.5519
    1.5603
    1.5621
    1.5624
    1.5593
    1.5706
    1.5705
    1.5845
    1.5841
    1.5930
    1.5983
    1.5936
    1.5995
    1.6017
    1.6032
    1.6064
    1.6087
    1.6068
    1.6128
    1.6165
    1.6459
    1.6415
    1.6462
    1.6478
    1.6583
    1.6665
    1.6627
    1.6853
    1.6824
    1.6864
    1.6802
    1.6792
    1.7016
    1.7076
    1.7144
    1.7160
    1.7163
    1.7262
    1.7164
    1.7288
    1.7325
    1.7345
    1.7529
    1.7712
    1.7687
    1.7716
    1.7787
    1.7821
    1.8072
    1.8041
    1.8074
    1.8145
    1.8248
    1.8308
    1.8422
    1.8464
    1.8507
    1.8558
    1.8593
    1.8567
    1.8610
    1.8709
    1.8866
    1.8992
    1.9177
    1.9341
    1.9496
    1.9798
    1.9808
    1.9854
    1.9802
    1.9937
    1.9946
    2.0198
    2.0479
    2.0615
    2.0675
    2.0682
    2.0576
    2.0611
    2.0749
    2.0831
    2.0905
    2.0999
    2.1144
    2.1277
    2.1265
    2.1239
    2.1301
    2.1191
    2.1145
    2.1246
    2.1327
    2.1305
    2.1399
    2.1390
    2.1429
    2.1346
    2.1414
    2.1605
    2.1482
    2.1429
    2.1417
    2.1385
    2.1378
    2.1522
    2.1549
    2.1641
    2.1531
    2.1424
    2.1356
    2.1439
    2.1506
    2.1507
    2.1482
    2.1430
    2.1392
    2.1214
    2.1365
    2.1508
    2.1740
    2.1755
    2.1646
    2.1634
    2.1566
    2.1531
    2.1686
    2.1928
    2.1720
    2.1687
    2.1886
    2.1533
    2.1505
    2.1314
    2.1503
    2.1635
    2.1343
    2.1425
    2.1440
    2.1430
    2.1654
    2.1650
    2.1598
    2.1763
    2.1734
    2.1865
    2.2076
    2.1987
    2.1909
    2.1774
    2.1774
    2.1757
    2.2276
    2.2674
    2.2838
    2.2904
    2.2909
    2.3168
    2.3127
    2.3127
    2.3280
    2.3580
    2.3677
    2.3475
    2.3769
    2.3364
    2.3783
    2.3431
    2.3431
    2.3457
    2.3599
    2.4055
    2.4324
    2.4681
    2.4929
    2.5125
    2.5216
    2.5111
    2.5111
    2.5133
    2.5090
    2.5675
    2.5509
    2.5251
    2.5507
    2.5123
    2.5010
    2.5010
    2.5582
    2.5802
    2.6079
    2.5559
    2.5370
    2.5036
    2.4802
    2.4817
    2.4817
    2.5050
    2.5056
    2.4897
    2.4966
    2.4592
    2.4334
    2.4521
    2.4950
    2.4950
    2.4441
    2.4290
    2.4269
    2.4461
    2.4674
    2.4907
    2.4682
    2.4507
    2.4507
    2.4384
    2.4370
    2.3963
    2.4100
    2.4559
    2.4679
    2.4987
    2.4372
    2.4372
    2.3920
    2.3823
    2.4057
    2.3592
    2.4128
    2.3901
    2.3632
    2.3172
    2.3842
    2.3842
    2.3137
    2.3610
    2.3333
    2.3323
    2.3769
    2.4877
    2.5302
    2.5592
    2.5592
    2.5484
    2.4334
    2.4056
    2.3824
    2.4991
    2.4997
    2.4345
    2.3233
    2.3233
    2.3113
    2.2711
    2.1709
    2.1145
    2.0471
    2.0400
