4.88281250E-02
9.76562500E-02
0.146484375
0.195312500
0.244140625
0.292968750
0.341796875
0.390625000
0.439453125
0.488281250
0.537109375
0.585937500
0.634765625
0.683593750
0.732421875
0.781250000
0.830078125
0.878906250
0.927734375
0.976562500
1.02539062
1.07421875
1.12304688
1.17187500
1.22070312
1.26953125
1.31835938
1.36718750
1.41601562
1.46484375
1.51367188
1.56250000
1.61132812
1.66015625
1.70898438
1.75781250
1.80664062
1.85546875
1.90429688
1.95312500
2.00195312
2.05078125
2.09960938
2.14843750
2.19726562
2.24609375
2.29492188
2.34375000
2.39257812
2.44140625
2.49023438
2.53906250
2.58789062
2.63671875
2.68554688
2.73437500
2.78320312
2.83203125
2.88085938
2.92968750
2.97851562
3.02734375
3.07617188
3.12500000
3.17382812
3.22265625
3.27148438
3.32031250
3.36914062
3.41796875
3.46679688
3.51562500
3.56445312
3.61328125
3.66210938
3.71093750
3.75976562
3.80859375
3.85742188
3.90625000
3.95507812
4.00390625
4.05273438
4.10156250
4.15039062
4.19921875
4.24804688
4.29687500
4.34570312
4.39453125
4.44335938
4.49218750
4.54101562
4.58984375
4.63867188
4.68750000
4.73632812
4.78515625
4.83398438
4.88281250
4.93164062
4.98046875
5.02929688
5.07812500
5.12695312
5.17578125
5.22460938
5.27343750
5.32226562
5.37109375
5.41992188
5.46875000
5.51757812
5.56640625
5.61523438
5.66406250
5.71289062
5.76171875
5.81054688
5.85937500
5.90820312
5.95703125
6.00585938
6.05468750
6.10351562
6.15234375
6.20117188
6.25000000
6.29882812
6.34765625
6.39648438
6.44531250
6.49414062
6.54296875
6.59179688
6.64062500
6.68945312
6.73828125
6.78710938
6.83593750
6.88476562
6.93359375
6.98242188
7.03125000
7.08007812
7.12890625
7.17773438
7.22656250
7.27539062
7.32421875
7.37304688
7.42187500
7.47070312
7.51953125
7.56835938
7.61718750
7.66601562
7.71484375
7.76367188
7.81250000
7.86132812
7.91015625
7.95898438
8.00781250
8.05664062
8.10546875
8.15429688
8.20312500
8.25195312
8.30078125
8.34960938
8.39843750
8.44726562
8.49609375
8.54492188
8.59375000
8.64257812
8.69140625
8.74023438
8.78906250
8.83789062
8.88671875
8.93554688
8.98437500
9.03320312
9.08203125
9.13085938
9.17968750
9.22851562
9.27734375
9.32617188
9.37500000
9.42382812
9.47265625
9.52148438
9.57031250
9.61914062
9.66796875
9.71679688
9.76562500
9.81445312
9.86328125
9.91210938
9.96093750
10.0097656
10.0585938
10.1074219
10.1562500
10.2050781
10.2539062
10.3027344
10.3515625
10.4003906
10.4492188
10.4980469
10.5468750
10.5957031
10.6445312
10.6933594
10.7421875
10.7910156
10.8398438
10.8886719
10.9375000
10.9863281
11.0351562
11.0839844
11.1328125
11.1816406
11.2304688
11.2792969
11.3281250
11.3769531
11.4257812
11.4746094
11.5234375
11.5722656
11.6210938
11.6699219
11.7187500
11.7675781
11.8164062
11.8652344
11.9140625
11.9628906
12.0117188
12.0605469
12.1093750
12.1582031
12.2070312
12.2558594
12.3046875
12.3535156
12.4023438
12.4511719
12.5000000
12.5488281
12.5976562
12.6464844
12.6953125
12.7441406
12.7929688
12.8417969
12.8906250
12.9394531
12.9882812
13.0371094
13.0859375
13.1347656
13.1835938
13.2324219
13.2812500
13.3300781
13.3789062
13.4277344
13.4765625
13.5253906
13.5742188
13.6230469
13.6718750
13.7207031
13.7695312
13.8183594
13.8671875
13.9160156
13.9648438
14.0136719
14.0625000
14.1113281
14.1601562
14.2089844
14.2578125
14.3066406
14.3554688
14.4042969
14.4531250
14.5019531
14.5507812
14.5996094
14.6484375
14.6972656
14.7460938
14.7949219
14.8437500
14.8925781
14.9414062
14.9902344
15.0390625
15.0878906
15.1367188
15.1855469
15.2343750
15.2832031
15.3320312
15.3808594
15.4296875
15.4785156
15.5273438
15.5761719
15.6250000
15.6738281
15.7226562
15.7714844
15.8203125
15.8691406
15.9179688
15.9667969
16.0156250
16.0644531
16.1132812
16.1621094
16.2109375
16.2597656
16.3085938
16.3574219
16.4062500
16.4550781
16.5039062
16.5527344
16.6015625
16.6503906
16.6992188
16.7480469
16.7968750
16.8457031
16.8945312
16.9433594
16.9921875
17.0410156
17.0898438
17.1386719
17.1875000
17.2363281
17.2851562
17.3339844
17.3828125
17.4316406
17.4804688
17.5292969
17.5781250
17.6269531
17.6757812
17.7246094
17.7734375
17.8222656
17.8710938
17.9199219
17.9687500
18.0175781
18.0664062
18.1152344
18.1640625
18.2128906
18.2617188
18.3105469
18.3593750
18.4082031
18.4570312
18.5058594
18.5546875
18.6035156
18.6523438
18.7011719
18.7500000
18.7988281
18.8476562
18.8964844
18.9453125
18.9941406
19.0429688
19.0917969
19.1406250
19.1894531
19.2382812
19.2871094
19.3359375
19.3847656
19.4335938
19.4824219
19.5312500
19.5800781
19.6289062
19.6777344
19.7265625
19.7753906
19.8242188
19.8730469
19.9218750
19.9707031
20.0195312
20.0683594
20.1171875
20.1660156
20.2148438
20.2636719
20.3125000
20.3613281
20.4101562
20.4589844
20.5078125
20.5566406
20.6054688
20.6542969
20.7031250
20.7519531
20.8007812
20.8496094
20.8984375
20.9472656
20.9960938
21.0449219
21.0937500
21.1425781
21.1914062
21.2402344
21.2890625
21.3378906
21.3867188
21.4355469
21.4843750
21.5332031
21.5820312
21.6308594
21.6796875
21.7285156
21.7773438
21.8261719
21.8750000
21.9238281
21.9726562
22.0214844
22.0703125
22.1191406
22.1679688
22.2167969
22.2656250
22.3144531
22.3632812
22.4121094
22.4609375
22.5097656
22.5585938
22.6074219
22.6562500
22.7050781
22.7539062
22.8027344
22.8515625
22.9003906
22.9492188
22.9980469
23.0468750
23.0957031
23.1445312
23.1933594
23.2421875
23.2910156
23.3398438
23.3886719
23.4375000
23.4863281
23.5351562
23.5839844
23.6328125
23.6816406
23.7304688
23.7792969
23.8281250
23.8769531
23.9257812
23.9746094
24.0234375
24.0722656
24.1210938
24.1699219
24.2187500
24.2675781
24.3164062
24.3652344
24.4140625
24.4628906
24.5117188
24.5605469
24.6093750
24.6582031
24.7070312
24.7558594
24.8046875
24.8535156
24.9023438
24.9511719
25.0000000
25.0488281
25.0976562
25.1464844
25.1953125
25.2441406
25.2929688
25.3417969
25.3906250
25.4394531
25.4882812
25.5371094
25.5859375
25.6347656
25.6835938
25.7324219
25.7812500
25.8300781
25.8789062
25.9277344
25.9765625
26.0253906
26.0742188
26.1230469
26.1718750
26.2207031
26.2695312
26.3183594
26.3671875
26.4160156
26.4648438
26.5136719
26.5625000
26.6113281
26.6601562
26.7089844
26.7578125
26.8066406
26.8554688
26.9042969
26.9531250
27.0019531
27.0507812
27.0996094
27.1484375
27.1972656
27.2460938
27.2949219
27.3437500
27.3925781
27.4414062
27.4902344
27.5390625
27.5878906
27.6367188
27.6855469
27.7343750
27.7832031
27.8320312
27.8808594
27.9296875
27.9785156
28.0273438
28.0761719
28.1250000
28.1738281
28.2226562
28.2714844
28.3203125
28.3691406
28.4179688
28.4667969
28.5156250
28.5644531
28.6132812
28.6621094
28.7109375
28.7597656
28.8085938
28.8574219
28.9062500
28.9550781
29.0039062
29.0527344
29.1015625
29.1503906
29.1992188
29.2480469
29.2968750
29.3457031
29.3945312
29.4433594
29.4921875
29.5410156
29.5898438
29.6386719
29.6875000
29.7363281
29.7851562
29.8339844
29.8828125
29.9316406
29.9804688
30.0292969
30.0781250
30.1269531
30.1757812
30.2246094
30.2734375
30.3222656
30.3710938
30.4199219
30.4687500
30.5175781
30.5664062
30.6152344
30.6640625
30.7128906
30.7617188
30.8105469
30.8593750
30.9082031
30.9570312
31.0058594
31.0546875
31.1035156
31.1523438
31.2011719
31.2500000
31.2988281
31.3476562
31.3964844
31.4453125
31.4941406
31.5429688
31.5917969
31.6406250
31.6894531
31.7382812
31.7871094
31.8359375
31.8847656
31.9335938
31.9824219
32.0312500
32.0800781
32.1289062
32.1777344
32.2265625
32.2753906
32.3242188
32.3730469
32.4218750
32.4707031
32.5195312
32.5683594
32.6171875
32.6660156
32.7148438
32.7636719
32.8125000
32.8613281
32.9101562
32.9589844
33.0078125
33.0566406
33.1054688
33.1542969
33.2031250
33.2519531
33.3007812
33.3496094
33.3984375
33.4472656
33.4960938
33.5449219
33.5937500
33.6425781
33.6914062
33.7402344
33.7890625
33.8378906
33.8867188
33.9355469
33.9843750
34.0332031
34.0820312
34.1308594
34.1796875
34.2285156
34.2773438
34.3261719
34.3750000
34.4238281
34.4726562
34.5214844
34.5703125
34.6191406
34.6679688
34.7167969
34.7656250
34.8144531
34.8632812
34.9121094
34.9609375
35.0097656
35.0585938
35.1074219
35.1562500
35.2050781
35.2539062
35.3027344
35.3515625
35.4003906
35.4492188
35.4980469
35.5468750
35.5957031
35.6445312
35.6933594
35.7421875
35.7910156
35.8398438
35.8886719
35.9375000
35.9863281
36.0351562
36.0839844
36.1328125
36.1816406
36.2304688
36.2792969
36.3281250
36.3769531
36.4257812
36.4746094
36.5234375
36.5722656
36.6210938
36.6699219
36.7187500
36.7675781
36.8164062
36.8652344
36.9140625
36.9628906
37.0117188
37.0605469
37.1093750
37.1582031
37.2070312
37.2558594
37.3046875
37.3535156
37.4023438
37.4511719
37.5000000
37.5488281
37.5976562
37.6464844
37.6953125
37.7441406
37.7929688
37.8417969
37.8906250
37.9394531
37.9882812
38.0371094
38.0859375
38.1347656
38.1835938
38.2324219
38.2812500
38.3300781
38.3789062
38.4277344
38.4765625
38.5253906
38.5742188
38.6230469
38.6718750
38.7207031
38.7695312
38.8183594
38.8671875
38.9160156
38.9648438
39.0136719
39.0625000
39.1113281
39.1601562
39.2089844
39.2578125
39.3066406
39.3554688
39.4042969
39.4531250
39.5019531
39.5507812
39.5996094
39.6484375
39.6972656
39.7460938
39.7949219
39.8437500
39.8925781
39.9414062
39.9902344
40.0390625
40.0878906
40.1367188
40.1855469
40.2343750
40.2832031
40.3320312
40.3808594
40.4296875
40.4785156
40.5273438
40.5761719
40.6250000
40.6738281
40.7226562
40.7714844
40.8203125
40.8691406
40.9179688
40.9667969
41.0156250
41.0644531
41.1132812
41.1621094
41.2109375
41.2597656
41.3085938
41.3574219
41.4062500
41.4550781
41.5039062
41.5527344
41.6015625
41.6503906
41.6992188
41.7480469
41.7968750
41.8457031
41.8945312
41.9433594
41.9921875
42.0410156
42.0898438
42.1386719
42.1875000
42.2363281
42.2851562
42.3339844
42.3828125
42.4316406
42.4804688
42.5292969
42.5781250
42.6269531
42.6757812
42.7246094
42.7734375
42.8222656
42.8710938
42.9199219
42.9687500
43.0175781
43.0664062
43.1152344
43.1640625
43.2128906
43.2617188
43.3105469
43.3593750
43.4082031
43.4570312
43.5058594
43.5546875
43.6035156
43.6523438
43.7011719
43.7500000
43.7988281
43.8476562
43.8964844
43.9453125
43.9941406
44.0429688
44.0917969
44.1406250
44.1894531
44.2382812
44.2871094
44.3359375
44.3847656
44.4335938
44.4824219
44.5312500
44.5800781
44.6289062
44.6777344
44.7265625
44.7753906
44.8242188
44.8730469
44.9218750
44.9707031
45.0195312
45.0683594
45.1171875
45.1660156
45.2148438
45.2636719
45.3125000
45.3613281
45.4101562
45.4589844
45.5078125
45.5566406
45.6054688
45.6542969
45.7031250
45.7519531
45.8007812
45.8496094
45.8984375
45.9472656
45.9960938
46.0449219
46.0937500
46.1425781
46.1914062
46.2402344
46.2890625
46.3378906
46.3867188
46.4355469
46.4843750
46.5332031
46.5820312
46.6308594
46.6796875
46.7285156
46.7773438
46.8261719
46.8750000
46.9238281
46.9726562
47.0214844
47.0703125
47.1191406
47.1679688
47.2167969
47.2656250
47.3144531
47.3632812
47.4121094
47.4609375
47.5097656
47.5585938
47.6074219
47.6562500
47.7050781
47.7539062
47.8027344
47.8515625
47.9003906
47.9492188
47.9980469
48.0468750
48.0957031
48.1445312
48.1933594
48.2421875
48.2910156
48.3398438
48.3886719
48.4375000
48.4863281
48.5351562
48.5839844
48.6328125
48.6816406
48.7304688
48.7792969
48.8281250
48.8769531
48.9257812
48.9746094
49.0234375
49.0722656
49.1210938
49.1699219
49.2187500
49.2675781
49.3164062
49.3652344
49.4140625
49.4628906
49.5117188
49.5605469
49.6093750
49.6582031
49.7070312
49.7558594
49.8046875
49.8535156
49.9023438
49.9511719
50.0000000
