    1.4844
    1.4645
    1.3291
    1.3631
    1.7471
    1.8835
    1.0924
    0.8721
    1.0108
    0.9683
    0.9396
    0.9279
    0.8024
    0.6794
    0.5684
    0.5525
    0.4678
    0.4373
    0.4374
    0.4356
    0.4571
    0.4535
    0.4679
    0.5006
    0.5320
    0.5285
    0.5849
    0.6088
    0.7451
    0.7146
    0.8684
    0.7746
    0.9256
    0.9806
    1.0648
    1.1515
    1.2751
    1.5778
    1.4972
    1.6986
    2.1130
    2.6421
    2.7116
    2.6964
    2.3508
    2.1726
    2.1138
    2.1865
    2.7571
    2.1870
    2.2670
    2.1131
    1.9042
    1.8471
    1.7868
    1.6033
    1.6612
    1.7259
    1.6391
    1.5729
    1.4184
    1.3804
    1.5344
    1.6395
    1.7210
    1.7213
    1.5197
    1.5818
    1.6166
    1.6996
    1.7878
    1.9080
    1.7313
    1.6842
    1.7572
    1.8166
    1.9141
    1.9695
    1.9419
    1.7979
    1.7338
    1.7020
    1.6870
    1.5804
    1.6865
    1.6925
    1.6361
    1.5186
    1.4224
    1.2433
    1.3105
    1.2947
    1.1459
    1.2214
    1.1434
    1.1008
    1.1284
    1.0701
    1.0344
    0.9993
    0.9800
    0.9757
    0.9664
    0.9877
    0.9686
    1.0251
    0.9903
    0.9380
    0.9870
    0.9769
    1.0004
    1.0161
    1.0532
    1.1125
    1.2488
    1.2769
    1.3460
    1.2847
    1.3740
    1.4131
    1.4483
    1.4330
    1.4244
    1.4955
    1.5518
    1.5487
    1.5453
    1.6211
    1.5170
    1.5175
    1.4520
    1.4884
    1.4580
    1.4727
    1.3804
    1.3506
    1.2951
    1.2907
    1.3266
    1.3206
    1.2881
    1.2729
    1.2543
    1.2324
    1.2207
    1.1915
    1.2057
    1.2067
    1.2220
    1.1809
    1.1712
    1.1515
    1.1572
    1.1517
    1.1373
    1.1334
    1.1001
    1.0977
    1.0982
    1.0893
    1.0479
    1.0676
    1.0770
    1.0835
    1.0893
    1.0940
    1.0715
    1.0909
    1.1003
    1.1484
    1.1760
    1.2006
    1.2106
    1.2403
    1.2489
    1.2596
    1.2700
    1.2907
    1.2929
    1.2853
    1.2497
    1.2246
    1.2565
    1.2226
    1.2081
    1.2039
    1.2226
    1.2417
    1.2665
    1.2546
    1.2633
    1.2361
    1.2314
    1.2678
    1.2627
    1.2661
    1.2877
    1.2970
    1.2871
    1.3134
    1.3742
    1.3837
    1.4063
    1.4429
    1.3778
    1.3713
    1.3255
    1.3234
    1.3269
    1.3142
    1.3259
    1.2929
    1.2640
    1.2600
    1.2682
    1.2605
    1.2726
    1.2845
    1.2880
    1.3149
    1.3483
    1.3377
    1.3594
    1.3479
    1.3422
    1.3826
    1.4180
    1.4647
    1.5082
    1.5191
    1.5217
    1.5625
    1.5697
    1.5686
    1.5666
    1.5651
    1.5566
    1.5624
    1.5707
    1.5582
    1.5948
    1.5912
    1.6223
    1.6220
    1.6805
    1.6850
    1.6940
    1.7031
    1.6965
    1.7319
    1.7467
    1.7454
    1.7345
    1.7768
    1.7917
    1.7838
    1.7679
    1.7803
    1.7988
    1.8544
    1.9003
    1.9328
    1.9633
    1.9415
    1.9471
    1.9134
    1.9458
    1.9731
    2.0090
    1.9582
    1.9712
    2.0103
    2.0194
    2.0373
    2.0403
    2.0027
    1.9959
    2.0178
    1.9978
    2.0242
    2.0302
    2.0667
    2.1125
    2.0806
    2.0371
    2.0458
    2.0437
    2.0230
    2.0285
    2.0541
    2.0601
    2.0641
    2.1002
    2.0898
    2.0999
    2.1249
    2.1511
    2.1315
    2.1722
    2.1809
    2.1527
    2.1597
    2.1835
    2.1463
    2.1898
    2.1446
    2.1838
    2.1906
    2.0857
    2.0392
    2.1001
    2.0909
    2.0770
    2.0567
    2.0278
    2.0335
    2.0186
    2.0173
    2.0669
    2.0213
    2.0145
    1.9952
    2.0140
    2.0292
    2.0146
    1.9985
    1.9735
    1.9582
    1.9645
    1.9591
    1.9484
    1.9299
    1.9664
    1.9581
    2.0032
    1.9923
    1.9964
    1.9970
    2.0302
    2.0387
    2.0538
    2.0622
    2.0550
    2.0406
    1.9903
    1.9822
    2.0020
    1.9967
    2.0123
    2.0199
    2.0224
    1.9899
    1.9561
    1.9455
    1.9453
    1.9242
    1.9525
    1.9254
    1.9508
    1.9240
    1.9087
    1.8839
    1.8920
    1.9121
    1.9297
    1.9307
    1.9291
    1.9228
    1.9273
    1.9146
    1.9158
    1.9223
    1.9229
    1.9227
    1.9563
    1.9339
    1.9223
    1.9151
    1.9077
    1.9201
    1.9278
    1.9022
    1.8804
    1.8642
    1.8849
    1.8942
    1.8770
    1.8927
    1.9241
    1.9535
    1.9398
    1.9609
    1.9722
    1.9681
    1.9880
    2.0032
    2.0170
    2.0256
    2.0322
    2.0222
    2.0361
    2.0077
    2.0364
    2.0401
    2.0237
    2.0441
    2.0537
    2.0521
    2.1037
    2.1097
    2.0946
    2.1266
    2.1340
    2.1369
    2.1456
    2.1459
    2.1636
    2.1625
    2.1659
    2.1782
    2.1927
    2.1686
    2.1498
    2.1564
    2.1741
    2.1673
    2.1623
    2.1858
    2.2019
    2.2075
    2.2087
    2.1953
    2.1840
    2.1991
    2.2150
    2.2209
    2.2275
    2.2281
    2.2399
    2.2456
    2.2734
    2.2835
    2.3060
    2.3453
    2.4052
    2.4480
    2.4891
    2.5193
    2.5333
    2.5730
    2.6206
    2.6114
    2.6408
    2.6789
    2.7010
    2.7462
    2.7893
    2.8030
    2.8553
    2.8667
    2.8583
    2.8908
    2.9027
    2.9055
    2.9000
    2.9398
    2.9005
    2.8561
    2.8661
    2.8557
    2.8488
    2.8197
    2.8363
    2.9115
    2.9288
    2.8992
    2.8605
    2.8488
    2.8518
    2.8639
    2.8626
    2.9462
    2.9521
    2.9789
    2.9486
    2.9433
    2.9415
    2.9667
    2.9368
    2.9795
    3.0001
    2.9853
    2.9522
    2.9395
    2.9191
    2.9212
    2.9541
    2.9186
    2.9262
    2.9298
    2.9291
    2.9490
    2.9750
    2.9895
    3.0009
    2.9979
    2.9844
    2.9784
    3.0101
    3.0506
    3.0226
    3.0209
    3.0523
    3.0599
    3.0118
    2.9681
    2.9655
    3.0192
    2.9869
    2.9960
    2.9855
    2.9772
    2.9766
    3.0027
    3.0229
    3.0410
    3.0600
    3.0995
    3.0923
    3.0792
    3.0419
    3.0842
    3.1123
    3.0857
    3.0773
    3.0765
    3.0788
    3.0976
    3.1314
    3.1044
    3.0926
    3.0766
    3.1002
    3.1626
    3.1610
    3.1882
    3.1720
    3.1334
    3.0521
    3.0585
    3.0896
    3.0708
    3.0287
    3.0110
    2.9841
    2.9215
    2.8912
    2.8860
    2.8403
    2.8404
    2.8453
    2.7923
    2.7902
    2.7810
    2.7781
    2.7785
    2.7636
    2.7417
    2.7279
    2.7420
    2.7667
    2.7872
    2.7814
    2.7832
    2.7645
    2.7534
    2.7006
    2.7141
    2.7167
    2.6682
    2.6705
    2.6493
    2.6238
    2.5970
    2.5821
    2.5588
    2.5585
    2.5553
    2.5621
    2.5592
    2.5227
    2.5194
    2.5115
    2.5112
    2.4960
    2.4589
    2.4309
    2.4096
    2.4071
    2.4210
    2.4356
    2.4480
    2.4199
    2.4112
    2.4284
    2.4055
    2.3844
    2.3656
    2.3428
    2.3329
    2.3162
    2.3045
    2.2707
    2.2363
    2.2223
    2.2061
    2.1955
    2.1838
    2.1740
    2.1635
    2.1412
    2.1368
    2.1416
    2.1267
    2.1143
    2.1113
    2.0970
    2.0922
    2.0496
    2.0457
    2.0410
    2.0276
    2.0226
    2.0067
    1.9705
    1.9658
    1.9696
    1.9682
    1.9708
    1.9676
    1.9504
    1.9594
    1.9457
    1.9434
    1.9354
    1.9178
    1.9291
    1.9377
    1.9268
    1.9338
    1.9068
    1.8938
    1.8732
    1.8688
    1.8365
    1.8353
    1.8158
    1.8095
    1.8104
    1.8024
    1.8033
    1.7831
    1.7573
    1.7549
    1.7399
    1.7488
    1.7376
    1.7294
    1.7287
    1.6931
    1.6714
    1.6538
    1.6325
    1.6294
    1.6118
    1.5881
    1.5754
    1.5561
    1.5593
    1.5241
    1.4997
    1.4875
    1.4848
    1.4859
    1.4834
    1.4526
    1.4432
    1.4342
    1.4321
    1.4296
    1.4236
    1.4197
    1.4148
    1.3991
    1.4010
    1.4050
    1.4016
    1.3933
    1.3885
    1.3897
    1.3995
    1.3944
    1.3769
    1.3646
    1.3546
    1.3418
    1.3302
    1.3291
    1.3091
    1.3082
    1.2903
    1.2809
    1.2695
    1.2565
    1.2595
    1.2432
    1.2314
    1.2243
    1.2199
    1.2130
    1.1890
    1.1759
    1.1628
    1.1586
    1.1665
    1.1732
    1.1504
    1.1433
    1.1400
    1.1275
    1.1266
    1.1037
    1.0841
    1.0869
    1.0781
    1.0740
    1.0659
    1.0618
    1.0606
    1.0422
    1.0355
    1.0400
    1.0425
    1.0380
    1.0249
    1.0150
    1.0140
    1.0119
    1.0096
    1.0053
    0.9925
    0.9809
    0.9756
    0.9776
    0.9751
    0.9704
    0.9602
    0.9456
    0.9423
    0.9389
    0.9410
    0.9342
    0.9198
    0.9146
    0.9191
    0.9148
    0.9200
    0.9055
    0.9075
    0.9070
    0.8988
    0.9042
    0.9032
    0.9044
    0.9105
    0.9010
    0.9075
    0.9070
    0.9083
    0.9106
    0.9110
    0.9074
    0.9129
    0.9154
    0.9180
    0.9172
    0.9160
    0.9174
    0.9170
    0.9177
    0.9197
    0.9196
    0.9281
    0.9274
    0.9268
    0.9314
    0.9356
    0.9434
    0.9440
    0.9486
    0.9560
    0.9571
    0.9564
    0.9579
    0.9588
    0.9572
    0.9567
    0.9546
    0.9587
    0.9591
    0.9595
    0.9581
    0.9557
    0.9587
    0.9556
    0.9570
    0.9540
    0.9553
    0.9517
    0.9534
    0.9559
    0.9559
    0.9553
    0.9537
    0.9542
    0.9581
    0.9578
    0.9602
    0.9586
    0.9553
    0.9545
    0.9522
    0.9507
    0.9528
    0.9532
    0.9547
    0.9525
    0.9525
    0.9472
    0.9476
    0.9480
    0.9437
    0.9438
    0.9436
    0.9461
    0.9457
    0.9462
    0.9494
    0.9480
    0.9508
    0.9534
    0.9515
    0.9513
    0.9501
    0.9527
    0.9494
    0.9555
    0.9597
    0.9587
    0.9576
    0.9543
    0.9543
    0.9492
    0.9534
    0.9545
    0.9534
    0.9554
    0.9527
    0.9518
    0.9509
    0.9509
    0.9512
    0.9495
    0.9521
    0.9485
    0.9435
    0.9419
    0.9406
    0.9409
    0.9409
    0.9407
    0.9365
    0.9303
    0.9314
    0.9325
    0.9335
    0.9359
    0.9362
    0.9412
    0.9412
    0.9430
    0.9424
    0.9487
    0.9483
    0.9479
    0.9532
    0.9546
    0.9574
    0.9574
    0.9626
    0.9592
    0.9664
    0.9714
    0.9729
    0.9758
    0.9696
    0.9703
    0.9703
    0.9800
    0.9867
    0.9919
    0.9922
    0.9842
    0.9778
    0.9898
    0.9917
    0.9917
    0.9932
    0.9912
    1.0007
    0.9983
    1.0167
    1.0349
    1.0317
    1.0376
    1.0376
    1.0386
    1.0435
    1.0510
    1.0533
    1.0513
    1.0709
    1.0789
    1.0721
    1.0721
    1.0694
    1.0675
    1.0739
    1.0891
    1.1029
    1.1031
    1.1005
    1.1022
    1.1068
    1.1068
    1.1233
    1.1357
    1.1485
    1.1602
    1.1547
    1.1581
    1.1608
    1.1791
    1.1791
    1.2125
    1.2268
    1.2285
    1.2336
    1.2307
    1.2489
    1.2914
    1.3098
    1.3098
    1.3003
    1.3154
    1.2976
    1.3242
    1.3583
    1.3554
    1.3748
    1.4099
    1.4099
    1.4078
    1.4152
    1.4280
    1.4091
    1.4397
    1.4797
    1.4556
    1.4650
    1.4650
    1.4554
    1.4532
    1.4618
    1.4942
    1.4756
    1.4686
    1.4630
    1.4545
    1.4545
    1.4783
    1.4977
    1.4883
    1.5156
    1.4988
    1.4884
    1.5116
    1.4933
    1.4949
    1.4949
    1.5134
    1.4954
    1.4639
    1.4442
    1.3860
    1.3912
    1.3814
    1.3541
    1.3541
    1.3320
    1.3045
    1.2865
    1.2669
    1.2421
    1.2339
    1.2511
    1.2634
    1.2634
    1.2019
    1.1960
    1.1841
    1.1772
    1.1983
    1.1919
