    3.7724
    3.0390
    3.0929
    3.9259
    2.7069
    2.5643
    2.5619
    2.2737
    2.6767
    2.8621
    2.8984
    2.8380
    2.5165
    2.4053
    2.2731
    2.3417
    2.4113
    2.5571
    2.5565
    2.6449
    2.6841
    2.8410
    2.9940
    3.1281
    3.2515
    3.3922
    3.3835
    3.3066
    3.4237
    3.5126
    3.4912
    3.6109
    3.5181
    3.6615
    4.0370
    3.9694
    4.2319
    4.4035
    4.5684
    4.4109
    4.0221
    3.8462
    3.3083
    2.9590
    2.7773
    2.6917
    2.5607
    2.5172
    2.5445
    2.5898
    2.7112
    2.9914
    3.2490
    3.7105
    3.6778
    3.6963
    4.0849
    5.1181
    5.5402
    6.0331
    6.4552
    6.7852
    7.5047
    8.2589
    9.6373
   12.2974
   13.0979
   13.6266
   14.6900
   15.0844
   15.3280
   15.1885
   14.2683
   14.2732
   13.9512
   12.6268
   12.1528
   12.4888
   12.3940
   11.7163
   10.3241
    8.7876
    7.9784
    6.9646
    6.3993
    5.8243
    5.3830
    5.1357
    4.8773
    4.7439
    4.6561
    4.3554
    4.1489
    3.9295
    3.9700
    3.7359
    3.6401
    3.0922
    2.7187
    2.5463
    2.5144
    2.3051
    2.2120
    2.1877
    2.2953
    2.2881
    2.0483
    1.9843
    1.8080
    1.7424
    1.7427
    1.6048
    1.5997
    1.4991
    1.4248
    1.4119
    1.3983
    1.3667
    1.3097
    1.2693
    1.2520
    1.2321
    1.2408
    1.2445
    1.3345
    1.3081
    1.3038
    1.3009
    1.3008
    1.2705
    1.2091
    1.1556
    1.1352
    1.1079
    1.1308
    1.1227
    1.1366
    1.1620
    1.1563
    1.1419
    1.1401
    1.1277
    1.1167
    1.1156
    1.1082
    1.1157
    1.1182
    1.1361
    1.1546
    1.1773
    1.1949
    1.1843
    1.2019
    1.2391
    1.3240
    1.3951
    1.4712
    1.4385
    1.4771
    1.4580
    1.5428
    1.5784
    1.6468
    1.7406
    1.7715
    1.8569
    1.9639
    1.9973
    2.0597
    2.1330
    2.1370
    2.3325
    2.3752
    2.3285
    2.3913
    2.4104
    2.5257
    2.6789
    2.7062
    2.8639
    2.9448
    2.9860
    3.1033
    3.0944
    3.1564
    3.2761
    3.3314
    3.3078
    3.2388
    3.3141
    3.4553
    3.4497
    3.4958
    3.5496
    3.3840
    3.3493
    3.3576
    3.3123
    3.2288
    3.2347
    3.2964
    3.1588
    3.1344
    3.0612
    3.0587
    3.1668
    3.0775
    3.0412
    3.0241
    3.0169
    2.9634
    2.8784
    2.8654
    2.8256
    2.7986
    2.7755
    2.8171
    2.8466
    2.9214
    2.8474
    3.0329
    3.1202
    3.1494
    3.1470
    3.1992
    3.1766
    3.1032
    3.1311
    3.1890
    3.2299
    3.2350
    3.1701
    3.1679
    3.1913
    3.1354
    3.1594
    3.2327
    3.3393
    3.3071
    3.3431
    3.2184
    3.2600
    3.1682
    3.1518
    3.2274
    3.1495
    3.1924
    3.1755
    3.2075
    3.1935
    3.1473
    3.1813
    3.1536
    3.2108
    3.2624
    3.2597
    3.2555
    3.3167
    3.3316
    3.4254
    3.3548
    3.2711
    3.2722
    3.2691
    3.2616
    3.2662
    3.3208
    3.3328
    3.3485
    3.3252
    3.3166
    3.3098
    3.2616
    3.2552
    3.1917
    3.1850
    3.1212
    3.1309
    3.0537
    3.0088
    2.9366
    2.9726
    2.9150
    2.9061
    2.9132
    2.8970
    2.8429
    2.8318
    2.7583
    2.7102
    2.7015
    2.7207
    2.7029
    2.5784
    2.5059
    2.5201
    2.5123
    2.4949
    2.4861
    2.4469
    2.4173
    2.4030
    2.3990
    2.3898
    2.3469
    2.3526
    2.3639
    2.3236
    2.3324
    2.3357
    2.3450
    2.3165
    2.3177
    2.2703
    2.2624
    2.2987
    2.2938
    2.3182
    2.3071
    2.2892
    2.3115
    2.2735
    2.2771
    2.2444
    2.2157
    2.2015
    2.1629
    2.1759
    2.1781
    2.1952
    2.1876
    2.1613
    2.1471
    2.1462
    2.1412
    2.1490
    2.1321
    2.1162
    2.1181
    2.1304
    2.1078
    2.1200
    2.0706
    2.0794
    2.0658
    2.0829
    2.0617
    2.1191
    2.1118
    2.0968
    2.1008
    2.1063
    2.0979
    2.1330
    2.0948
    2.0975
    2.1002
    2.1034
    2.1041
    2.1078
    2.1165
    2.1368
    2.1344
    2.1732
    2.1839
    2.1924
    2.1752
    2.1683
    2.1748
    2.2521
    2.2590
    2.3043
    2.2954
    2.3002
    2.3124
    2.2920
    2.2637
    2.2670
    2.2845
    2.2852
    2.2903
    2.2785
    2.3107
    2.3230
    2.3131
    2.3139
    2.2783
    2.3008
    2.2816
    2.2876
    2.2521
    2.2780
    2.3181
    2.3103
    2.3112
    2.3425
    2.3573
    2.3367
    2.3346
    2.3330
    2.3465
    2.3567
    2.3612
    2.3675
    2.3594
    2.3753
    2.3927
    2.4283
    2.4297
    2.4304
    2.4061
    2.4103
    2.4168
    2.4081
    2.4234
    2.4182
    2.4458
    2.4880
    2.5053
    2.5265
    2.5320
    2.5369
    2.5483
    2.5478
    2.5494
    2.5289
    2.5142
    2.5123
    2.5285
    2.5388
    2.5570
    2.5983
    2.6103
    2.6291
    2.6331
    2.6304
    2.6422
    2.6037
    2.6056
    2.5991
    2.6162
    2.6072
    2.5847
    2.6267
    2.6456
    2.6000
    2.5974
    2.6188
    2.6232
    2.5816
    2.5749
    2.5727
    2.5807
    2.5683
    2.5665
    2.5656
    2.5467
    2.5313
    2.5074
    2.5003
    2.4751
    2.4823
    2.4517
    2.4545
    2.4476
    2.4332
    2.4393
    2.4407
    2.4481
    2.4403
    2.4399
    2.4238
    2.4276
    2.3997
    2.4075
    2.3984
    2.3847
    2.3702
    2.3559
    2.3545
    2.3308
    2.3093
    2.2894
    2.2948
    2.2932
    2.2907
    2.2852
    2.2738
    2.2551
    2.2324
    2.2411
    2.2356
    2.2248
    2.1946
    2.1762
    2.1702
    2.1407
    2.1192
    2.1057
    2.0941
    2.0827
    2.0761
    2.0534
    2.0353
    2.0132
    1.9961
    1.9675
    1.9547
    1.9457
    1.9387
    1.9207
    1.8907
    1.8730
    1.8756
    1.8557
    1.8421
    1.8364
    1.8412
    1.8418
    1.8403
    1.8493
    1.8459
    1.8609
    1.8537
    1.8455
    1.8485
    1.8522
    1.8555
    1.8514
    1.8452
    1.8477
    1.8572
    1.8501
    1.8355
    1.8443
    1.8401
    1.8443
    1.8425
    1.8239
    1.8140
    1.8126
    1.7981
    1.7881
    1.7862
    1.7928
    1.7917
    1.7851
    1.7826
    1.7865
    1.7896
    1.7899
    1.7898
    1.7772
    1.7723
    1.7696
    1.7566
    1.7545
    1.7601
    1.7382
    1.7343
    1.7213
    1.7254
    1.7213
    1.7223
    1.7159
    1.7169
    1.7175
    1.7152
    1.7198
    1.7066
    1.7024
    1.7116
    1.7124
    1.7128
    1.7238
    1.7186
    1.7224
    1.7224
    1.7246
    1.7217
    1.7174
    1.7139
    1.7218
    1.7278
    1.7290
    1.7363
    1.7381
    1.7455
    1.7531
    1.7544
    1.7445
    1.7459
    1.7376
    1.7439
    1.7525
    1.7578
    1.7720
    1.7745
    1.7681
    1.7693
    1.7791
    1.7897
    1.7952
    1.7910
    1.8004
    1.8221
    1.8230
    1.8193
    1.8313
    1.8265
    1.8316
    1.8394
    1.8461
    1.8694
    1.8718
    1.8884
    1.9101
    1.9117
    1.9142
    1.9299
    1.9328
    1.9576
    1.9747
    1.9692
    1.9672
    1.9998
    2.0366
    2.0482
    2.0654
    2.0708
    2.0890
    2.0858
    2.0844
    2.1169
    2.1467
    2.1928
    2.2004
    2.2119
    2.2272
    2.2353
    2.2445
    2.2397
    2.2469
    2.2748
    2.3174
    2.3488
    2.3653
    2.3942
    2.4078
    2.4301
    2.4344
    2.4315
    2.4264
    2.4260
    2.4282
    2.4120
    2.4111
    2.3799
    2.3724
    2.3676
    2.3637
    2.3505
    2.3413
    2.3114
    2.2977
    2.2875
    2.2909
    2.2775
    2.2586
    2.2628
    2.2491
    2.2617
    2.2746
    2.2613
    2.2548
    2.2588
    2.2686
    2.3001
    2.2997
    2.3021
    2.2971
    2.2983
    2.3076
    2.3087
    2.2877
    2.2911
    2.2969
    2.3083
    2.3057
    2.2936
    2.3127
    2.2884
    2.2728
    2.2563
    2.2495
    2.2648
    2.2532
    2.2641
    2.2646
    2.2720
    2.2591
    2.2516
    2.2692
    2.2804
    2.2819
    2.2769
    2.2775
    2.2749
    2.2640
    2.2472
    2.2204
    2.2197
    2.2483
    2.2592
    2.2706
    2.2808
    2.2908
    2.3123
    2.3042
    2.2998
    2.3014
    2.2966
    2.2848
    2.2698
    2.2678
    2.2516
    2.2427
    2.2484
    2.2671
    2.2755
    2.2696
    2.2700
    2.2680
    2.2627
    2.2260
    2.1983
    2.1858
    2.1790
    2.1845
    2.1866
    2.1718
    2.1678
    2.1769
    2.1841
    2.1830
    2.1827
    2.1924
    2.1866
    2.1820
    2.1730
    2.1808
    2.1787
    2.1728
    2.1624
    2.1583
    2.1604
    2.1530
    2.1555
    2.1572
    2.1741
    2.1773
    2.1791
    2.1631
    2.1574
    2.1676
    2.1766
    2.1777
    2.1924
    2.1875
    2.1868
    2.1850
    2.1925
    2.1956
    2.1928
    2.1966
    2.1933
    2.1925
    2.2011
    2.1987
    2.2030
    2.1966
    2.1971
    2.2033
    2.2126
    2.2176
    2.2253
    2.2274
    2.2249
    2.2210
    2.2128
    2.2082
    2.2105
    2.2258
    2.2304
    2.2288
    2.2357
    2.2406
    2.2408
    2.2307
    2.2299
    2.2280
    2.2348
    2.2366
    2.2438
    2.2575
    2.2650
    2.2667
    2.2693
    2.2776
    2.2686
    2.2669
    2.2585
    2.2585
    2.2529
    2.2443
    2.2454
    2.2430
    2.2519
    2.2633
    2.2621
    2.2660
    2.2739
    2.2748
    2.2702
    2.2722
    2.2680
    2.2779
    2.2777
    2.2874
    2.2900
    2.2922
    2.2956
    2.2946
    2.2992
    2.2987
    2.3024
    2.3121
    2.3160
    2.3187
    2.3209
    2.3291
    2.3458
    2.3510
    2.3523
    2.3453
    2.3486
    2.3358
    2.3316
    2.3360
    2.3389
    2.3397
    2.3502
    2.3500
    2.3480
    2.3422
    2.3421
    2.3431
    2.3558
    2.3637
    2.3709
    2.3695
    2.3693
    2.3778
    2.3723
    2.3618
    2.3520
    2.3400
    2.3397
    2.3492
    2.3382
    2.3379
    2.3560
    2.3745
    2.4063
    2.4043
    2.4272
    2.4296
    2.4482
    2.4390
    2.4386
    2.4428
    2.4369
    2.4591
    2.4708
    2.4628
    2.4541
    2.4423
    2.4575
    2.4678
    2.4674
    2.4817
    2.4856
    2.5136
    2.5330
    2.5704
    2.5820
    2.5913
    2.5468
    2.5457
    2.5312
    2.5104
    2.4896
    2.4644
    2.4261
    2.4221
    2.4351
    2.4418
    2.4413
    2.4292
    2.4277
    2.4376
    2.4462
    2.4516
    2.5047
    2.5125
    2.5410
    2.5410
    2.5385
    2.5051
    2.5062
    2.5296
    2.5507
    2.5666
    2.5864
    2.6384
    2.6384
    2.7102
    2.7990
    2.8446
    2.8472
    2.8344
    2.8221
    2.8807
    2.8847
    2.8847
    2.8641
    2.8504
    2.8413
    2.8704
    2.8830
    2.8525
    2.8841
    2.8820
    2.9117
    2.9117
    2.9077
    2.9166
    2.9475
    2.9703
    3.0191
    3.0358
    3.0220
    3.0225
    3.0225
    3.0163
    3.0255
    3.0391
    3.0097
    3.0173
    3.0509
    3.1036
    3.1139
    3.1139
    3.1193
    3.1342
    3.1635
    3.1638
    3.1248
    3.1595
    3.1842
    3.1753
    3.1753
    3.1399
    3.1450
    3.1313
    3.1173
    3.1150
    3.1631
    3.1057
    3.0398
    3.0398
    2.9880
    2.9624
    2.9258
    2.9262
    2.9178
    2.8931
    2.8840
    2.8883
    2.8883
    2.8917
    2.8838
    2.9615
    3.0271
    2.9972
    2.9686
    2.9476
    2.9005
    2.8355
    2.8355
    2.7868
    2.8038
    2.7776
    2.7536
    2.7587
    2.7439
    2.7233
    2.6766
    2.6766
    2.6725
    2.6747
    2.6908
    2.6460
    2.5880
    2.5363
    2.5202
    2.5121
    2.5121
    2.4819
    2.4547
    2.4963
    2.5626
    2.5922
    2.5833
