    8.8556
    5.2653
    5.1530
    4.4447
    6.0366
    0.7507
    1.2156
    2.0682
    1.7599
    1.8359
    2.7978
    2.7911
    2.1887
    1.5640
    1.5252
    1.7502
    2.0888
    2.1207
    2.0383
    2.0456
    2.0733
    2.0070
    2.0091
    2.0712
    2.0683
    2.0512
    1.9908
    2.0065
    1.9654
    1.9646
    1.9700
    1.8194
    1.7974
    1.7435
    1.7917
    1.8068
    1.7989
    2.0067
    2.1976
    2.5971
    2.8117
    3.0565
    3.3213
    3.5234
    3.5010
    3.4987
    3.8088
    3.2865
    3.2166
    3.4083
    3.3636
    3.8450
    3.3994
    3.5173
    3.2083
    3.1969
    3.6635
    4.2692
    4.6851
    5.4026
    5.4865
    5.3183
    5.4828
    5.5124
    5.2905
    4.9304
    5.1642
    5.2369
    5.9006
    6.0535
    5.7638
    5.6901
    5.9026
    6.3091
    6.1525
    6.0909
    6.2590
    6.4270
    6.3576
    6.1210
    6.3629
    5.9564
    5.4812
    5.2893
    4.9174
    4.4662
    4.3598
    4.1712
    4.0188
    3.8966
    3.7447
    3.5941
    3.5127
    3.2008
    3.3138
    3.1912
    3.0076
    3.0327
    3.0425
    3.0194
    3.0147
    2.9944
    3.0424
    3.0997
    3.1046
    3.1419
    3.1802
    3.1749
    2.8376
    2.6424
    2.4067
    2.3019
    2.2138
    2.0309
    1.8306
    1.8335
    1.8170
    1.8388
    1.7124
    1.7156
    1.7563
    1.7489
    1.7910
    1.7707
    1.7151
    1.6870
    1.7191
    1.6806
    1.7074
    1.7090
    1.7405
    1.7626
    1.7608
    1.7404
    1.7603
    1.7629
    1.8107
    1.8138
    1.8611
    1.9511
    1.9959
    1.9985
    2.0877
    2.2409
    2.3296
    2.3012
    2.3599
    2.3612
    2.3647
    2.5069
    2.4602
    2.4326
    2.5012
    2.4921
    2.4761
    2.4516
    2.4500
    2.5217
    2.6264
    2.5730
    2.5877
    2.5999
    2.4731
    2.3203
    2.3257
    2.2224
    2.1403
    2.1036
    2.1346
    2.0779
    2.0519
    1.9806
    2.0091
    1.9543
    1.9267
    1.8928
    1.8953
    1.8638
    1.8899
    1.9603
    1.9540
    1.9936
    1.9860
    2.0222
    2.0413
    1.9925
    1.9863
    2.0149
    2.0251
    2.0932
    2.1090
    2.1014
    2.0800
    2.1526
    2.1822
    2.1951
    2.1984
    2.1557
    2.1621
    2.1823
    2.2137
    2.2544
    2.2792
    2.2467
    2.3783
    2.4293
    2.4583
    2.4349
    2.4722
    2.4972
    2.4951
    2.4417
    2.3341
    2.4093
    2.4896
    2.5337
    2.5627
    2.5490
    2.5049
    2.4827
    2.4631
    2.4864
    2.4565
    2.4104
    2.3540
    2.2732
    2.2085
    2.1741
    2.0399
    2.0320
    2.0414
    2.0177
    2.0147
    2.0157
    1.9796
    1.9793
    1.9800
    1.9948
    1.9760
    1.9292
    1.8902
    1.8898
    1.9187
    1.8796
    1.8420
    1.8260
    1.8124
    1.8070
    1.7825
    1.8117
    1.7940
    1.7890
    1.7861
    1.7136
    1.6709
    1.6902
    1.6964
    1.6732
    1.6560
    1.6460
    1.6316
    1.6821
    1.6622
    1.6627
    1.6439
    1.6475
    1.6672
    1.6916
    1.7007
    1.6537
    1.6262
    1.6164
    1.5780
    1.6013
    1.5859
    1.6093
    1.6225
    1.6260
    1.5980
    1.5857
    1.5660
    1.5928
    1.6296
    1.6442
    1.6556
    1.6254
    1.6500
    1.6576
    1.6703
    1.6738
    1.6795
    1.6525
    1.6198
    1.6109
    1.6002
    1.6240
    1.5956
    1.5445
    1.5575
    1.5371
    1.5216
    1.5435
    1.5583
    1.5530
    1.5297
    1.5179
    1.5308
    1.5328
    1.5522
    1.5655
    1.5972
    1.5929
    1.5910
    1.6052
    1.6081
    1.6060
    1.6010
    1.5788
    1.5867
    1.6469
    1.6373
    1.6782
    1.6687
    1.6702
    1.7016
    1.7166
    1.7378
    1.7696
    1.7606
    1.7694
    1.7139
    1.7689
    1.7933
    1.8228
    1.8075
    1.7942
    1.7652
    1.7426
    1.7358
    1.7288
    1.7356
    1.7368
    1.7693
    1.7678
    1.6989
    1.6794
    1.6624
    1.6422
    1.6473
    1.6650
    1.6514
    1.6957
    1.7375
    1.7543
    1.7458
    1.7258
    1.7519
    1.7649
    1.7818
    1.8115
    1.8155
    1.8125
    1.8139
    1.8036
    1.7998
    1.7810
    1.7611
    1.7618
    1.7978
    1.7737
    1.7844
    1.7872
    1.7943
    1.8119
    1.8334
    1.8328
    1.8403
    1.8659
    1.8822
    1.8785
    1.8324
    1.8339
    1.8638
    1.8732
    1.8839
    1.8727
    1.8679
    1.8696
    1.8660
    1.8580
    1.8521
    1.8790
    1.8689
    1.8565
    1.8496
    1.8488
    1.8420
    1.8417
    1.8324
    1.8615
    1.8993
    1.9049
    1.8732
    1.8616
    1.8527
    1.8505
    1.8624
    1.8664
    1.8249
    1.8068
    1.8104
    1.8199
    1.8139
    1.7832
    1.7774
    1.7666
    1.7978
    1.7639
    1.7482
    1.7141
    1.7133
    1.7162
    1.7323
    1.7388
    1.8110
    1.8341
    1.8133
    1.8028
    1.8098
    1.8183
    1.8098
    1.7862
    1.7780
    1.7927
    1.8058
    1.8007
    1.8154
    1.8147
    1.7974
    1.7913
    1.7807
    1.7787
    1.7580
    1.7432
    1.7104
    1.6862
    1.6756
    1.6989
    1.6719
    1.6536
    1.6597
    1.6274
    1.6169
    1.6371
    1.6603
    1.6376
    1.6421
    1.6621
    1.6562
    1.6551
    1.6597
    1.6428
    1.6320
    1.6117
    1.6002
    1.5873
    1.5617
    1.5783
    1.6021
    1.5822
    1.5806
    1.5784
    1.5660
    1.5796
    1.5752
    1.5803
    1.5748
    1.5596
    1.5545
    1.5720
    1.5496
    1.5472
    1.5586
    1.5488
    1.5311
    1.5181
    1.5245
    1.4928
    1.4662
    1.4905
    1.5005
    1.4932
    1.4852
    1.4941
    1.5027
    1.4963
    1.5021
    1.5136
    1.5069
    1.5020
    1.5036
    1.5141
    1.4856
    1.4771
    1.4736
    1.4726
    1.4698
    1.4743
    1.4737
    1.4773
    1.4774
    1.4673
    1.4527
    1.4569
    1.4793
    1.4871
    1.4839
    1.4686
    1.4641
    1.4407
    1.4517
    1.4535
    1.4574
    1.4562
    1.4629
    1.4375
    1.4509
    1.4453
    1.4305
    1.4373
    1.4352
    1.4258
    1.4148
    1.4293
    1.4171
    1.4008
    1.3865
    1.4049
    1.3947
    1.3962
    1.3959
    1.4016
    1.3946
    1.4040
    1.4085
    1.4137
    1.4141
    1.4040
    1.4157
    1.4107
    1.4051
    1.4277
    1.4247
    1.4359
    1.4602
    1.4630
    1.4760
    1.4756
    1.4847
    1.4891
    1.4974
    1.5144
    1.5349
    1.5107
    1.5213
    1.5113
    1.5126
    1.5190
    1.5136
    1.5275
    1.5189
    1.5186
    1.5215
    1.5355
    1.5248
    1.5314
    1.5322
    1.5356
    1.5353
    1.5421
    1.5456
    1.5524
    1.5586
    1.5721
    1.5780
    1.6044
    1.6121
    1.6191
    1.6356
    1.6345
    1.6229
    1.6184
    1.6240
    1.6377
    1.6476
    1.6612
    1.6643
    1.6710
    1.6787
    1.6749
    1.6941
    1.7163
    1.7163
    1.7250
    1.7154
    1.7307
    1.7320
    1.7216
    1.7189
    1.7236
    1.7394
    1.7526
    1.7595
    1.7705
    1.7704
    1.7986
    1.7953
    1.8002
    1.8059
    1.8117
    1.8212
    1.8246
    1.8171
    1.8166
    1.8260
    1.8207
    1.8279
    1.8205
    1.8330
    1.8489
    1.8563
    1.8512
    1.8633
    1.8867
    1.8913
    1.9108
    1.9110
    1.9247
    1.9463
    1.9608
    1.9703
    1.9926
    1.9956
    1.9983
    1.9989
    2.0164
    2.0135
    2.0085
    2.0102
    2.0240
    2.0252
    2.0302
    2.0440
    2.0371
    2.0503
    2.0431
    2.0518
    2.0754
    2.0895
    2.0925
    2.0890
    2.0965
    2.1308
    2.1330
    2.1466
    2.1753
    2.1872
    2.1782
    2.1785
    2.1717
    2.1897
    2.1845
    2.1622
    2.1736
    2.1718
    2.1809
    2.1552
    2.1572
    2.1669
    2.1906
    2.1861
    2.1923
    2.1775
    2.1679
    2.1690
    2.1919
    2.2048
    2.2063
    2.2121
    2.2335
    2.2453
    2.2696
    2.2860
    2.3040
    2.3156
    2.3186
    2.3466
    2.3325
    2.3397
    2.3394
    2.3451
    2.3448
    2.3791
    2.3953
    2.4067
    2.4031
    2.4084
    2.4051
    2.4061
    2.4131
    2.4115
    2.4008
    2.4218
    2.4267
    2.4264
    2.4294
    2.4291
    2.4199
    2.4394
    2.4393
    2.4472
    2.4276
    2.4416
    2.4630
    2.4834
    2.4761
    2.4676
    2.4652
    2.4573
    2.4488
    2.4495
    2.4522
    2.4747
    2.4527
    2.4518
    2.4442
    2.4395
    2.4353
    2.4301
    2.4520
    2.4672
    2.4488
    2.4576
    2.4564
    2.4584
    2.4677
    2.4513
    2.4407
    2.4445
    2.4574
    2.4579
    2.4583
    2.4558
    2.4566
    2.4569
    2.4544
    2.4506
    2.4473
    2.4505
    2.4528
    2.4671
    2.4732
    2.4855
    2.4947
    2.5137
    2.5197
    2.5215
    2.5147
    2.5146
    2.5233
    2.5191
    2.5249
    2.5288
    2.5314
    2.5344
    2.5191
    2.5185
    2.5253
    2.5226
    2.5230
    2.5215
    2.5241
    2.5222
    2.5203
    2.5188
    2.5226
    2.5154
    2.5190
    2.5132
    2.5165
    2.5237
    2.5375
    2.5306
    2.5241
    2.5230
    2.5216
    2.5256
    2.5204
    2.5197
    2.5290
    2.5304
    2.5372
    2.5425
    2.5432
    2.5285
    2.5262
    2.5406
    2.5435
    2.5415
    2.5506
    2.5519
    2.5597
    2.5668
    2.5647
    2.5694
    2.5727
    2.5747
    2.5753
    2.5665
    2.5676
    2.5733
    2.5745
    2.5863
    2.5890
    2.5904
    2.6006
    2.6048
    2.6056
    2.5972
    2.5900
    2.5924
    2.6011
    2.5927
    2.6019
    2.6005
    2.5929
    2.5946
    2.5918
    2.5928
    2.5905
    2.6043
    2.6132
    2.6253
    2.6255
    2.6242
    2.6215
    2.6338
    2.6506
    2.6500
    2.6534
    2.6592
    2.6820
    2.6820
    2.6862
    2.7006
    2.6954
    2.6812
    2.6919
    2.6937
    2.7073
    2.7282
    2.7282
    2.7355
    2.7318
    2.7190
    2.7081
    2.7104
    2.7130
    2.7216
    2.7147
    2.7151
    2.7003
    2.6948
    2.6885
    2.6798
    2.6710
    2.6824
    2.6587
    2.6751
    2.6754
    2.6587
    2.6695
    2.6689
    2.6668
    2.6553
    2.6381
    2.6193
    2.6145
    2.6189
    2.6189
    2.6146
    2.6175
    2.6121
    2.6164
    2.6214
    2.6356
    2.6508
    2.6451
    2.6451
    2.6457
    2.6475
    2.6420
    2.6557
    2.6659
    2.6768
    2.6630
    2.6815
    2.6820
    2.6681
    2.6924
    2.6715
    2.6600
    2.6335
    2.6465
    2.6419
    2.6654
    2.6654
    2.6745
    2.6950
    2.7071
    2.7150
    2.7151
    2.6929
    2.7341
    2.7384
    2.7384
    2.7506
    2.7742
    2.7888
    2.7875
    2.8000
    2.7720
    2.7448
    2.7914
    2.7914
    2.7756
    2.7791
    2.7880
    2.7978
    2.8068
    2.8528
    2.8782
    2.8731
    2.8321
    2.8321
    2.8391
    2.8562
    2.8505
    2.8616
    2.8575
    2.8533
    2.8653
    2.8624
    2.8624
    2.8638
    2.8739
    2.8655
    2.8754
    2.8320
    2.8493
    2.8285
    2.8108
    2.8108
    2.7733
    2.7761
    2.7834
    2.7977
    2.8225
    2.8157
    2.7873
    2.8048
    2.8048
    2.7974
    2.7819
    2.8110
    2.8294
    2.8400
    2.9042
    2.9059
    2.8872
    2.8872
    2.8869
    2.8986
    2.9302
    2.9379
    2.9458
    2.9164
    2.9777
    3.0416
    3.0416
    3.0601
    3.1698
    3.2109
    3.3042
    3.2922
    3.3703
    3.3799
    3.4313
    3.4194
    3.4194
    3.4795
    3.5744
    3.7020
    3.6106
    3.7585
    3.7559
    3.7246
    3.7579
    3.7579
    3.7507
    3.7979
    3.7375
    3.8101
    4.0384
    4.0670
    3.7741
    3.7385
    3.7385
    3.6702
    3.6842
    3.4928
    3.5109
    3.4775
    3.3301
