    1.1146
    1.4567
    1.8408
    6.7200
    1.1996
    3.1844
    1.0769
    3.0506
    2.2215
    2.7761
    3.2942
    3.8294
    5.1868
    5.4019
    5.5010
    5.9721
   10.0510
   10.5435
    9.3970
    7.9533
    8.3144
    5.9017
    6.2453
    5.5978
    5.5760
    3.9627
    3.5507
    3.1747
    2.9876
    2.9659
    2.4362
    2.2377
    2.1684
    1.7932
    1.7901
    1.4076
    1.4306
    1.2605
    1.2691
    1.0743
    1.0948
    0.8954
    0.8049
    0.8821
    0.8383
    0.8420
    0.8306
    0.8108
    0.8023
    0.8544
    0.9541
    0.9501
    1.0419
    1.2251
    1.2125
    1.1926
    1.2604
    1.1823
    1.1912
    1.2879
    1.2964
    1.5761
    1.4974
    1.5227
    1.5170
    1.3473
    1.2718
    1.1773
    1.1229
    1.0548
    1.0226
    1.0343
    1.0498
    1.1218
    1.1652
    1.1697
    1.1907
    1.1587
    1.1503
    1.1249
    1.0873
    1.0965
    1.1103
    1.1691
    1.1991
    1.2469
    1.3031
    1.3848
    1.4396
    1.4983
    1.6002
    1.6165
    1.6455
    1.6231
    1.5274
    1.5330
    1.4664
    1.5621
    1.5595
    1.7297
    1.7145
    1.7943
    1.7890
    1.7790
    1.7545
    1.7485
    1.7300
    1.7465
    1.7702
    1.6578
    1.7108
    1.6833
    1.6701
    1.6543
    1.6142
    1.6508
    1.6411
    1.6689
    1.7104
    1.7370
    1.7545
    1.7758
    1.7797
    1.7744
    1.8814
    1.8001
    1.8204
    1.8248
    1.8232
    1.8896
    1.8608
    1.9177
    1.9585
    1.9534
    2.0022
    1.9813
    1.9084
    1.9201
    1.9872
    1.9411
    2.0516
    2.1698
    2.2262
    2.1927
    2.1711
    2.1847
    2.2609
    2.2762
    2.3165
    2.3194
    2.2515
    2.2475
    2.2487
    2.2530
    2.3172
    2.1894
    2.1897
    2.0982
    2.1108
    2.1364
    2.1192
    2.1079
    2.0915
    1.9991
    2.0584
    2.0837
    2.0308
    2.0547
    2.1693
    2.1314
    2.1918
    2.1444
    2.1218
    2.1063
    2.1213
    2.1488
    2.1628
    2.0903
    1.9458
    1.9247
    1.9621
    2.0100
    1.9286
    1.9238
    1.8639
    1.8390
    1.8561
    1.7394
    1.7527
    1.7784
    1.7800
    1.7928
    1.8307
    1.8580
    1.8388
    1.8738
    1.8621
    1.8179
    1.8332
    1.8668
    1.8527
    1.9298
    1.9535
    1.9664
    1.9478
    1.9216
    1.8821
    1.8063
    1.8354
    1.8085
    1.7523
    1.7286
    1.6534
    1.5912
    1.5373
    1.5510
    1.5858
    1.6061
    1.6567
    1.6892
    1.5910
    1.5722
    1.5754
    1.5798
    1.6074
    1.6173
    1.6163
    1.6038
    1.6153
    1.6348
    1.6558
    1.6783
    1.7125
    1.7411
    1.7662
    1.7799
    1.8708
    1.9007
    1.8941
    1.8798
    1.9372
    1.9720
    1.9315
    1.8971
    1.9613
    1.9631
    1.9432
    1.9550
    1.9503
    2.0026
    2.0411
    1.9962
    2.0036
    1.9597
    1.9960
    2.0416
    2.0493
    2.0559
    2.0735
    2.0775
    2.1562
    2.2372
    2.2197
    2.2893
    2.3457
    2.3348
    2.3295
    2.3919
    2.4065
    2.5254
    2.5482
    2.5887
    2.5988
    2.6455
    2.6635
    2.6500
    2.6163
    2.6722
    2.7623
    2.8349
    2.8965
    2.9813
    2.9645
    2.9632
    2.9984
    3.0962
    3.0705
    3.0445
    3.0489
    3.0884
    3.0803
    3.1355
    3.2038
    3.2325
    3.1460
    3.0789
    3.0725
    3.0397
    3.0099
    3.0144
    3.0442
    3.0966
    3.1123
    3.0903
    3.0672
    3.1081
    3.1924
    3.1773
    3.1746
    3.1730
    3.2324
    3.2222
    3.1947
    3.2101
    3.1807
    3.1528
    3.1858
    3.2155
    3.2122
    3.1922
    3.1955
    3.1895
    3.1434
    3.1670
    3.1222
    3.1274
    3.1357
    3.1439
    3.1221
    3.0849
    3.0083
    2.9746
    2.9122
    2.9334
    2.8920
    2.9009
    2.8629
    2.8462
    2.8285
    2.7859
    2.7436
    2.7556
    2.6468
    2.6323
    2.6127
    2.6331
    2.5710
    2.5986
    2.6031
    2.6074
    2.5866
    2.4762
    2.4596
    2.4400
    2.3904
    2.3577
    2.3472
    2.3439
    2.3213
    2.2727
    2.2532
    2.2801
    2.2957
    2.2998
    2.2536
    2.2813
    2.3078
    2.2967
    2.2326
    2.2255
    2.2028
    2.2411
    2.2479
    2.2433
    2.1984
    2.2211
    2.2090
    2.1885
    2.1982
    2.2145
    2.2060
    2.2120
    2.2203
    2.2094
    2.2122
    2.2101
    2.2115
    2.2319
    2.2467
    2.2714
    2.2695
    2.2866
    2.3001
    2.3246
    2.3246
    2.3471
    2.3647
    2.3755
    2.3804
    2.3796
    2.4077
    2.4211
    2.4400
    2.4459
    2.4229
    2.4091
    2.4004
    2.4199
    2.4564
    2.4385
    2.4547
    2.4684
    2.5038
    2.5060
    2.4731
    2.4704
    2.5210
    2.5515
    2.5948
    2.6081
    2.6355
    2.6749
    2.7160
    2.7220
    2.7097
    2.7286
    2.7454
    2.7603
    2.8099
    2.8304
    2.8347
    2.8707
    2.9275
    2.9600
    2.9783
    2.9555
    3.0098
    2.9984
    2.9991
    2.9893
    2.9808
    2.9908
    2.9869
    3.0190
    3.0257
    3.0764
    3.1043
    3.1364
    3.1146
    3.1380
    3.0950
    3.0749
    3.0416
    3.0569
    3.0844
    3.0934
    3.0985
    3.1236
    3.1390
    3.1902
    3.1546
    3.1802
    3.2304
    3.2311
    3.2165
    3.2343
    3.2102
    3.2329
    3.2111
    3.2301
    3.2441
    3.2607
    3.2285
    3.2131
    3.2041
    3.2035
    3.1920
    3.1489
    3.1052
    3.0833
    3.0658
    2.9779
    2.9613
    2.9406
    2.8826
    2.8174
    2.7708
    2.7515
    2.7238
    2.6780
    2.6419
    2.6347
    2.6135
    2.6069
    2.5967
    2.5749
    2.5907
    2.5879
    2.5638
    2.5629
    2.5495
    2.5222
    2.5067
    2.4834
    2.4923
    2.5058
    2.4793
    2.4515
    2.4193
    2.4242
    2.4258
    2.4163
    2.3784
    2.3929
    2.3471
    2.3544
    2.3226
    2.2899
    2.2474
    2.2103
    2.1753
    2.1794
    2.1724
    2.1807
    2.1741
    2.1547
    2.1300
    2.1070
    2.0776
    2.0826
    2.0505
    2.0440
    2.0201
    2.0121
    2.0189
    2.0330
    2.0217
    2.0200
    2.0299
    2.0262
    2.0241
    2.0197
    2.0092
    1.9929
    1.9861
    1.9809
    1.9700
    1.9584
    1.9538
    1.9603
    1.9418
    1.9319
    1.9391
    1.9325
    1.9275
    1.9405
    1.9519
    1.9636
    1.9616
    1.9689
    1.9659
    1.9606
    1.9677
    1.9600
    1.9769
    1.9870
    1.9864
    2.0050
    2.0162
    2.0383
    2.0545
    2.0898
    2.1092
    2.0954
    2.0703
    2.0598
    2.0435
    2.0545
    2.0605
    2.0543
    2.0631
    2.0696
    2.0600
    2.0318
    2.0003
    1.9574
    1.9335
    1.8692
    1.8413
    1.8111
    1.7873
    1.7654
    1.7566
    1.7549
    1.7468
    1.7264
    1.6702
    1.6437
    1.6183
    1.6010
    1.5885
    1.5744
    1.5614
    1.5503
    1.5495
    1.5582
    1.5656
    1.5661
    1.5620
    1.5565
    1.5565
    1.5578
    1.5745
    1.5769
    1.5743
    1.5701
    1.5669
    1.5661
    1.5778
    1.5828
    1.5396
    1.5334
    1.5392
    1.5441
    1.5430
    1.5331
    1.5320
    1.5328
    1.5191
    1.5164
    1.5199
    1.5187
    1.5134
    1.5144
    1.5219
    1.5231
    1.5265
    1.5319
    1.5456
    1.5547
    1.5655
    1.5719
    1.5805
    1.5901
    1.6025
    1.6260
    1.6279
    1.6357
    1.6469
    1.6445
    1.6520
    1.6614
    1.6631
    1.6724
    1.6682
    1.6567
    1.6456
    1.6471
    1.6409
    1.6405
    1.6368
    1.6269
    1.6221
    1.6255
    1.6341
    1.6435
    1.6445
    1.6501
    1.6548
    1.6497
    1.6446
    1.6467
    1.6467
    1.6506
    1.6531
    1.6520
    1.6482
    1.6412
    1.6328
    1.6175
    1.6091
    1.6106
    1.6186
    1.6316
    1.6419
    1.6477
    1.6542
    1.6601
    1.6604
    1.6560
    1.6458
    1.6374
    1.6306
    1.6300
    1.6349
    1.6412
    1.6527
    1.6573
    1.6598
    1.6634
    1.6608
    1.6584
    1.6718
    1.6801
    1.6831
    1.6883
    1.6976
    1.7108
    1.7236
    1.7424
    1.7759
    1.7821
    1.7827
    1.7852
    1.7899
    1.7837
    1.7723
    1.7577
    1.7342
    1.7203
    1.7071
    1.6954
    1.6948
    1.6968
    1.6921
    1.6915
    1.6965
    1.6896
    1.6845
    1.6869
    1.6949
    1.6959
    1.6916
    1.6943
    1.7066
    1.7215
    1.7354
    1.7440
    1.7519
    1.7578
    1.7668
    1.7732
    1.7732
    1.8029
    1.8165
    1.8230
    1.8256
    1.8272
    1.8295
    1.8385
    1.8509
    1.8750
    1.8986
    1.9155
    1.9328
    1.9505
    1.9551
    1.9517
    1.9450
    1.9202
    1.9038
    1.8941
    1.8875
    1.8774
    1.8694
    1.8693
    1.8736
    1.8865
    1.8943
    1.8960
    1.8958
    1.8913
    1.8878
    1.8923
    1.9090
    1.9335
    1.9407
    1.9472
    1.9521
    1.9632
    1.9670
    1.9751
    1.9844
    1.9782
    1.9744
    1.9727
    1.9697
    1.9632
    1.9535
    1.9479
    1.9432
    1.9419
    1.9458
    1.9518
    1.9570
    1.9679
    1.9803
    1.9854
    1.9903
    1.9888
    1.9985
    2.0046
    2.0116
    2.0159
    2.0205
    2.0278
    2.0354
    2.0393
    2.0413
    2.0390
    2.0372
    2.0358
    2.0363
    2.0409
    2.0478
    2.0520
    2.0589
    2.0579
    2.0621
    2.0637
    2.0677
    2.0737
    2.0759
    2.0781
    2.0811
    2.0887
    2.1010
    2.1083
    2.1086
    2.1101
    2.1133
    2.1171
    2.1232
    2.1296
    2.1301
    2.1374
    2.1408
    2.1404
    2.1396
    2.1380
    2.1372
    2.1379
    2.1427
    2.1434
    2.1497
    2.1585
    2.1625
    2.1648
    2.1609
    2.1577
    2.1612
    2.1649
    2.1648
    2.1670
    2.1745
    2.1843
    2.1971
    2.2050
    2.2066
    2.2017
    2.1940
    2.1940
    2.1910
    2.1922
    2.1940
    2.1920
    2.1902
    2.1933
    2.1998
    2.2120
    2.2121
    2.2237
    2.2313
    2.2391
    2.2426
    2.2430
    2.2372
    2.2291
    2.2290
    2.2291
    2.2315
    2.2317
    2.2340
    2.2392
    2.2419
    2.2350
    2.2309
    2.2301
    2.2308
    2.2309
    2.2246
    2.2103
    2.1955
    2.1786
    2.1610
    2.1457
    2.1361
    2.1317
    2.1319
    2.1286
    2.1270
    2.1318
    2.1454
    2.1596
    2.1754
    2.1941
    2.2102
    2.2103
    2.2236
    2.2314
    2.2367
    2.2432
    2.2560
    2.2628
    2.2644
    2.2682
    2.2682
    2.2815
    2.2911
    2.2897
    2.2793
    2.2751
    2.2766
    2.2776
    2.2784
    2.2784
    2.2627
    2.2499
    2.2483
    2.2590
    2.2646
    2.2769
    2.2879
    2.3017
    2.3017
    2.3080
    2.2994
    2.2787
    2.2763
    2.2863
    2.2967
    2.3043
    2.3166
    2.3255
    2.3255
    2.3338
    2.3189
    2.2983
    2.2832
    2.2893
    2.2949
    2.2814
    2.2927
    2.2927
    2.3321
    2.3822
    2.4419
    2.5009
    2.5748
    2.6360
    2.6785
    2.7209
    2.7209
    2.7661
    2.8007
    2.8192
    2.8135
    2.8133
    2.8025
    2.8131
    2.8465
    2.8465
    2.8887
    2.9153
    2.9122
    2.8683
    2.8342
    2.8171
    2.8151
    2.8122
    2.8122
    2.7856
    2.7472
    2.7405
    2.7928
    2.8796
    2.9951
    3.0990
    3.1851
    3.1851
    3.2710
    3.4059
    3.6254
    3.8894
    4.1150
    4.3397
    4.5972
    4.7913
    4.8656
    4.8656
    4.8491
    4.8139
    4.7399
    4.6697
    4.6258
    4.6742
    4.8091
    4.8372
    4.8372
    4.7906
    4.7186
    4.6213
    4.5106
    4.3154
    4.1478
    4.0315
    3.9524
    3.9524
    3.9282
    3.9901
    4.0191
    4.0210
    4.0165
    3.8999
