    0.8922
    0.8921
    0.8921
    0.8921
    0.8921
    0.8921
    0.8921
    0.8921
    0.8921
    0.8921
    0.8921
    0.8921
    0.8921
    0.8922
    0.8922
    0.8922
    0.8922
    0.8922
    0.8922
    0.8922
    0.8922
    0.8921
    0.8920
    0.8919
    0.8919
    0.8919
    0.8919
    0.8919
    0.8918
    0.8919
    0.8919
    0.8919
    0.8919
    0.8920
    0.8920
    0.8920
    0.8920
    0.8920
    0.8921
    0.8921
    0.8921
    0.8921
    0.8921
    0.8921
    0.8921
    0.8922
    0.8922
    0.8922
    0.8922
    0.8923
    0.8923
    0.8923
    0.8923
    0.8924
    0.8924
    0.8924
    0.8924
    0.8924
    0.8923
    0.8923
    0.8923
    0.8922
    0.8921
    0.8920
    0.8919
    0.8919
    0.8918
    0.8917
    0.8919
    0.8919
    0.8919
    0.8919
    0.8918
    0.8919
    0.8919
    0.8919
    0.8919
    0.8920
    0.8920
    0.8921
    0.8921
    0.8921
    0.8921
    0.8921
    0.8921
    0.8922
    0.8922
    0.8922
    0.8923
    0.8924
    0.8925
    0.8924
    0.8925
    0.8924
    0.8924
    0.8925
    0.8926
    0.8924
    0.8924
    0.8924
    0.8924
    0.8924
    0.8924
    0.8923
    0.8923
    0.8923
    0.8921
    0.8921
    0.8919
    0.8920
    0.8919
    0.8918
    0.8918
    0.8917
    0.8917
    0.8918
    0.8918
    0.8918
    0.8919
    0.8920
    0.8920
    0.8920
    0.8919
    0.8921
    0.8922
    0.8922
    0.8922
    0.8923
    0.8923
    0.8923
    0.8924
    0.8924
    0.8925
    0.8926
    0.8926
    0.8927
    0.8927
    0.8927
    0.8926
    0.8925
    0.8925
    0.8925
    0.8926
    0.8925
    0.8926
    0.8925
    0.8924
    0.8924
    0.8924
    0.8923
    0.8923
    0.8923
    0.8922
    0.8923
    0.8923
    0.8923
    0.8923
    0.8922
    0.8922
    0.8922
    0.8922
    0.8922
    0.8922
    0.8924
    0.8925
    0.8925
    0.8925
    0.8924
    0.8923
    0.8923
    0.8922
    0.8921
    0.8921
    0.8922
    0.8921
    0.8921
    0.8922
    0.8921
    0.8922
    0.8921
    0.8922
    0.8922
    0.8923
    0.8923
    0.8923
    0.8924
    0.8924
    0.8927
    0.8928
    0.8928
    0.8927
    0.8922
    0.8919
    0.8916
    0.8916
    0.8916
    0.8917
    0.8917
    0.8920
    0.8921
    0.8921
    0.8923
    0.8923
    0.8924
    0.8925
    0.8925
    0.8925
    0.8924
    0.8926
    0.8923
    0.8920
    0.8921
    0.8923
    0.8922
    0.8922
    0.8922
    0.8921
    0.8921
    0.8921
    0.8920
    0.8924
    0.8924
    0.8925
    0.8925
    0.8926
    0.8926
    0.8926
    0.8927
    0.8927
    0.8927
    0.8928
    0.8927
    0.8927
    0.8927
    0.8927
    0.8926
    0.8924
    0.8922
    0.8922
    0.8923
    0.8924
    0.8931
    0.8933
    0.8937
    0.8937
    0.8937
    0.8937
    0.8935
    0.8933
    0.8932
    0.8929
    0.8928
    0.8926
    0.8920
    0.8919
    0.8920
    0.8921
    0.8920
    0.8916
    0.8934
    0.8931
    0.8924
    0.8920
    0.8922
    0.8926
    0.8926
    0.8926
    0.8923
    0.8922
    0.8925
    0.8924
    0.8926
    0.8925
    0.8927
    0.8927
    0.8927
    0.8931
    0.8932
    0.8932
    0.8933
    0.8934
    0.8933
    0.8932
    0.8931
    0.8930
    0.8928
    0.8927
    0.8928
    0.8931
    0.8933
    0.8932
    0.8933
    0.8930
    0.8930
    0.8929
    0.8924
    0.8912
    0.8931
    0.8931
    0.8932
    0.8930
    0.8930
    0.8933
    0.8930
    0.8929
    0.8925
    0.8911
    0.8914
    0.8913
    0.8916
    0.8915
    0.8915
    0.8915
    0.8913
    0.8914
    0.8921
    0.8925
    0.8927
    0.8932
    0.8931
    0.8929
    0.8930
    0.8927
    0.8924
    0.8926
    0.8930
    0.8912
    0.8914
    0.8915
    0.8914
    0.8917
    0.8917
    0.8919
    0.8915
    0.8917
    0.8917
    0.8920
    0.8923
    0.8925
    0.8927
    0.8926
    0.8927
    0.8934
    0.8935
    0.8932
    0.8934
    0.8937
    0.8934
    0.8936
    0.8931
    0.8935
    0.8940
    0.8946
    0.8950
    0.8954
    0.8959
    0.8962
    0.8963
    0.8966
    0.8967
    0.8970
    0.8967
    0.8970
    0.8968
    0.8967
    0.8966
    0.8965
    0.8960
    0.8964
    0.8967
    0.8969
    0.8973
    0.8975
    0.8986
    0.8969
    0.8971
    0.8974
    0.8976
    0.8977
    0.8973
    0.8965
    0.8955
    0.8949
    0.8939
    0.8943
    0.8951
    0.8967
    0.8967
    0.8973
    0.8973
    0.8974
    0.8975
    0.8978
    0.8979
    0.8979
    0.8983
    0.8983
    0.8978
    0.8974
    0.8970
    0.8971
    0.8966
    0.8970
    0.8963
    0.8963
    0.8963
    0.8960
    0.8962
    0.8958
    0.8951
    0.8948
    0.8966
    0.8966
    0.8963
    0.8965
    0.8968
    0.8970
    0.8972
    0.8973
    0.8973
    0.8976
    0.8974
    0.8974
    0.8977
    0.8971
    0.8971
    0.8966
    0.8960
    0.8958
    0.8961
    0.8958
    0.8954
    0.8942
    0.8951
    0.8954
    0.8953
    0.8951
    0.8945
    0.8941
    0.8940
    0.8940
    0.8929
    0.8934
    0.8929
    0.8924
    0.8921
    0.8920
    0.8921
    0.8916
    0.8977
    0.8952
    0.8938
    0.8935
    0.8932
    0.8929
    0.8933
    0.8927
    0.8922
    0.8921
    0.8920
    0.8919
    0.8920
    0.8912
    0.8916
    0.8911
    0.8912
    0.8915
    0.8911
    0.8909
    0.8914
    0.8916
    0.8914
    0.8909
    0.8902
    0.8901
    0.8900
    0.8902
    0.8900
    0.8910
    0.8920
    0.8931
    0.8936
    0.8945
    0.8954
    0.8949
    0.8949
    0.8942
    0.8938
    0.8944
    0.8941
    0.8950
    0.8963
    0.8965
    0.8963
    0.8958
    0.8946
    0.8945
    0.8955
    0.8963
    0.8978
    0.8978
    0.8997
    0.9004
    0.8995
    0.8990
    0.8995
    0.9282
    0.9318
    0.9322
    0.9334
    0.9337
    0.9356
    0.9372
    0.9372
    0.9391
    0.9391
    0.9439
    0.9405
    0.9394
    0.9392
    0.9392
    0.9385
    0.9356
    0.9329
    0.9352
    0.9356
    0.9339
    0.9335
    0.9340
    0.9332
    0.9319
    0.9308
    0.9306
    0.9321
    0.9311
    0.9312
    0.9311
    0.9316
    0.9303
    0.9291
    0.9283
    0.9281
    0.9293
    0.9301
    0.9301
    0.9311
    0.9304
    0.9289
    0.9286
    0.9282
    0.9277
    0.9281
    0.9286
    0.9285
    0.9285
    0.9283
    0.9295
    0.9280
    0.9271
    0.9265
    0.9264
    0.9260
    0.9250
    0.9234
    0.9237
    0.9240
    0.9170
    0.9190
    0.9188
    0.9187
    0.9175
    0.9143
    0.9129
    0.9122
    0.9140
    0.9158
    0.9175
    0.9181
    0.9182
    0.9188
    0.9198
    0.9197
    0.9210
    0.9210
    0.9244
    0.9229
    0.9230
    0.9226
    0.9227
    0.9235
    0.9245
    0.9245
    0.9240
    0.9236
    0.9245
    0.9239
    0.9213
    0.9212
    0.9190
    0.9176
    0.9175
    0.9151
    0.9141
    0.9186
    0.9279
    0.9285
    0.9306
    0.9307
    0.9306
    0.9308
    0.9307
    0.9298
    0.9226
    0.9245
    0.9254
    0.9240
    0.9237
    0.9234
    0.9232
    0.9228
    0.9325
    0.9339
    0.9314
    0.9314
    0.9323
    0.9310
    0.9295
    0.9306
    0.9278
    0.9283
    0.9264
    0.9242
    0.9237
    0.9231
    0.9247
    0.9248
    0.9225
    0.9221
    0.8986
    0.8958
    0.8966
    0.8971
    0.8970
    0.8968
    0.8951
    0.8944
    0.8943
    0.8941
    0.8929
    0.8937
    0.8934
    0.8888
    0.8922
    0.8912
    0.8904
    0.8908
    0.8914
    0.8919
    0.8931
    0.8928
    0.8962
    0.8951
    0.8945
    0.8963
    0.8955
    0.8954
    0.8956
    0.8978
    0.8989
    0.8971
    0.8966
    0.8967
    0.8961
    0.8973
    0.8969
    0.8965
    0.8955
    0.8942
    0.8940
    0.8935
    0.8937
    0.8961
    0.8986
    0.8987
    0.8965
    0.8973
    0.8975
    0.8979
    0.8992
    0.8997
    0.9009
    0.8996
    0.9006
    0.9008
    0.9001
    0.8998
    0.9000
    0.9013
    0.9019
    0.9076
    0.9066
    0.9057
    0.9043
    0.9053
    0.9066
    0.9082
    0.9106
    0.9123
    0.9109
    0.9112
    0.9098
    0.9064
    0.9037
    0.9032
    0.9043
    0.9102
    0.9246
    0.9363
    0.9396
    0.9448
    0.9477
    0.9493
    0.9502
    0.9512
    0.9532
    0.9493
    0.9599
    0.9604
    0.9598
    0.9585
    0.9582
    0.9559
    0.9561
    0.9562
    0.9597
    0.9654
    0.9619
    0.9644
    0.9671
    0.9680
    0.9673
    0.9655
    0.9647
    0.9635
    0.9619
    0.9630
    0.9645
    0.9639
    0.9619
    0.9611
    0.9627
    0.9629
    0.9626
    0.9622
    0.9641
    0.9648
    0.9640
    0.9653
    0.9674
    0.9644
    0.9663
    0.9595
    0.9593
    0.9592
    0.9566
    0.9566
    0.9565
    0.9585
    0.9594
    0.9598
    0.9606
    0.9645
    0.9678
    0.9666
    0.9673
    0.9573
    0.9615
    0.9637
    0.9645
    0.9644
    0.9626
    0.9567
    0.9530
    0.9521
    0.9553
    0.9574
    0.9572
    0.9581
    0.9559
    0.9567
    0.9583
    0.9631
    0.9620
    0.9570
    0.9593
    0.9617
    0.9620
    0.9598
    0.9591
    0.9584
    0.9600
    0.9607
    0.9624
    0.9590
    0.9577
    0.9575
    0.9568
    0.9565
    0.9550
    0.9542
    0.9533
    0.9571
    0.9668
    0.9785
    0.9828
    0.9814
    0.9791
    0.9771
    0.9765
    0.9759
    0.9748
    0.9757
    0.9751
    0.9751
    0.9742
    0.9742
    0.9752
    0.9754
    0.9754
    0.9738
    0.9708
    0.9652
    0.9518
    0.9527
    0.9537
    0.9545
    0.9552
    0.9580
    0.9578
    0.9587
    0.9572
    0.9577
    0.9590
    0.9587
    0.9589
    0.9603
    0.9606
    0.9601
    0.9598
    0.9593
    0.9600
    0.9609
    0.9601
    0.9601
    0.9605
    0.9610
    0.9623
    0.9630
    0.9611
    0.9577
    0.9562
    0.9552
    0.9564
    0.9556
    0.9545
    0.9532
    0.9525
    0.9511
    0.9507
    0.9499
    0.9493
    0.9516
    0.9509
    0.9515
    0.9521
    0.9522
    0.9527
    0.9529
    0.9523
    0.9521
    0.9518
    0.9471
    0.9477
    0.9483
    0.9493
    0.9499
    0.9498
    0.9488
    0.9472
    0.9468
    0.9444
    0.9434
    0.9453
    0.9457
    0.9455
    0.9466
    0.9493
    0.9515
    0.9506
    0.9516
    0.9505
    0.9461
    0.9342
    0.9257
    0.9247
    0.9238
    0.9206
    0.9205
    0.9196
    0.9196
    0.9195
    0.9176
    0.9159
    0.9179
    0.9115
    0.9083
    0.9083
    0.9075
    0.9080
    0.9082
    0.9089
    0.9102
    0.9102
    0.9100
    0.9086
    0.9086
    0.9064
    0.9017
    0.9024
    0.9014
    0.8990
    0.8986
    0.8988
    0.8997
    0.8997
    0.9000
    0.9002
    0.9002
    0.9008
    0.8993
    0.8982
    0.8991
    0.9005
    0.9016
    0.9016
    0.9020
    0.9018
    0.9011
    0.9019
    0.9026
    0.9028
    0.9035
    0.9045
    0.9045
    0.9058
    0.9045
    0.9050
    0.9030
    0.9009
    0.9002
    0.8994
    0.8992
    0.8992
    0.9002
    0.9007
    0.9012
    0.9000
    0.8987
    0.8982
    0.8976
    0.8979
    0.8979
    0.8978
    0.8981
    0.8976
    0.8958
    0.8982
    0.9064
    0.9025
    0.9000
    0.9000
    0.8981
    0.8977
    0.8987
    0.8981
    0.8995
    0.8992
    0.8989
    0.8981
    0.8981
    0.8952
    0.8954
    0.8956
    0.8979
    0.8974
    0.8951
    0.8907
    0.8865
    0.8909
    0.8909
    0.8950
    0.8941
    0.8912
    0.8914
    0.8940
    0.8955
    0.8959
    0.8939
    0.8939
    0.8937
    0.8937
    0.8919
    0.8928
    0.8941
    0.8935
    0.8939
    0.8940
    0.8940
    0.8974
    0.8954
    0.8960
    0.8978
    0.8919
    0.8741
