    0.8518
    1.2226
    1.0910
    1.3516
    0.7373
    1.2434
    1.0700
    1.1205
    1.2262
    1.1075
    1.2376
    1.1566
    1.1741
    1.1975
    1.2886
    1.9188
    1.9666
    1.8719
    2.0308
    2.0470
    2.8879
    3.1881
    2.8191
    3.1644
    2.8663
    2.4334
    2.3711
    2.3875
    2.3275
    2.1254
    2.0044
    2.0096
    1.9888
    1.8244
    1.7039
    1.6769
    1.6925
    1.6024
    1.5036
    1.5344
    1.5730
    1.4811
    1.5189
    1.5211
    1.5314
    1.5464
    1.5934
    1.6151
    1.6949
    1.7172
    1.7537
    1.8188
    1.9242
    1.9595
    2.0771
    2.2599
    2.5641
    2.6806
    2.7125
    2.6689
    2.7783
    2.9586
    2.7755
    2.7476
    2.7531
    2.8036
    2.7407
    2.8780
    2.5065
    2.4987
    2.4749
    2.4605
    2.3939
    2.1634
    2.1814
    2.3073
    2.2270
    2.4656
    2.5863
    2.5007
    2.5486
    2.4287
    2.5332
    2.6385
    2.5775
    2.5620
    2.7337
    2.7814
    2.6942
    2.8472
    3.0948
    3.1066
    3.3373
    3.5515
    3.7924
    4.0300
    4.1590
    4.4878
    4.2801
    4.2731
    4.2199
    4.1639
    4.3250
    4.4473
    4.6765
    4.4358
    4.6298
    4.9161
    5.0355
    5.0049
    5.0670
    5.2061
    5.2431
    5.2691
    5.3103
    5.0229
    5.0808
    4.6650
    4.4231
    4.4251
    3.8507
    3.5560
    3.4449
    3.3235
    3.2504
    3.1272
    3.0194
    3.0176
    3.0058
    2.8268
    2.6705
    2.6114
    2.6142
    2.5822
    2.5837
    2.4979
    2.5248
    2.6056
    2.6040
    2.6038
    2.5890
    2.6129
    2.6011
    2.5136
    2.5189
    2.5252
    2.5560
    2.5068
    2.4912
    2.5136
    2.5089
    2.5662
    2.5990
    2.6093
    2.6528
    2.6496
    2.6692
    2.6206
    2.6317
    2.6767
    2.6818
    2.6426
    2.7753
    2.8414
    2.8716
    3.0313
    2.9829
    2.9901
    3.0029
    2.9253
    2.8663
    2.9120
    2.8370
    2.8130
    2.7566
    2.7954
    2.8577
    2.8101
    2.6893
    2.6866
    2.7483
    2.7499
    2.8406
    2.8176
    2.9569
    2.9281
    2.8585
    2.9178
    2.8851
    2.8549
    2.8172
    2.7550
    2.7568
    2.7759
    2.6949
    2.6625
    2.6281
    2.6438
    2.6930
    2.7291
    2.7511
    2.7345
    2.6923
    2.7061
    2.6960
    2.6530
    2.6224
    2.5873
    2.5602
    2.6179
    2.6676
    2.6583
    2.6701
    2.6893
    2.7322
    2.7348
    2.7134
    2.6945
    2.6816
    2.6904
    2.6599
    2.6047
    2.5642
    2.5041
    2.5450
    2.5256
    2.5627
    2.4906
    2.4110
    2.4418
    2.3741
    2.3719
    2.2714
    2.3356
    2.5337
    2.6402
    2.7243
    2.7616
    2.6960
    2.6536
    2.8560
    2.8754
    2.8517
    2.9003
    2.8298
    2.8377
    2.8249
    2.8221
    2.8219
    2.7797
    2.7606
    2.7583
    2.7385
    2.6991
    2.6949
    2.6960
    2.7044
    2.6546
    2.6879
    2.6718
    2.6451
    2.6190
    2.5864
    2.5725
    2.5658
    2.5527
    2.4877
    2.4402
    2.3962
    2.3564
    2.3136
    2.3221
    2.3455
    2.3083
    2.3244
    2.2996
    2.2699
    2.2604
    2.2200
    2.2142
    2.2131
    2.2158
    2.1832
    2.1984
    2.2008
    2.1194
    2.1561
    2.1250
    2.1581
    2.1368
    2.1586
    2.1267
    2.0966
    2.0545
    2.0250
    1.8891
    1.8418
    1.7418
    1.7273
    1.7114
    1.7126
    1.6801
    1.6802
    1.5768
    1.5640
    1.5516
    1.5234
    1.5080
    1.4736
    1.4499
    1.4345
    1.4305
    1.4142
    1.4022
    1.3842
    1.3880
    1.3839
    1.3794
    1.4243
    1.3996
    1.3729
    1.3760
    1.3502
    1.3336
    1.3155
    1.3145
    1.3052
    1.2741
    1.2691
    1.2830
    1.2741
    1.2715
    1.2633
    1.2302
    1.2104
    1.2147
    1.2163
    1.2137
    1.2219
    1.2209
    1.2327
    1.2187
    1.1822
    1.1649
    1.1903
    1.1831
    1.1924
    1.1874
    1.2028
    1.2057
    1.1746
    1.1916
    1.1829
    1.1833
    1.1898
    1.1895
    1.1764
    1.1873
    1.1866
    1.2142
    1.2314
    1.2205
    1.2280
    1.2258
    1.2382
    1.2485
    1.2408
    1.2401
    1.2551
    1.2686
    1.2615
    1.2582
    1.2644
    1.2574
    1.2896
    1.3012
    1.2870
    1.2829
    1.2741
    1.2807
    1.2770
    1.2751
    1.2801
    1.3306
    1.3314
    1.3586
    1.3574
    1.3614
    1.3674
    1.3833
    1.3827
    1.3758
    1.3754
    1.3969
    1.3999
    1.4058
    1.4270
    1.4203
    1.4396
    1.4453
    1.4517
    1.4521
    1.4518
    1.4449
    1.4607
    1.4514
    1.4648
    1.4673
    1.4662
    1.4576
    1.4541
    1.4615
    1.4622
    1.4894
    1.5019
    1.4816
    1.4790
    1.4857
    1.4782
    1.4995
    1.4809
    1.4836
    1.5163
    1.5182
    1.5025
    1.5150
    1.5257
    1.5354
    1.5284
    1.5460
    1.5536
    1.5575
    1.5633
    1.5629
    1.5623
    1.5594
    1.5477
    1.5699
    1.5736
    1.5798
    1.5739
    1.5956
    1.5840
    1.5949
    1.6085
    1.6090
    1.6053
    1.6312
    1.6397
    1.6373
    1.6258
    1.6278
    1.6267
    1.6347
    1.5943
    1.5863
    1.5837
    1.6000
    1.5954
    1.5867
    1.5762
    1.5798
    1.5774
    1.5788
    1.5877
    1.5995
    1.6166
    1.6226
    1.6236
    1.6198
    1.6133
    1.6032
    1.5818
    1.5736
    1.5830
    1.5894
    1.6032
    1.6203
    1.6332
    1.6380
    1.6368
    1.6514
    1.6397
    1.6068
    1.6003
    1.6032
    1.5743
    1.5716
    1.5706
    1.5695
    1.5600
    1.5692
    1.5726
    1.5767
    1.5781
    1.5727
    1.5556
    1.5391
    1.5430
    1.5356
    1.5272
    1.5039
    1.4998
    1.4977
    1.5021
    1.4951
    1.4783
    1.4912
    1.4901
    1.4825
    1.4876
    1.4872
    1.5043
    1.5137
    1.5117
    1.5234
    1.5369
    1.5507
    1.5525
    1.5487
    1.5448
    1.5372
    1.5453
    1.5554
    1.5689
    1.5704
    1.5633
    1.5764
    1.5817
    1.5860
    1.5886
    1.5869
    1.5691
    1.5741
    1.5758
    1.5844
    1.5794
    1.5918
    1.6115
    1.6236
    1.6301
    1.6412
    1.6472
    1.6688
    1.7058
    1.6983
    1.6923
    1.6927
    1.6817
    1.6761
    1.6806
    1.6768
    1.6744
    1.6674
    1.6836
    1.7144
    1.7210
    1.7256
    1.7171
    1.7088
    1.6990
    1.6947
    1.6924
    1.6885
    1.6844
    1.7034
    1.6955
    1.6931
    1.6856
    1.7001
    1.6929
    1.6821
    1.7094
    1.7198
    1.7124
    1.7096
    1.7069
    1.7078
    1.7141
    1.7300
    1.7296
    1.7343
    1.7389
    1.7337
    1.7158
    1.7135
    1.7189
    1.7072
    1.7035
    1.6950
    1.7014
    1.6964
    1.7087
    1.7092
    1.7216
    1.7334
    1.7343
    1.7538
    1.7501
    1.7445
    1.7331
    1.7275
    1.7184
    1.7094
    1.7186
    1.7044
    1.7061
    1.6930
    1.6984
    1.7244
    1.7342
    1.7510
    1.7634
    1.7634
    1.7665
    1.7825
    1.7878
    1.8013
    1.8050
    1.8213
    1.8351
    1.8546
    1.8835
    1.8942
    1.8954
    1.9216
    1.9371
    1.9147
    1.9251
    1.9207
    1.9374
    1.9539
    1.9495
    1.9336
    1.9261
    1.9204
    1.9247
    1.9368
    1.9541
    1.9617
    1.9748
    1.9842
    2.0076
    2.0243
    2.0177
    2.0315
    2.0254
    2.0391
    2.0525
    2.0594
    2.0812
    2.0750
    2.0773
    2.1699
    2.1913
    2.2002
    2.2383
    2.2510
    2.2738
    2.2861
    2.3008
    2.2781
    2.2927
    2.3052
    2.3039
    2.3139
    2.3501
    2.3523
    2.3543
    2.3559
    2.3606
    2.3811
    2.3961
    2.3924
    2.3918
    2.4011
    2.3942
    2.3703
    2.3758
    2.3895
    2.4086
    2.4207
    2.4398
    2.4994
    2.5155
    2.6012
    2.6488
    2.6441
    2.6793
    2.7133
    2.7152
    2.7307
    2.7775
    2.8092
    2.8102
    2.8208
    2.8007
    2.8407
    2.8386
    2.8408
    2.8738
    2.8793
    2.8519
    2.8397
    2.8601
    2.8558
    2.8838
    2.9132
    2.9286
    2.9372
    2.9187
    2.9176
    2.9176
    2.9347
    2.9459
    2.9447
    2.9661
    2.9566
    2.9433
    2.9615
    2.9719
    2.9526
    2.9489
    2.9698
    2.9755
    2.9709
    2.9932
    3.0222
    3.0485
    3.0637
    3.0779
    3.0905
    3.1073
    3.1113
    3.1200
    3.1308
    3.1449
    3.1464
    3.1609
    3.1749
    3.1999
    3.2261
    3.2341
    3.2928
    3.2742
    3.3202
    3.3428
    3.3615
    3.3749
    3.3781
    3.3942
    3.3930
    3.4009
    3.4047
    3.4325
    3.4574
    3.4809
    3.4636
    3.4901
    3.5044
    3.4863
    3.4892
    3.5157
    3.5637
    3.5515
    3.5691
    3.5644
    3.5636
    3.5670
    3.5697
    3.5419
    3.5476
    3.5613
    3.5539
    3.5421
    3.5430
    3.5490
    3.5627
    3.5703
    3.5831
    3.5667
    3.5733
    3.5797
    3.5692
    3.5531
    3.5282
    3.5354
    3.5305
    3.5312
    3.5410
    3.5684
    3.5706
    3.5779
    3.5963
    3.6010
    3.5994
    3.6085
    3.6190
    3.6281
    3.6465
    3.6450
    3.6605
    3.6598
    3.6517
    3.6597
    3.6576
    3.6628
    3.6620
    3.6586
    3.6604
    3.6588
    3.6732
    3.6711
    3.6633
    3.6670
    3.6677
    3.6692
    3.6766
    3.6813
    3.6687
    3.6693
    3.6753
    3.6550
    3.6330
    3.6338
    3.6274
    3.6310
    3.6126
    3.6062
    3.5955
    3.5905
    3.5862
    3.6124
    3.6156
    3.6155
    3.6091
    3.6176
    3.6275
    3.6224
    3.6048
    3.6136
    3.6178
    3.6171
    3.6170
    3.6335
    3.6408
    3.6416
    3.6423
    3.6588
    3.6692
    3.6737
    3.6712
    3.6709
    3.6793
    3.7048
    3.7047
    3.6926
    3.6768
    3.6728
    3.6560
    3.6149
    3.6153
    3.6093
    3.5612
    3.5425
    3.5207
    3.5404
    3.5306
    3.5037
    3.5098
    3.5099
    3.5236
    3.4965
    3.4813
    3.4787
    3.4911
    3.4859
    3.5132
    3.4916
    3.4921
    3.4939
    3.4802
    3.4485
    3.4504
    3.4615
    3.4932
    3.5330
    3.5342
    3.5462
    3.5467
    3.5418
    3.5252
    3.5235
    3.5219
    3.5364
    3.5574
    3.5800
    3.5830
    3.5837
    3.5769
    3.5675
    3.5948
    3.6031
    3.6080
    3.6145
    3.6537
    3.6479
    3.6483
    3.6514
    3.6783
    3.6941
    3.6990
    3.6957
    3.7095
    3.7257
    3.6987
    3.6987
    3.6689
    3.6447
    3.6358
    3.6147
    3.6216
    3.6102
    3.6063
    3.6100
    3.6100
    3.6250
    3.6469
    3.6597
    3.6733
    3.6625
    3.6726
    3.6384
    3.5973
    3.5973
    3.5912
    3.5398
    3.5076
    3.5495
    3.5191
    3.4752
    3.4532
    3.4433
    3.4361
    3.4361
    3.4412
    3.4633
    3.4446
    3.4230
    3.4039
    3.3681
    3.3237
    3.2960
    3.2960
    3.3504
    3.2961
    3.2757
    3.2958
    3.3418
    3.3330
    3.2679
    3.2066
    3.2066
    3.2390
    3.2385
    3.2739
    3.2734
    3.2553
    3.2565
    3.2341
    3.3001
    3.3001
    3.3064
    3.2561
    3.3103
    3.3854
    3.3838
    3.3467
    3.3336
    3.2726
    3.2726
    3.2749
    3.1930
    3.2290
    3.2376
    3.1611
    3.1695
    3.1763
    3.2020
    3.2020
    3.3850
    3.4533
    3.4345
    3.4297
    3.4191
    3.4247
    3.3801
    3.3118
    3.3832
    3.3832
    3.2930
    3.2911
    3.2943
    3.2839
    3.1508
    3.2911
    3.2363
    3.2996
    3.2996
    3.3338
    3.3149
    3.3219
    3.4289
    3.4009
    3.3989
    3.3010
    3.3445
    3.3445
    3.3894
    3.3584
    3.2890
    3.3388
    3.3292
    3.3402
