    1.7558
    1.5325
    1.6318
    1.1017
    1.5290
    3.0751
    2.3103
    1.7102
    2.2083
    2.2130
    2.1196
    2.2185
    2.2612
    2.5142
    2.7808
    3.2060
    3.4831
    3.3933
    3.3982
    3.3044
    3.3590
    3.2845
    3.2644
    3.1718
    3.1447
    2.9664
    2.7538
    2.6850
    2.5158
    2.3800
    2.2508
    2.1144
    1.9886
    1.9440
    1.8761
    1.8395
    1.8430
    1.8015
    1.7711
    1.7568
    1.7240
    1.7029
    1.6867
    1.7068
    1.7186
    1.7182
    1.7280
    1.7377
    1.7929
    1.8383
    1.9236
    2.0106
    2.1331
    2.2563
    2.3453
    2.4585
    2.5823
    2.8016
    2.9426
    3.0736
    3.1548
    3.1981
    3.2438
    3.2072
    3.1792
    3.1026
    3.0370
    2.9409
    2.7956
    2.6762
    2.5730
    2.4593
    2.3461
    2.2566
    2.1767
    2.1309
    2.0894
    2.0359
    1.9872
    1.9482
    1.8892
    1.8001
    1.8106
    1.7875
    1.8012
    1.8436
    1.8812
    1.9223
    1.9514
    2.0480
    2.1398
    2.1772
    2.2628
    2.3615
    2.4559
    2.5597
    2.6562
    2.7258
    2.8091
    2.8990
    2.8579
    2.9415
    3.0268
    3.0815
    3.0531
    3.0400
    2.9609
    2.8728
    2.7909
    2.7254
    2.6647
    2.6011
    2.5177
    2.4757
    2.4059
    2.4063
    2.3403
    2.2573
    2.2038
    2.2204
    2.1755
    2.1685
    2.2096
    2.1986
    2.2032
    2.1693
    2.1185
    2.1915
    2.1772
    2.2454
    2.2043
    2.2917
    2.3372
    2.3609
    2.4703
    2.6003
    2.6655
    2.6568
    2.6781
    2.6907
    2.6806
    2.6668
    2.6219
    2.6610
    2.7072
    2.6958
    2.6933
    2.6694
    2.7241
    2.6655
    2.6655
    2.7269
    2.7046
    2.7023
    2.6957
    2.7154
    2.7774
    2.8225
    2.9249
    3.0138
    3.0553
    3.2297
    3.2494
    3.2613
    3.3202
    3.3798
    3.3659
    3.4391
    3.4535
    3.4263
    3.3022
    3.3883
    3.5073
    3.6615
    3.6397
    3.6034
    3.6308
    3.6351
    3.5365
    3.6042
    3.6541
    3.6111
    3.5736
    3.5095
    3.3752
    3.5346
    3.5613
    3.4289
    3.4844
    3.5013
    3.4912
    3.4453
    3.6275
    3.5581
    3.5924
    3.5482
    3.5457
    3.4751
    3.4059
    3.4834
    3.5308
    3.5904
    3.5542
    3.4994
    3.4304
    3.4183
    3.3810
    3.4442
    3.5149
    3.5671
    3.6278
    3.6560
    3.7570
    3.7425
    3.8558
    3.7753
    3.8164
    3.7161
    3.7849
    3.8598
    3.7857
    3.6895
    3.7189
    3.7394
    3.7553
    3.6563
    3.6511
    3.6364
    3.5717
    3.5134
    3.5680
    3.5663
    3.6886
    3.6675
    3.6457
    3.7267
    3.8789
    3.8951
    3.8850
    4.0673
    4.0676
    4.1391
    4.0520
    4.0820
    4.1387
    4.1079
    4.1782
    4.1429
    4.1365
    4.2671
    4.2968
    4.2636
    4.2607
    4.2031
    4.2288
    4.3739
    4.3405
    4.3220
    4.3754
    4.3117
    4.2330
    4.1207
    3.9742
    3.8926
    3.8274
    3.8732
    3.8539
    3.7976
    3.7244
    3.6124
    3.5992
    3.5670
    3.4986
    3.4634
    3.4218
    3.4338
    3.3340
    3.3151
    3.2812
    3.2690
    3.1729
    3.0819
    3.0366
    3.0329
    2.9934
    2.8780
    2.8427
    2.8586
    2.8552
    2.8617
    2.8655
    2.8549
    2.7821
    2.7124
    2.6646
    2.6508
    2.6261
    2.5529
    2.5371
    2.5079
    2.5088
    2.5046
    2.5181
    2.5426
    2.5537
    2.5206
    2.5271
    2.5506
    2.5127
    2.5590
    2.5819
    2.5886
    2.6326
    2.6992
    2.7161
    2.7110
    2.7476
    2.7557
    2.7652
    2.8016
    2.8187
    2.8213
    2.7601
    2.7843
    2.8100
    2.8745
    2.8334
    2.8640
    2.8522
    2.8505
    2.8646
    2.8631
    2.9417
    3.0068
    2.9741
    2.9778
    2.9766
    3.0172
    3.0535
    3.0388
    3.0415
    3.0523
    3.1112
    3.1565
    3.1596
    3.2129
    3.2247
    3.2607
    3.3194
    3.3313
    3.3166
    3.3384
    3.4197
    3.4879
    3.5352
    3.5354
    3.5650
    3.6121
    3.6662
    3.7626
    3.7555
    3.7896
    3.8217
    3.8595
    3.8688
    3.8414
    3.8443
    3.9278
    3.9651
    3.9460
    4.0239
    4.0626
    4.0785
    4.0792
    4.1977
    4.1400
    4.1114
    4.1425
    4.2077
    4.0825
    4.0231
    3.9804
    3.9655
    4.0002
    4.0278
    4.1137
    4.1015
    4.0697
    4.0612
    4.0108
    4.0006
    4.0176
    4.0018
    3.9725
    3.9630
    3.8602
    3.8153
    3.7567
    3.6833
    3.6472
    3.5245
    3.5063
    3.4736
    3.4489
    3.4604
    3.4439
    3.4874
    3.5125
    3.5010
    3.4374
    3.4257
    3.4005
    3.3822
    3.3358
    3.3345
    3.3036
    3.2444
    3.2714
    3.2600
    3.2397
    3.2118
    3.1852
    3.2034
    3.1894
    3.1924
    3.1837
    3.1926
    3.1374
    3.1169
    3.0919
    3.0540
    3.0349
    3.0065
    2.9888
    2.9808
    2.9801
    3.0064
    3.0156
    2.9803
    2.9938
    3.0325
    3.0278
    3.0616
    3.0687
    3.0270
    2.9829
    2.9167
    2.8844
    2.8033
    2.8219
    2.7841
    2.7742
    2.7811
    2.7707
    2.7611
    2.7350
    2.7260
    2.6839
    2.6931
    2.6568
    2.6485
    2.6412
    2.6362
    2.6369
    2.6165
    2.6171
    2.6252
    2.6253
    2.6189
    2.5974
    2.5923
    2.5571
    2.5436
    2.5617
    2.5938
    2.6006
    2.6025
    2.5806
    2.5928
    2.5972
    2.5809
    2.5165
    2.5103
    2.4895
    2.4693
    2.4698
    2.4430
    2.4335
    2.4298
    2.3841
    2.3481
    2.3637
    2.3846
    2.3599
    2.3524
    2.3649
    2.3653
    2.3872
    2.3977
    2.4170
    2.4402
    2.4630
    2.4728
    2.4931
    2.4986
    2.5343
    2.5464
    2.5234
    2.5036
    2.5045
    2.5080
    2.4842
    2.4297
    2.4330
    2.4279
    2.4414
    2.4468
    2.4413
    2.4268
    2.4428
    2.4679
    2.4640
    2.4647
    2.4541
    2.4535
    2.4668
    2.4468
    2.4476
    2.4479
    2.4615
    2.4806
    2.4813
    2.5053
    2.5354
    2.5255
    2.5285
    2.5520
    2.5355
    2.5710
    2.5963
    2.5936
    2.5979
    2.5850
    2.5596
    2.5830
    2.5856
    2.5927
    2.5724
    2.5569
    2.5452
    2.5291
    2.5235
    2.5246
    2.5189
    2.5224
    2.4867
    2.4529
    2.4193
    2.4130
    2.4086
    2.4159
    2.4332
    2.4615
    2.4381
    2.4461
    2.4240
    2.4005
    2.3904
    2.3603
    2.3623
    2.3590
    2.3516
    2.3507
    2.3655
    2.3517
    2.3559
    2.3665
    2.3413
    2.3338
    2.3483
    2.3346
    2.3325
    2.3288
    2.3486
    2.3724
    2.3724
    2.3424
    2.2894
    2.2676
    2.2696
    2.2675
    2.2778
    2.2843
    2.3113
    2.3270
    2.3198
    2.3195
    2.3137
    2.3123
    2.3076
    2.3016
    2.3005
    2.3065
    2.3098
    2.3338
    2.3412
    2.3778
    2.3768
    2.3787
    2.3654
    2.3560
    2.3503
    2.3592
    2.3417
    2.3346
    2.3200
    2.3470
    2.3812
    2.4140
    2.4073
    2.3419
    2.3495
    2.3809
    2.4062
    2.4082
    2.4026
    2.3904
    2.3669
    2.3674
    2.3577
    2.3511
    2.3600
    2.3559
    2.3379
    2.3185
    2.2971
    2.3163
    2.3031
    2.2990
    2.2971
    2.3069
    2.3221
    2.3226
    2.3090
    2.3022
    2.3295
    2.3257
    2.3396
    2.3256
    2.3333
    2.3198
    2.3156
    2.3137
    2.3202
    2.3181
    2.3114
    2.3200
    2.3420
    2.3258
    2.3018
    2.3098
    2.3261
    2.3150
    2.3063
    2.2991
    2.2939
    2.2970
    2.3049
    2.3010
    2.2918
    2.3212
    2.3194
    2.3024
    2.3090
    2.2952
    2.2900
    2.2835
    2.2552
    2.2497
    2.2541
    2.2467
    2.2477
    2.2374
    2.2329
    2.2483
    2.2461
    2.2259
    2.2044
    2.2034
    2.2137
    2.2432
    2.2427
    2.2421
    2.2429
    2.2480
    2.2380
    2.2458
    2.2240
    2.2220
    2.2113
    2.2185
    2.2412
    2.2559
    2.2547
    2.2549
    2.2448
    2.2344
    2.2215
    2.2108
    2.1957
    2.2116
    2.2027
    2.1878
    2.1829
    2.1697
    2.1719
    2.1759
    2.1814
    2.1898
    2.1800
    2.1729
    2.1634
    2.1388
    2.1357
    2.1340
    2.1342
    2.1576
    2.1684
    2.1651
    2.1583
    2.1307
    2.1194
    2.1143
    2.1220
    2.1421
    2.1366
    2.1171
    2.0904
    2.0752
    2.0595
    2.0638
    2.0773
    2.0765
    2.0645
    2.0786
    2.0773
    2.0717
    2.0569
    2.0456
    2.0586
    2.0650
    2.0836
    2.0973
    2.1082
    2.1079
    2.1027
    2.1169
    2.1185
    2.1077
    2.0854
    2.0877
    2.0768
    2.0665
    2.0630
    2.0520
    2.0488
    2.0409
    2.0439
    2.0438
    2.0459
    2.0435
    2.0554
    2.0533
    2.0551
    2.0605
    2.0665
    2.0485
    2.0412
    2.0333
    2.0250
    2.0149
    2.0195
    2.0270
    2.0075
    1.9849
    1.9699
    1.9695
    1.9723
    1.9747
    1.9751
    1.9885
    1.9893
    2.0012
    1.9949
    1.9997
    1.9904
    1.9822
    1.9807
    1.9836
    1.9883
    1.9989
    2.0032
    2.0024
    2.0107
    2.0079
    2.0074
    2.0044
    2.0058
    1.9979
    1.9941
    1.9990
    2.0039
    2.0035
    1.9989
    1.9970
    1.9967
    1.9950
    1.9973
    1.9937
    1.9986
    1.9965
    1.9973
    1.9962
    1.9975
    1.9982
    1.9957
    1.9932
    1.9907
    1.9809
    1.9854
    1.9929
    1.9914
    1.9828
    1.9842
    1.9837
    1.9860
    1.9895
    1.9902
    1.9900
    1.9877
    1.9810
    1.9802
    1.9741
    1.9744
    1.9791
    1.9649
    1.9603
    1.9618
    1.9583
    1.9629
    1.9587
    1.9615
    1.9619
    1.9669
    1.9712
    1.9713
    1.9666
    1.9654
    1.9634
    1.9660
    1.9692
    1.9693
    1.9643
    1.9676
    1.9594
    1.9664
    1.9756
    1.9724
    1.9668
    1.9495
    1.9495
    1.9472
    1.9484
    1.9443
    1.9398
    1.9360
    1.9389
    1.9323
    1.9431
    1.9431
    1.9383
    1.9425
    1.9420
    1.9318
    1.9216
    1.9226
    1.9203
    1.9170
    1.9206
    1.9206
    1.9235
    1.9284
    1.9327
    1.9411
    1.9394
    1.9300
    1.9380
    1.9514
    1.9512
    1.9581
    1.9672
    1.9659
    1.9691
    1.9607
    1.9459
    1.9459
    1.9543
    1.9543
    1.9588
    1.9685
    1.9888
    1.9934
    1.9951
    1.9939
    1.9708
    1.9606
    1.9606
    1.9518
    1.9516
    1.9613
    1.9863
    2.0045
    2.0089
    1.9986
    1.9915
    1.9915
    1.9665
    1.9600
    1.9745
    2.0117
    2.0489
    2.0811
    2.0899
    2.0751
    2.0751
    2.0791
    2.0828
    2.0990
    2.0700
    2.0636
    2.0703
    2.0840
    2.0952
    2.0714
    2.0714
    2.0574
    2.0389
    2.0178
    1.9804
    1.9585
    1.9516
    1.9550
    1.9223
    1.9223
    1.9131
    1.9281
    1.9549
    1.9648
    1.9574
    1.9785
    1.9848
    1.9873
    1.9873
    1.9977
    2.0084
    2.0216
    2.0127
    2.0176
    2.0247
    2.0194
    2.0294
    2.0294
    1.9803
    1.9807
    1.9861
    1.9694
    1.9461
    1.9503
    1.9850
    1.9901
    1.9901
    1.9989
    2.0362
    2.0782
    2.1057
    2.0877
    2.1038
    2.1908
    2.2840
    2.2840
    2.3441
    2.3318
    2.3163
    2.3063
    2.2979
    2.2550
    2.2319
    2.1772
    2.1450
    2.1450
    2.2060
    2.1695
    2.2290
    2.3387
    2.3710
    2.4026
    2.4016
    2.3441
    2.3441
    2.3526
    2.2185
    2.1904
    2.0661
    2.1313
    2.1952
    2.2622
    2.2218
    2.2218
    2.2536
    2.3087
    2.3466
    2.3028
    2.2585
    2.2368
