    0.9322
    0.6485
    1.2991
    0.7826
    1.4116
    0.9285
    8.5269
    1.4533
    0.8302
    0.8418
    0.7636
    1.0465
    1.2475
    1.4186
    1.3754
    1.2273
    1.5166
    1.6077
    1.8141
    2.2098
    1.9319
    1.8341
    2.0789
    2.1184
    1.8781
    1.5642
    1.9139
    2.3469
    2.1873
    1.9288
    1.9311
    1.8082
    2.5786
    2.1288
    1.7786
    1.9338
    1.9895
    1.9097
    2.2194
    1.9069
    1.7436
    1.6023
    1.7831
    1.9023
    1.6489
    1.7998
    1.6106
    1.7238
    1.6286
    2.0274
    1.9110
    2.0919
    2.3715
    1.8915
    1.8445
    1.8909
    2.0399
    1.9642
    2.1358
    2.0350
    1.7800
    1.5222
    1.5203
    1.5793
    1.4739
    1.3281
    1.2407
    1.2552
    1.1969
    1.1780
    1.1650
    1.1520
    1.1065
    1.1143
    1.0912
    1.1160
    1.1855
    1.3442
    1.3559
    1.3428
    1.3844
    1.4301
    1.3831
    1.4483
    1.4479
    1.4224
    1.4821
    1.4736
    1.4232
    1.5029
    1.5663
    1.5808
    1.6484
    1.6927
    1.7256
    1.7126
    1.6160
    1.6080
    1.5613
    1.4681
    1.3955
    1.4229
    1.4560
    1.4435
    1.3711
    1.4128
    1.3141
    1.4016
    1.4709
    1.5380
    1.4551
    1.4384
    1.4052
    1.4429
    1.3992
    1.3816
    1.3998
    1.4338
    1.4287
    1.4309
    1.4160
    1.4458
    1.4665
    1.4341
    1.4956
    1.5448
    1.5563
    1.5909
    1.6049
    1.6316
    1.6978
    1.7563
    1.7184
    1.7484
    1.8302
    1.8256
    1.7937
    1.7888
    1.7920
    1.8261
    1.8528
    1.7554
    1.7393
    1.7590
    1.8160
    1.8900
    1.8218
    1.7809
    1.7408
    1.6655
    1.6815
    1.6800
    1.6445
    1.5727
    1.6102
    1.6378
    1.6487
    1.5816
    1.5466
    1.6476
    1.6584
    1.7167
    1.7220
    1.7037
    1.7324
    1.6850
    1.7276
    1.8244
    1.8750
    1.8617
    1.8113
    1.8116
    1.8255
    1.8383
    1.8305
    1.8203
    1.8384
    1.7702
    1.8216
    1.7587
    1.7411
    1.7280
    1.6761
    1.7445
    1.7029
    1.7719
    1.7786
    1.7676
    1.7895
    1.7643
    1.7719
    1.8022
    1.8128
    1.8289
    1.8098
    1.8034
    1.7956
    1.8658
    1.9112
    1.9602
    1.9319
    1.9477
    1.9383
    1.8965
    1.9006
    1.8960
    1.9224
    1.9028
    1.8174
    1.7679
    1.8304
    1.7732
    1.7171
    1.6309
    1.7032
    1.7027
    1.6302
    1.6258
    1.5653
    1.5303
    1.5343
    1.5476
    1.5103
    1.4875
    1.4813
    1.4539
    1.4344
    1.4190
    1.3442
    1.3563
    1.3731
    1.3301
    1.3450
    1.3469
    1.4180
    1.4186
    1.4250
    1.4497
    1.4902
    1.5179
    1.5376
    1.5522
    1.5315
    1.5486
    1.6078
    1.6214
    1.6782
    1.6938
    1.7500
    1.7620
    1.7970
    1.8359
    1.8303
    1.8268
    1.7709
    1.7652
    1.7960
    1.8222
    1.8745
    1.8802
    1.9009
    1.8467
    1.8865
    1.8860
    1.8989
    1.9086
    1.9311
    1.9007
    1.8959
    1.9310
    1.9099
    1.9225
    1.9444
    1.9715
    1.9816
    2.0301
    2.0542
    2.0534
    2.0635
    2.0846
    2.1368
    2.1862
    2.1903
    2.2038
    2.2080
    2.1846
    2.2098
    2.2369
    2.2472
    2.2475
    2.1856
    2.2289
    2.2405
    2.2312
    2.2055
    2.1292
    2.1395
    2.1611
    2.1694
    2.1659
    2.1420
    2.1631
    2.1534
    2.1796
    2.1817
    2.2153
    2.2250
    2.2590
    2.2196
    2.1749
    2.1281
    2.1351
    2.1196
    2.0859
    2.0773
    2.0464
    2.0482
    2.0285
    2.0365
    2.0340
    2.0390
    2.1027
    2.1268
    2.1244
    2.1067
    2.0790
    2.0864
    2.0519
    2.0539
    2.0521
    2.0516
    2.0519
    2.0640
    2.0582
    2.0637
    2.0678
    2.1086
    2.1459
    2.1512
    2.1580
    2.1733
    2.1828
    2.1939
    2.2062
    2.1957
    2.2028
    2.1799
    2.1957
    2.2107
    2.2116
    2.2213
    2.2646
    2.2617
    2.2817
    2.2841
    2.3072
    2.3389
    2.3509
    2.3642
    2.3981
    2.4140
    2.4177
    2.4440
    2.4661
    2.4802
    2.5371
    2.5332
    2.5640
    2.5524
    2.5632
    2.6031
    2.6616
    2.7380
    2.7669
    2.7848
    2.7673
    2.7574
    2.7659
    2.7930
    2.7881
    2.7832
    2.8166
    2.8036
    2.7948
    2.8173
    2.8125
    2.8156
    2.8285
    2.8456
    2.9265
    2.9734
    3.0094
    3.0306
    3.0766
    3.0939
    3.1314
    3.1487
    3.1650
    3.1214
    3.1693
    3.1969
    3.2099
    3.2180
    3.2184
    3.1891
    3.1689
    3.1627
    3.1513
    3.1838
    3.1633
    3.1894
    3.1772
    3.1887
    3.2496
    3.3080
    3.3297
    3.4215
    3.4343
    3.4448
    3.4479
    3.4987
    3.4896
    3.4832
    3.4991
    3.4521
    3.4060
    3.4148
    3.3777
    3.3723
    3.3803
    3.3864
    3.3736
    3.3332
    3.3564
    3.3738
    3.3387
    3.3248
    3.2943
    3.2520
    3.2196
    3.2156
    3.2104
    3.1969
    3.1625
    3.1265
    3.0946
    3.0993
    3.0872
    3.0872
    3.0868
    3.0896
    3.0441
    3.0606
    3.0387
    3.0157
    3.0067
    2.9963
    3.0081
    2.9700
    2.9744
    2.9163
    2.9122
    2.8720
    2.8465
    2.8257
    2.7629
    2.7286
    2.7420
    2.7120
    2.6783
    2.6330
    2.6008
    2.6245
    2.6160
    2.5985
    2.5593
    2.5071
    2.5078
    2.4735
    2.4308
    2.4174
    2.3462
    2.3532
    2.3286
    2.2785
    2.2723
    2.2703
    2.2430
    2.2176
    2.1632
    2.1453
    2.1104
    2.0705
    2.0307
    2.0155
    1.9991
    1.9738
    1.9508
    1.9106
    1.8956
    1.8709
    1.8709
    1.8340
    1.8087
    1.7935
    1.7801
    1.7451
    1.7376
    1.7267
    1.7097
    1.7100
    1.6902
    1.6772
    1.6700
    1.6508
    1.6370
    1.6392
    1.6139
    1.6113
    1.5932
    1.5791
    1.5606
    1.5465
    1.5433
    1.5252
    1.5051
    1.4879
    1.4780
    1.4767
    1.4668
    1.4471
    1.4440
    1.4401
    1.4223
    1.3914
    1.3766
    1.3675
    1.3546
    1.3608
    1.3488
    1.3368
    1.3271
    1.3227
    1.3075
    1.2873
    1.2811
    1.2692
    1.2529
    1.2563
    1.2564
    1.2590
    1.2539
    1.2464
    1.2384
    1.2275
    1.2123
    1.2026
    1.1984
    1.1951
    1.2002
    1.1895
    1.1783
    1.1690
    1.1572
    1.1500
    1.1507
    1.1448
    1.1320
    1.1360
    1.1385
    1.1325
    1.1323
    1.1360
    1.1244
    1.1260
    1.1192
    1.1045
    1.1065
    1.1062
    1.0966
    1.0946
    1.0871
    1.0872
    1.0805
    1.0833
    1.0760
    1.0819
    1.0797
    1.0793
    1.0705
    1.0716
    1.0763
    1.0755
    1.0726
    1.0663
    1.0697
    1.0603
    1.0552
    1.0525
    1.0561
    1.0585
    1.0513
    1.0507
    1.0572
    1.0586
    1.0512
    1.0593
    1.0680
    1.0673
    1.0649
    1.0759
    1.0714
    1.0629
    1.0655
    1.0679
    1.0658
    1.0678
    1.0682
    1.0602
    1.0644
    1.0705
    1.0740
    1.0758
    1.0735
    1.0657
    1.0660
    1.0650
    1.0637
    1.0690
    1.0654
    1.0732
    1.0681
    1.0645
    1.0702
    1.0759
    1.0775
    1.0795
    1.0876
    1.0941
    1.0966
    1.1013
    1.1040
    1.1009
    1.0958
    1.0988
    1.0980
    1.0994
    1.0912
    1.0935
    1.0943
    1.0923
    1.0941
    1.0979
    1.1019
    1.1048
    1.1082
    1.1145
    1.1209
    1.1249
    1.1266
    1.1284
    1.1292
    1.1283
    1.1239
    1.1241
    1.1242
    1.1188
    1.1164
    1.1271
    1.1259
    1.1167
    1.1126
    1.1110
    1.1165
    1.1184
    1.1211
    1.1252
    1.1119
    1.1193
    1.1125
    1.1139
    1.1173
    1.1190
    1.1114
    1.1214
    1.1352
    1.1364
    1.1373
    1.1348
    1.1383
    1.1459
    1.1331
    1.1240
    1.1243
    1.1413
    1.1432
    1.1519
    1.1582
    1.1641
    1.1683
    1.1739
    1.1849
    1.1842
    1.1912
    1.1943
    1.1964
    1.2195
    1.2375
    1.2403
    1.2456
    1.2593
    1.2646
    1.2696
    1.2749
    1.2755
    1.2897
    1.2902
    1.2920
    1.2983
    1.2973
    1.3125
    1.3192
    1.3282
    1.3173
    1.3161
    1.3300
    1.3294
    1.3320
    1.3339
    1.3440
    1.3416
    1.3558
    1.3563
    1.3583
    1.3707
    1.3838
    1.4047
    1.4120
    1.4152
    1.4310
    1.4305
    1.4325
    1.4238
    1.4155
    1.4056
    1.4226
    1.4283
    1.4301
    1.4253
    1.4324
    1.4391
    1.4380
    1.4430
    1.4537
    1.4678
    1.4628
    1.4666
    1.4637
    1.4620
    1.4599
    1.4623
    1.4776
    1.4904
    1.5174
    1.5305
    1.5177
    1.5117
    1.5348
    1.5311
    1.5287
    1.5482
    1.5597
    1.5754
    1.6028
    1.6143
    1.6454
    1.6544
    1.6589
    1.6866
    1.6860
    1.7031
    1.7041
    1.7121
    1.7281
    1.7330
    1.7391
    1.7538
    1.7747
    1.7810
    1.7883
    1.7953
    1.8101
    1.8076
    1.8212
    1.8187
    1.8315
    1.8452
    1.8401
    1.8459
    1.8487
    1.8611
    1.8710
    1.8715
    1.8685
    1.8695
    1.8809
    1.8834
    1.8815
    1.8901
    1.9089
    1.9222
    1.9272
    1.9383
    1.9499
    1.9549
    1.9540
    1.9651
    1.9707
    1.9671
    1.9797
    1.9796
    1.9881
    1.9869
    1.9869
    1.9860
    1.9902
    1.9897
    1.9886
    1.9874
    1.9900
    1.9924
    1.9931
    2.0077
    2.0198
    2.0204
    2.0213
    2.0406
    2.0444
    2.0422
    2.0534
    2.0574
    2.0512
    2.0648
    2.0645
    2.0677
    2.0931
    2.0958
    2.1098
    2.1230
    2.1216
    2.1251
    2.1257
    2.1255
    2.1583
    2.1646
    2.1614
    2.1774
    2.1858
    2.2050
    2.2207
    2.2403
    2.2401
    2.2435
    2.2397
    2.2508
    2.2672
    2.2736
    2.2900
    2.3007
    2.2978
    2.2977
    2.3218
    2.3554
    2.3536
    2.3529
    2.3423
    2.3718
    2.3649
    2.3719
    2.3719
    2.3685
    2.3712
    2.3741
    2.3651
    2.3826
    2.3869
    2.3887
    2.3767
    2.3803
    2.3801
    2.3516
    2.3347
    2.3454
    2.3488
    2.3530
    2.3420
    2.3511
    2.3394
    2.3391
    2.3391
    2.3528
    2.3438
    2.3381
    2.3362
    2.3383
    2.3333
    2.3340
    2.3339
    2.3117
    2.2952
    2.2961
    2.3163
    2.3290
    2.3119
    2.3287
    2.3405
    2.3405
    2.3429
    2.3470
    2.3520
    2.3782
    2.3629
    2.3837
    2.3980
    2.3809
    2.3809
    2.3841
    2.3887
    2.3428
    2.3582
    2.3483
    2.3292
    2.3597
    2.3860
    2.3860
    2.4373
    2.4881
    2.4827
    2.5217
    2.4721
    2.4945
    2.5337
    2.5696
    2.5516
    2.5516
    2.5589
    2.5747
    2.6017
    2.6188
    2.6085
    2.5953
    2.6529
    2.6907
    2.6907
    2.7405
    2.8030
    2.8011
    2.8638
    2.9035
    2.8756
    2.8387
    2.7753
    2.7753
    2.7439
    2.7888
    2.7891
    2.7941
    2.7854
    2.7860
    2.8348
    2.7876
    2.7876
    2.7647
    2.7681
    2.6514
    2.6053
    2.5597
    2.5273
    2.5509
    2.5313
    2.5313
    2.4672
    2.4963
    2.4316
    2.4171
    2.4329
    2.4272
    2.3839
    2.4235
    2.4235
    2.4534
    2.4495
    2.3106
    2.2665
    2.2633
    2.2857
    2.2422
    2.2861
    2.2636
    2.2636
    2.2507
    2.2321
    2.1574
    2.1525
    2.2291
    2.2527
    2.2244
    2.2732
    2.2732
    2.1977
    2.2719
    2.2987
    2.2680
    2.2596
    2.2234
    2.1861
    2.2430
    2.2430
    2.1887
    2.0746
    2.0540
    1.9792
    2.0585
    2.0555
