  864.1806
   39.0872
   42.1404
    4.7882
    3.4312
    4.8910
   15.1805
   26.1411
   20.1392
    9.9516
    7.4268
    7.0761
    6.8157
    7.9662
    8.0364
   15.5827
   23.0481
   30.7125
   32.2459
   28.3244
   29.0000
   35.7258
   36.3162
   32.4606
   38.3128
   36.7317
   37.0934
   39.2812
   43.5033
   46.4281
   44.1611
   36.3210
   25.7783
   25.8126
   26.6423
   23.2854
   22.3413
   22.3882
   21.9809
   23.9965
   17.7799
   18.9861
   18.1661
   16.8884
   16.3828
   16.7094
   15.0989
   14.1978
   12.0173
   11.4807
   11.5446
   10.4821
    8.8147
    8.0306
    8.1409
    7.2910
    5.7619
    5.3832
    5.2259
    5.2972
    5.3404
    5.3286
    4.9703
    5.1186
    5.3206
    5.4773
    5.8027
    5.9999
    6.0812
    6.5726
    8.2655
    9.2101
    8.7650
    8.5055
    8.3896
    8.0914
    7.7913
    7.4414
    7.6879
    7.8200
    7.2359
    7.1365
    7.0077
    7.0640
    7.2141
    7.1236
    6.7212
    6.4216
    6.0108
    5.5310
    5.3755
    5.4559
    5.7011
    5.6283
    5.8339
    5.8110
    5.9581
    6.2412
    6.3889
    6.1742
    6.2704
    6.7366
    6.8977
    6.9875
    7.3692
    7.4401
    7.0534
    6.9286
    7.1815
    7.1201
    6.9606
    7.2169
    7.1042
    7.4095
    6.9947
    6.6099
    3.9776
    3.7309
    3.7077
    3.7873
    3.7364
    3.7198
    3.7771
    3.7605
    3.7403
    3.7460
    3.7041
    3.6188
    3.6760
    3.6089
    3.7050
    3.6877
    3.7204
    3.7036
    3.7851
    3.8032
    3.7871
    3.8412
    3.9870
    3.9904
    4.0392
    4.1508
    4.2354
    4.3066
    4.4026
    4.5118
    4.6446
    7.1150
    8.1896
    8.1843
    7.9942
    8.2454
    8.2355
    7.9775
    8.1011
    8.0859
    8.2772
    8.1939
    8.1904
    8.0666
    8.3633
    8.3784
    8.4329
    8.2123
    8.0318
    7.9353
    7.7539
    7.3414
    7.5560
    7.5476
    7.4602
    7.1257
    6.9313
    6.7155
    6.7065
    6.8316
    7.0751
    7.0550
    6.8697
    7.1039
    6.9643
    6.7731
    6.6018
    6.7512
    6.4640
    6.2552
    6.2620
    6.0179
    5.8565
    5.7064
    5.7050
    5.8261
    5.8292
    5.8485
    5.8048
    5.6114
    5.4022
    5.2505
    5.1078
    4.8938
    4.8169
    4.8470
    4.6690
    4.4415
    4.2199
    4.0912
    3.9366
    4.0150
    3.9554
    3.7825
    3.7296
    3.6817
    3.4067
    3.2940
    3.2087
    3.1553
    3.0597
    2.9898
    2.9267
    2.8218
    2.6852
    2.5808
    2.5142
    2.4266
    2.3942
    2.2874
    2.3242
    2.2946
    2.1334
    2.1115
    2.1279
    2.1415
    2.1411
    2.0993
    2.0721
    2.0757
    2.0588
    2.0115
    1.9818
    1.9744
    1.9498
    1.9345
    1.9264
    1.9147
    1.8992
    1.9012
    1.9065
    1.8808
    1.8973
    1.8667
    1.8592
    1.9018
    1.9240
    1.9429
    1.9767
    1.9694
    2.0365
    2.0480
    2.0562
    2.0845
    2.0891
    2.1007
    2.1245
    2.1343
    2.1728
    2.1532
    2.1606
    2.1664
    2.1756
    2.2071
    2.2165
    2.2252
    2.2668
    2.2720
    2.2858
    2.3053
    2.3265
    2.3695
    2.3897
    2.3921
    2.3988
    2.4069
    2.4309
    2.4353
    2.4361
    2.3906
    2.4188
    2.4190
    2.4005
    2.4011
    2.4148
    2.4040
    2.4278
    2.3979
    2.4040
    2.4612
    2.4250
    2.4175
    2.4664
    2.4889
    2.5307
    2.5112
    2.4879
    2.5070
    2.5193
    2.5506
    2.5477
    2.5734
    2.5415
    2.5673
    2.6013
    2.5595
    2.5870
    2.5691
    2.5931
    2.6447
    2.6157
    2.6171
    2.7056
    2.7440
    2.7217
    2.7182
    2.7802
    2.8178
    2.9196
    2.9897
    3.0807
    3.1302
    3.2246
    3.3575
    3.4572
    3.5766
    3.6335
    3.6735
    4.0381
    4.1517
    4.1878
    4.3074
    4.4138
    4.4743
    4.5845
    4.7493
    4.9397
    4.9561
    4.9700
    5.0717
    5.2017
    5.2780
    5.3097
    5.4336
    5.4976
    5.6170
    5.6708
    5.6996
    5.7605
    5.7652
    5.8371
    5.8652
    5.9008
    5.9542
    6.0040
    6.0313
    6.0857
    6.1618
    6.2612
    6.2314
    6.2188
    6.2955
    6.3073
    6.2905
    6.2424
    6.1850
    6.1370
    6.1853
    6.2477
    6.0892
    6.0735
    6.0471
    6.0162
    6.0869
    6.1262
    6.1158
    6.1152
    6.0305
    6.0022
    5.9837
    5.9234
    5.8956
    5.8962
    5.9225
    5.9427
    5.9772
    6.0379
    5.9787
    5.9391
    5.9292
    5.9076
    5.7845
    5.7222
    5.7065
    5.5930
    5.5389
    5.5168
    5.4753
    5.3988
    5.2888
    5.2688
    5.1578
    4.9936
    4.8704
    4.8649
    4.8202
    4.6978
    4.6306
    4.5811
    4.5130
    4.2885
    4.2154
    4.2063
    4.0769
    4.0034
    4.0110
    3.8495
    3.7869
    3.7527
    3.6670
    3.6115
    3.5517
    3.4974
    3.3741
    3.3174
    3.2832
    3.1868
    3.1108
    3.0666
    2.9972
    2.8909
    2.8120
    2.7541
    2.7378
    2.6312
    2.5938
    2.5230
    2.4913
    2.4606
    2.4334
    2.4112
    2.3679
    2.3568
    2.3483
    2.3264
    2.3231
    2.2898
    2.2579
    2.2279
    2.2205
    2.2084
    2.1842
    2.1974
    2.2044
    2.1806
    2.2085
    2.1710
    2.1359
    2.1411
    2.1649
    2.1378
    2.1330
    2.1525
    2.1603
    2.1313
    2.1366
    2.1692
    2.1523
    2.1657
    2.1540
    2.1689
    2.1542
    2.1711
    2.1355
    2.1360
    2.1299
    2.1302
    2.1355
    2.1479
    2.1401
    2.1490
    2.1649
    2.1693
    2.1727
    2.1548
    2.1408
    2.1551
    2.1457
    2.1140
    2.1138
    2.1366
    2.1529
    2.1795
    2.1468
    2.1325
    2.1232
    2.1038
    2.1090
    2.0979
    2.0671
    2.0630
    2.0634
    2.0716
    2.1101
    2.1250
    2.1134
    2.1307
    2.1357
    2.1167
    2.1014
    2.1268
    2.1284
    2.1237
    2.1295
    2.1099
    2.1126
    2.0999
    2.0884
    2.0875
    2.1005
    2.0896
    2.0724
    2.0907
    2.0762
    2.0746
    2.0775
    2.0781
    2.0522
    2.0500
    2.0576
    2.0659
    2.0631
    2.0658
    2.0577
    2.0661
    2.0700
    2.0780
    2.0729
    2.0738
    2.0758
    2.0773
    2.0801
    2.0849
    2.0864
    2.0769
    2.0728
    2.0624
    2.0601
    2.0732
    2.0698
    2.0696
    2.0853
    2.0866
    2.0714
    2.0695
    2.0663
    2.0729
    2.0785
    2.0774
    2.0807
    2.0860
    2.0744
    2.0568
    2.0465
    2.0571
    2.0542
    2.0604
    2.0597
    2.0603
    2.0517
    2.0543
    2.0627
    2.0586
    2.0496
    2.0557
    2.0403
    2.0531
    2.0627
    2.0588
    2.0444
    2.0319
    2.0253
    2.0459
    2.0543
    2.0513
    2.0479
    2.0472
    2.0418
    2.0275
    2.0236
    2.0258
    2.0162
    2.0067
    2.0041
    1.9908
    1.9954
    1.9878
    2.0029
    1.9967
    2.0003
    1.9932
    2.0037
    1.9902
    1.9840
    1.9618
    1.9653
    1.9568
    1.9537
    1.9547
    1.9486
    1.9567
    1.9462
    1.9656
    1.9810
    1.9767
    1.9683
    1.9844
    1.9775
    1.9742
    1.9624
    1.9588
    1.9637
    1.9436
    1.9676
    1.9715
    1.9758
    1.9844
    2.0032
    2.0008
    2.0020
    2.0502
    2.0708
    2.0748
    2.0810
    2.0682
    2.0700
    2.0487
    2.0462
    2.0428
    2.0334
    2.0280
    2.0542
    2.0424
    2.0443
    2.0458
    2.0192
    2.0173
    2.0255
    2.0427
    2.0483
    2.0482
    2.0507
    2.0560
    2.0613
    2.0687
    2.0831
    2.0800
    2.0920
    2.0891
    2.0655
    2.0889
    2.0999
    2.0908
    2.0967
    2.0860
    2.0842
    2.1028
    2.1103
    2.0954
    2.0896
    2.0763
    2.1004
    2.0815
    2.0792
    2.0826
    2.0724
    2.0752
    2.0729
    2.0777
    2.0625
    2.0519
    2.0649
    2.0723
    2.0656
    2.0786
    2.0656
    2.0665
    2.0795
    2.0613
    2.0597
    2.0603
    2.0492
    2.0503
    2.0426
    2.0624
    2.0508
    2.0345
    2.0301
    2.0402
    2.0328
    2.0289
    2.0355
    2.0416
    2.0229
    2.0398
    2.0262
    2.0050
    1.9980
    2.0116
    2.0254
    2.0413
    2.0490
    2.0569
    2.0691
    2.0696
    2.0670
    2.0753
    2.0612
    2.0625
    2.0428
    2.0419
    2.0423
    2.0510
    2.0487
    2.0494
    2.0566
    2.0632
    2.0632
    2.0842
    2.0902
    2.0839
    2.0930
    2.0907
    2.1172
    2.1328
    2.1299
    2.1365
    2.1368
    2.1401
    2.1474
    2.1512
    2.1668
    2.1942
    2.2126
    2.2489
    2.2968
    2.2981
    2.3456
    2.3810
    2.4015
    2.4050
    2.4172
    2.4220
    2.4315
    2.4372
    2.4269
    2.4348
    2.4390
    2.4406
    2.4373
    2.4674
    2.4798
    2.4898
    2.5203
    2.4875
    2.4931
    2.5036
    2.5072
    2.4885
    2.4694
    2.4526
    2.4441
    2.4102
    2.4014
    2.3614
    2.3403
    2.3525
    2.3658
    2.3653
    2.3846
    2.3940
    2.3961
    2.3940
    2.3850
    2.3922
    2.3908
    2.4331
    2.4279
    2.4393
    2.4478
    2.4341
    2.4296
    2.4238
    2.4384
    2.4430
    2.4481
    2.4571
    2.4400
    2.4314
    2.4125
    2.4027
    2.4119
    2.4169
    2.4297
    2.4269
    2.4267
    2.4286
    2.4263
    2.4350
    2.4356
    2.4392
    2.4532
    2.4692
    2.4734
    2.4898
    2.4932
    2.4865
    2.4965
    2.5063
    2.5022
    2.5123
    2.5104
    2.5227
    2.5246
    2.5285
    2.5287
    2.5323
    2.5359
    2.5362
    2.5410
    2.5408
    2.5490
    2.5636
    2.5552
    2.5529
    2.5574
    2.5529
    2.5537
    2.5589
    2.5648
    2.5692
    2.5730
    2.5709
    2.5751
    2.5752
    2.5870
    2.5865
    2.5808
    2.5750
    2.5908
    2.5920
    2.5915
    2.5942
    2.5912
    2.5924
    2.5921
    2.5874
    2.6018
    2.5985
    2.6128
    2.6070
    2.6079
    2.6041
    2.6057
    2.6054
    2.6138
    2.6142
    2.6159
    2.6333
    2.6394
    2.6506
    2.6542
    2.6704
    2.6702
    2.6676
    2.6751
    2.6664
    2.6770
    2.6823
    2.6906
    2.6957
    2.7025
    2.7127
    2.7124
    2.7221
    2.7228
    2.7150
    2.7324
    2.7231
    2.7272
    2.7375
    2.7586
    2.7575
    2.7644
    2.7535
    2.7525
    2.7567
    2.7585
    2.7595
    2.7508
    2.7402
    2.7398
    2.7518
    2.7558
    2.7464
    2.7632
    2.7680
    2.8026
    2.7993
    2.8117
    2.8117
    2.8090
    2.8021
    2.8059
    2.8141
    2.8134
    2.8177
    2.8231
    2.8284
    2.8284
    2.8089
    2.8027
    2.8116
    2.8073
    2.8284
    2.8023
    2.7993
    2.7979
    2.7979
    2.7941
    2.8015
    2.7954
    2.7944
    2.7874
    2.7936
    2.7827
    2.7531
    2.7395
    2.7395
    2.7089
    2.6744
    2.6578
    2.6544
    2.6167
    2.5777
    2.5670
    2.5728
    2.5728
    2.5647
    2.5572
    2.5505
    2.5470
    2.5410
    2.5528
    2.5618
    2.5546
    2.5546
    2.5559
    2.5603
    2.5384
    2.5363
    2.5267
    2.5364
    2.4835
    2.5427
    2.5427
    2.5526
    2.5269
    2.5172
    2.5613
    2.5589
    2.6232
    2.6614
    2.7045
    2.7045
    2.7727
    2.8077
    2.9304
    3.0141
    3.0002
    2.9908
    3.0319
    3.0742
    3.0742
    3.0282
    3.0203
    3.0313
    3.0770
    3.1401
    3.0918
    3.1314
    3.0466
    2.9555
    2.9555
    3.0032
    2.9871
    2.9687
    3.0774
    3.1329
    3.1844
    3.0840
    3.1994
    3.1994
    3.1463
    3.0208
    2.9376
    3.0510
    3.1678
    3.3862
    3.5973
    3.6078
    3.6078
    3.4822
    3.6607
    3.5369
    3.7076
    3.8801
    3.9640
