    0.9249
    0.9851
    0.9017
    1.1467
    0.9526
    0.6605
    0.5665
    0.8924
    0.7920
    0.6975
    0.6146
    0.6823
    0.7349
    0.6971
    0.5758
    0.6292
    0.6911
    0.6780
    0.6817
    0.6397
    0.6424
    0.8511
    0.8965
    1.0791
    1.1901
    1.2291
    1.0629
    1.0840
    1.2253
    1.1655
    1.0508
    1.1240
    1.4449
    1.7105
    1.8302
    1.6757
    1.6532
    1.5145
    1.5371
    1.7008
    1.8133
    1.9183
    1.5753
    1.6112
    1.7965
    1.6356
    1.8653
    2.0046
    1.6111
    1.5506
    1.4993
    1.6086
    1.6901
    1.9549
    1.7825
    1.7733
    1.7207
    1.7420
    1.7007
    1.7110
    1.8108
    1.9506
    2.0152
    2.0582
    2.0029
    2.1950
    1.9378
    1.9067
    1.9232
    1.9907
    2.0625
    2.0039
    2.0546
    2.0467
    2.0659
    2.0397
    2.0454
    2.0513
    2.1328
    2.1817
    2.2657
    2.3136
    2.3668
    2.3864
    2.4978
    2.6387
    2.7193
    2.6822
    2.6487
    2.9250
    2.9585
    2.7516
    2.7969
    2.8748
    2.8673
    3.1046
    2.8609
    2.7576
    2.4776
    2.4110
    2.4498
    2.4381
    2.1484
    2.1174
    2.1488
    2.0396
    2.1714
    2.0505
    2.1415
    2.1545
    2.0762
    2.0949
    2.0578
    2.0360
    1.9885
    1.9947
    2.0086
    1.9580
    1.8732
    1.8866
    1.8772
    1.9878
    1.9284
    2.0404
    2.1584
    2.1627
    2.1315
    2.1385
    2.1354
    2.2679
    2.3979
    2.3180
    2.2565
    2.2461
    2.1157
    2.1531
    2.1457
    2.1309
    2.2725
    2.3311
    2.3020
    2.2622
    2.2385
    2.2249
    2.2466
    2.3717
    2.3538
    2.3128
    2.2210
    2.3273
    2.3197
    2.3332
    2.2788
    2.2087
    2.1523
    2.1646
    2.1031
    2.1065
    2.1829
    2.1470
    2.1151
    2.0684
    1.9583
    1.9766
    1.9641
    1.8571
    1.8586
    1.8783
    1.8344
    1.8241
    1.8598
    1.7841
    1.8103
    1.7645
    1.7303
    1.7374
    1.7658
    1.7925
    1.8057
    1.8472
    1.8984
    1.8594
    1.7874
    1.8316
    1.8319
    1.8094
    1.7456
    1.7543
    1.7905
    1.6777
    1.6872
    1.6425
    1.6275
    1.6868
    1.6821
    1.6156
    1.6767
    1.6382
    1.6036
    1.5772
    1.6081
    1.6371
    1.6014
    1.6110
    1.6626
    1.6748
    1.6671
    1.7040
    1.7767
    1.7704
    1.7210
    1.6971
    1.7410
    1.7392
    1.7074
    1.7184
    1.7507
    1.7525
    1.7555
    1.7634
    1.8081
    1.8157
    1.7835
    1.7678
    1.7785
    1.7503
    1.7405
    1.7228
    1.7105
    1.6658
    1.6722
    1.6705
    1.6214
    1.6296
    1.6223
    1.5850
    1.5611
    1.5195
    1.5355
    1.5675
    1.5612
    1.5705
    1.5474
    1.5370
    1.5453
    1.5580
    1.5788
    1.5455
    1.5123
    1.4881
    1.5146
    1.4880
    1.4272
    1.3503
    1.3798
    1.3366
    1.3075
    1.2771
    1.2172
    1.1715
    1.1364
    1.0653
    1.0400
    1.0428
    1.0508
    1.0389
    1.0208
    0.9980
    0.9635
    0.9403
    0.9190
    0.9034
    0.9003
    0.9060
    0.9091
    0.9087
    0.9019
    0.8951
    0.8820
    0.8633
    0.8655
    0.8599
    0.8622
    0.8611
    0.8759
    0.8863
    0.8745
    0.8751
    0.8676
    0.8729
    0.8728
    0.8628
    0.8786
    0.8956
    0.8878
    0.8998
    0.9198
    0.9249
    0.9171
    0.9127
    0.8939
    0.8942
    0.9013
    0.8956
    0.8966
    0.9091
    0.9102
    0.9037
    0.9017
    0.8950
    0.9166
    0.9226
    0.9248
    0.9327
    0.9418
    0.9135
    0.9170
    0.9244
    0.9220
    0.9347
    0.9325
    0.9239
    0.9330
    0.9412
    0.9433
    0.9654
    0.9682
    0.9769
    1.0002
    0.9833
    1.0034
    0.9899
    0.9922
    0.9956
    0.9861
    0.9770
    0.9756
    0.9996
    1.0191
    1.0305
    1.0284
    1.0469
    1.0606
    1.0259
    0.9872
    0.9715
    0.9631
    0.9565
    0.9581
    0.9581
    0.9614
    0.9326
    0.9426
    0.9360
    0.9472
    0.9497
    0.9449
    0.9469
    0.9398
    0.9345
    0.9307
    0.9340
    0.9251
    0.9338
    0.9382
    0.9339
    0.9283
    0.9251
    0.9202
    0.9082
    0.9050
    0.9101
    0.9116
    0.8808
    0.8757
    0.8547
    0.8501
    0.8507
    0.8545
    0.8497
    0.8492
    0.8364
    0.8197
    0.8186
    0.8083
    0.8010
    0.7941
    0.7867
    0.7806
    0.7716
    0.7615
    0.7364
    0.7324
    0.7246
    0.7258
    0.7130
    0.7094
    0.7146
    0.7003
    0.7005
    0.6809
    0.6833
    0.6770
    0.6880
    0.6919
    0.6973
    0.6993
    0.6927
    0.6807
    0.6673
    0.6741
    0.6746
    0.6782
    0.6822
    0.6810
    0.6872
    0.6858
    0.6930
    0.6913
    0.6914
    0.6908
    0.6900
    0.6992
    0.7005
    0.7071
    0.7083
    0.7051
    0.6966
    0.7116
    0.7151
    0.7152
    0.7133
    0.7295
    0.7332
    0.7443
    0.7431
    0.7501
    0.7560
    0.7555
    0.7586
    0.7702
    0.7744
    0.7823
    0.7918
    0.7934
    0.7986
    0.7973
    0.7878
    0.7911
    0.7933
    0.7885
    0.7860
    0.7831
    0.7815
    0.7806
    0.7836
    0.7879
    0.7744
    0.7734
    0.7726
    0.7742
    0.7772
    0.7700
    0.7687
    0.7569
    0.7454
    0.7377
    0.7319
    0.7250
    0.7195
    0.7306
    0.7355
    0.7430
    0.7573
    0.7595
    0.7535
    0.7558
    0.7553
    0.7617
    0.7602
    0.7637
    0.7543
    0.7396
    0.7313
    0.7369
    0.7401
    0.7353
    0.7349
    0.7321
    0.7381
    0.7434
    0.7455
    0.7576
    0.7677
    0.7724
    0.7789
    0.7897
    0.7814
    0.7806
    0.7806
    0.7848
    0.7897
    0.7909
    0.8002
    0.8017
    0.8123
    0.8101
    0.8111
    0.8053
    0.7985
    0.7895
    0.7740
    0.7632
    0.7585
    0.7462
    0.7553
    0.7658
    0.7622
    0.7597
    0.7507
    0.7508
    0.7481
    0.7505
    0.7494
    0.7445
    0.7367
    0.7317
    0.7250
    0.7196
    0.7221
    0.7214
    0.7194
    0.7144
    0.7171
    0.7193
    0.7225
    0.7276
    0.7262
    0.7315
    0.7292
    0.7251
    0.7279
    0.7251
    0.7223
    0.7159
    0.7078
    0.7070
    0.7003
    0.7032
    0.7041
    0.7014
    0.6965
    0.6985
    0.6987
    0.6948
    0.6906
    0.6946
    0.6918
    0.6969
    0.6963
    0.6934
    0.6960
    0.6950
    0.6977
    0.6923
    0.6862
    0.6851
    0.6862
    0.6951
    0.6976
    0.6968
    0.6933
    0.6914
    0.6894
    0.6893
    0.6899
    0.6920
    0.6953
    0.6999
    0.7024
    0.7018
    0.6983
    0.7049
    0.7074
    0.7138
    0.7155
    0.7136
    0.7175
    0.7227
    0.7246
    0.7292
    0.7308
    0.7252
    0.7182
    0.7125
    0.7196
    0.7175
    0.7102
    0.7084
    0.7145
    0.7104
    0.7094
    0.7033
    0.7055
    0.7111
    0.7159
    0.7239
    0.7354
    0.7385
    0.7406
    0.7481
    0.7502
    0.7548
    0.7577
    0.7540
    0.7598
    0.7646
    0.7659
    0.7710
    0.7719
    0.7714
    0.7695
    0.7699
    0.7746
    0.7698
    0.7656
    0.7752
    0.7787
    0.7812
    0.7838
    0.7837
    0.7850
    0.7842
    0.7851
    0.7842
    0.7902
    0.7924
    0.7915
    0.7951
    0.7978
    0.7974
    0.7981
    0.8045
    0.8003
    0.8052
    0.8112
    0.8212
    0.8286
    0.8359
    0.8365
    0.8433
    0.8452
    0.8465
    0.8556
    0.8612
    0.8601
    0.8627
    0.8702
    0.8683
    0.8695
    0.8694
    0.8732
    0.8853
    0.8913
    0.8963
    0.9073
    0.9020
    0.9062
    0.9080
    0.9045
    0.9121
    0.9131
    0.9164
    0.9148
    0.9204
    0.9157
    0.9176
    0.9290
    0.9308
    0.9380
    0.9351
    0.9469
    0.9404
    0.9463
    0.9465
    0.9625
    0.9680
    0.9624
    0.9653
    0.9686
    0.9733
    0.9824
    0.9858
    0.9905
    1.0023
    1.0091
    1.0167
    1.0212
    1.0276
    1.0255
    1.0308
    1.0296
    1.0463
    1.0479
    1.0508
    1.0550
    1.0624
    1.0687
    1.0700
    1.0689
    1.0760
    1.0939
    1.1089
    1.1149
    1.1228
    1.1265
    1.1259
    1.1323
    1.1537
    1.1558
    1.1565
    1.1677
    1.1729
    1.1934
    1.2058
    1.2236
    1.2343
    1.2494
    1.2510
    1.2632
    1.2644
    1.2656
    1.2962
    1.3023
    1.3141
    1.3212
    1.3218
    1.3385
    1.3548
    1.3580
    1.3639
    1.3714
    1.3728
    1.3900
    1.3910
    1.4093
    1.4216
    1.4326
    1.4448
    1.4457
    1.4561
    1.4573
    1.4584
    1.4703
    1.4801
    1.4874
    1.4988
    1.5133
    1.6007
    1.6219
    1.6219
    1.6229
    1.6357
    1.6366
    1.6379
    1.6403
    1.6516
    1.6900
    1.6955
    1.6983
    1.7035
    1.7032
    1.7036
    1.7153
    1.7239
    1.7362
    1.7369
    1.7503
    1.7562
    1.7536
    1.7705
    1.7770
    1.7819
    1.7990
    1.8027
    1.8089
    1.8185
    1.8242
    1.8286
    1.8306
    1.8286
    1.8332
    1.8341
    1.8341
    1.8356
    1.8329
    1.8369
    1.8320
    1.8320
    1.8369
    1.8333
    1.8391
    1.8427
    1.8490
    1.8492
    1.8512
    1.8479
    1.8505
    1.8594
    1.8697
    1.8971
    1.9181
    1.9376
    1.9508
    1.9517
    1.9554
    1.9663
    1.9762
    1.9860
    1.9958
    2.0065
    2.0208
    2.0230
    2.0237
    2.0273
    2.0337
    2.0482
    2.0574
    2.0612
    2.0660
    2.0687
    2.0802
    2.0987
    2.1094
    2.1117
    2.1123
    2.1162
    2.1226
    2.1219
    2.1433
    2.1459
    2.1528
    2.1600
    2.1611
    2.1724
    2.1782
    2.1933
    2.2061
    2.2162
    2.2163
    2.2268
    2.2333
    2.2342
    2.2398
    2.2331
    2.2395
    2.2349
    2.2519
    2.2561
    2.2740
    2.2877
    2.2879
    2.3044
    2.3039
    2.3021
    2.3147
    2.3372
    2.3569
    2.3677
    2.3800
    2.3802
    2.3744
    2.3784
    2.3804
    2.3805
    2.3867
    2.3837
    2.3844
    2.3856
    2.3856
    2.3900
    2.4147
    2.4133
    2.4228
    2.4283
    2.4227
    2.4219
    2.4360
    2.4349
    2.4349
    2.4321
    2.4229
    2.4258
    2.4450
    2.4458
    2.4676
    2.4606
    2.4609
    2.4607
    2.4694
    2.4650
    2.4727
    2.4743
    2.4670
    2.4597
    2.4668
    2.4738
    2.4739
    2.5085
    2.5141
    2.5277
    2.5001
    2.4834
    2.4685
    2.4717
    2.4880
    2.4880
    2.4717
    2.4768
    2.4644
    2.4753
    2.4895
    2.4545
    2.4516
    2.4552
    2.4552
    2.4387
    2.4411
    2.4548
    2.4466
    2.4296
    2.4314
    2.4356
    2.4349
    2.4349
    2.4463
    2.4272
    2.4531
    2.4649
    2.4385
    2.4401
    2.4422
    2.4344
    2.4355
    2.4355
    2.4262
    2.4339
    2.4459
    2.4733
    2.5013
    2.5064
    2.4964
    2.5046
    2.5046
    2.4980
    2.3700
    2.3643
    2.3410
    2.3487
    2.3629
    2.3402
    2.3440
    2.3440
    2.3420
    2.3425
    2.3547
    2.3626
    2.3154
    2.3051
    2.3150
    2.3043
    2.3043
    2.3321
    2.3532
    2.3234
    2.3404
    2.3341
    2.3326
    2.3082
    2.3046
    2.3046
    2.2843
    2.3087
    2.2796
    2.2773
    2.2695
    2.2354
    2.2287
    2.2286
    2.2286
    2.2175
    2.2230
    2.2557
    2.2469
    2.2480
    2.2782
    2.2751
    2.3303
    2.3267
    2.3267
    2.3600
    2.4157
    2.5037
    2.5511
    2.6256
    2.6939
    2.7310
    2.7413
    2.7413
    2.8242
    2.8367
    2.8286
    2.8467
    2.8855
    2.9281
    3.0426
    3.0903
    3.0903
    3.1551
    3.2663
    3.2263
    3.2464
    3.3246
    3.3772
