   10.1458
    7.2673
    3.9529
    1.6152
    1.4085
    4.0726
    4.6275
    2.8223
    6.9709
    6.5510
    8.9975
    6.8853
    5.1914
    4.7233
    4.4414
    4.8607
    4.6267
    3.9668
    4.2985
    4.1379
    3.9787
    4.0365
    4.2647
    3.5908
    3.7390
    3.5797
    3.1283
    3.6645
    4.2605
    4.7254
    4.8815
    5.3933
    6.2384
    6.3500
    7.1249
    7.7809
    7.1328
    8.1649
    8.8004
    8.4583
    6.2792
    6.2375
    6.0158
    5.3960
    4.4456
    4.3164
    4.4327
    3.6180
    3.0384
    2.7794
    2.9477
    2.9867
    3.0760
    2.9719
    3.0579
    2.9989
    3.2144
    2.8779
    2.5933
    2.5385
    2.5971
    2.2441
    2.1765
    2.1621
    2.1478
    1.9876
    1.8841
    1.8960
    1.7514
    1.6969
    1.7659
    1.6174
    1.6099
    1.5575
    1.6343
    1.7284
    1.7667
    1.9056
    1.9245
    2.0103
    2.0469
    2.1258
    2.1642
    2.2018
    2.2749
    2.3936
    2.6208
    2.7191
    2.8248
    3.0207
    3.1560
    3.1557
    3.3899
    3.2304
    3.0764
    2.9409
    2.8283
    2.7439
    2.7667
    2.5774
    2.5973
    2.4783
    2.2713
    2.2614
    2.2047
    2.2330
    2.2473
    2.1587
    2.0922
    2.1322
    2.1926
    2.0533
    1.9386
    1.9069
    1.8399
    1.7807
    1.7645
    1.8170
    1.7234
    1.7310
    1.6490
    1.5656
    1.5349
    1.6103
    1.5520
    1.5711
    1.5840
    1.6276
    1.5511
    1.5223
    1.4597
    1.4899
    1.4431
    1.4633
    1.4421
    1.4606
    1.4787
    1.4742
    1.3589
    1.3164
    1.2868
    1.3494
    1.3071
    1.2583
    1.2576
    1.3007
    1.2447
    1.2541
    1.2447
    1.1909
    1.1833
    1.2511
    1.2392
    1.2384
    1.2159
    1.2806
    1.2754
    1.2666
    1.2419
    1.2314
    1.2091
    1.2465
    1.2781
    1.3194
    1.3368
    1.3522
    1.2860
    1.3333
    1.2911
    1.3058
    1.2815
    1.3013
    1.2770
    1.3199
    1.3427
    1.4081
    1.3912
    1.4148
    1.3585
    1.3779
    1.4339
    1.4099
    1.3563
    1.2953
    1.2995
    1.3193
    1.2503
    1.2408
    1.2466
    1.2218
    1.1684
    1.1749
    1.1556
    1.1430
    1.1319
    1.1450
    1.1237
    1.1284
    1.1301
    1.1378
    1.1361
    1.1590
    1.1727
    1.1666
    1.1541
    1.1804
    1.1522
    1.1282
    1.1230
    1.1488
    1.1370
    1.1183
    1.1954
    1.1796
    1.1980
    1.1844
    1.1635
    1.1930
    1.2038
    1.1668
    1.1770
    1.1542
    1.1831
    1.1520
    1.1514
    1.1491
    1.1534
    1.1138
    1.1298
    1.1306
    1.1281
    1.1762
    1.1752
    1.1658
    1.2032
    1.2599
    1.2682
    1.2931
    1.2904
    1.3390
    1.3731
    1.4356
    1.4636
    1.4920
    1.5193
    1.5225
    1.5236
    1.5132
    1.5158
    1.5042
    1.5429
    1.5392
    1.5717
    1.5291
    1.4996
    1.5085
    1.5367
    1.5822
    1.5504
    1.4971
    1.5112
    1.5412
    1.5771
    1.5660
    1.5949
    1.5734
    1.5953
    1.5802
    1.5694
    1.5750
    1.5783
    1.5644
    1.5726
    1.5541
    1.5830
    1.5552
    1.6075
    1.6243
    1.6079
    1.6486
    1.6385
    1.6883
    1.6928
    1.7130
    1.7268
    1.7270
    1.7731
    1.8054
    1.8070
    1.8128
    1.8671
    1.8560
    1.8611
    1.8732
    1.8545
    1.8630
    1.8379
    1.7912
    1.8063
    1.7680
    1.7586
    1.7510
    1.7365
    1.7278
    1.6541
    1.6539
    1.6291
    1.6237
    1.6130
    1.6280
    1.6502
    1.6377
    1.6626
    1.6840
    1.6663
    1.6448
    1.6675
    1.6209
    1.6726
    1.6660
    1.6611
    1.7039
    1.7085
    1.7312
    1.7183
    1.7336
    1.7462
    1.7451
    1.7539
    1.7658
    1.7724
    1.7780
    1.7852
    1.7917
    1.8001
    1.7613
    1.7366
    1.7485
    1.7555
    1.7391
    1.7351
    1.7329
    1.7084
    1.7154
    1.7151
    1.6848
    1.6854
    1.6802
    1.6886
    1.6965
    1.7196
    1.7162
    1.6805
    1.6561
    1.6653
    1.6593
    1.6581
    1.6526
    1.6464
    1.6255
    1.6532
    1.6256
    1.5988
    1.6184
    1.6298
    1.5959
    1.5806
    1.5708
    1.5683
    1.5595
    1.5575
    1.5663
    1.5759
    1.5789
    1.6158
    1.6120
    1.6179
    1.6408
    1.6577
    1.6589
    1.6642
    1.6835
    1.6788
    1.6814
    1.6944
    1.6959
    1.7278
    1.7366
    1.7082
    1.6947
    1.6940
    1.6856
    1.6928
    1.6764
    1.6729
    1.6616
    1.6742
    1.6938
    1.6896
    1.7198
    1.6828
    1.6769
    1.6851
    1.6757
    1.6769
    1.6636
    1.6395
    1.6084
    1.6195
    1.6226
    1.6369
    1.6479
    1.6519
    1.6374
    1.6161
    1.6018
    1.5981
    1.5635
    1.5743
    1.5641
    1.5844
    1.5754
    1.5695
    1.5790
    1.6005
    1.5764
    1.5711
    1.5890
    1.6062
    1.5957
    1.5891
    1.6085
    1.6139
    1.6270
    1.6245
    1.6429
    1.6311
    1.6394
    1.6472
    1.6591
    1.6566
    1.6576
    1.6570
    1.6456
    1.6412
    1.6439
    1.6427
    1.6683
    1.6857
    1.6766
    1.6833
    1.6876
    1.6855
    1.7111
    1.7150
    1.7270
    1.7383
    1.7365
    1.7432
    1.7320
    1.7593
    1.7766
    1.7970
    1.7878
    1.8027
    1.8045
    1.8049
    1.8111
    1.8119
    1.8148
    1.8010
    1.7831
    1.7918
    1.7765
    1.7933
    1.7928
    1.8140
    1.7961
    1.7835
    1.7796
    1.7697
    1.7813
    1.7783
    1.8031
    1.7964
    1.7920
    1.7992
    1.8048
    1.8145
    1.8695
    1.8694
    1.8565
    1.8752
    1.8878
    1.8923
    1.9160
    1.9148
    1.9313
    1.9537
    1.9709
    1.9677
    1.9759
    1.9707
    1.9752
    1.9850
    1.9985
    2.0285
    2.0402
    2.0459
    2.0431
    2.0632
    2.1220
    2.1288
    2.1168
    2.1547
    2.1861
    2.2009
    2.1920
    2.1809
    2.1760
    2.2092
    2.2373
    2.2146
    2.2475
    2.2655
    2.2638
    2.3007
    2.3105
    2.3130
    2.2904
    2.3335
    2.3421
    2.3749
    2.3770
    2.3856
    2.3690
    2.4173
    2.4169
    2.4088
    2.4022
    2.4028
    2.4181
    2.4328
    2.4576
    2.4616
    2.4600
    2.4605
    2.4794
    2.4704
    2.4737
    2.5097
    2.5002
    2.4922
    2.4905
    2.5126
    2.4993
    2.4778
    2.4934
    2.5173
    2.5000
    2.5367
    2.5847
    2.5734
    2.5588
    2.5404
    2.5710
    2.5665
    2.5820
    2.5620
    2.5654
    2.5653
    2.5480
    2.5483
    2.5474
    2.5489
    2.5430
    2.5457
    2.5435
    2.5518
    2.5406
    2.5387
    2.5263
    2.5280
    2.5604
    2.5500
    2.5521
    2.5359
    2.5675
    2.5734
    2.5651
    2.5884
    2.5696
    2.5709
    2.6017
    2.6182
    2.6065
    2.6065
    2.6539
    2.6413
    2.6094
    2.5741
    2.6098
    2.6041
    2.6081
    2.6005
    2.5838
    2.6075
    2.6004
    2.6149
    2.6115
    2.6029
    2.5995
    2.5973
    2.5852
    2.5864
    2.5873
    2.5613
    2.5679
    2.5716
    2.5670
    2.5681
    2.5644
    2.5582
    2.5600
    2.5294
    2.5336
    2.5224
    2.5120
    2.5152
    2.4892
    2.5017
    2.5023
    2.5059
    2.5035
    2.5230
    2.4964
    2.4977
    2.5055
    2.4775
    2.4744
    2.4884
    2.4863
    2.5024
    2.4651
    2.4354
    2.4383
    2.4527
    2.4348
    2.4312
    2.3982
    2.3926
    2.3819
    2.3936
    2.4184
    2.4329
    2.4234
    2.4032
    2.3894
    2.4175
    2.4175
    2.4154
    2.4044
    2.4149
    2.4132
    2.3978
    2.4075
    2.4240
    2.4267
    2.4208
    2.4340
    2.4445
    2.4303
    2.4223
    2.4328
    2.4364
    2.4182
    2.4359
    2.4734
    2.4500
    2.4455
    2.4623
    2.4673
    2.4607
    2.4284
    2.4214
    2.4174
    2.4099
    2.4119
    2.3917
    2.3741
    2.3992
    2.4087
    2.3883
    2.3793
    2.3883
    2.3802
    2.3736
    2.3760
    2.3659
    2.3718
    2.3963
    2.4057
    2.4067
    2.4047
    2.4059
    2.4070
    2.3863
    2.3576
    2.3459
    2.3513
    2.3578
    2.3705
    2.3635
    2.3688
    2.3542
    2.3453
    2.3597
    2.3469
    2.3333
    2.3305
    2.3385
    2.3180
    2.3183
    2.3345
    2.3283
    2.3358
    2.3440
    2.3535
    2.3519
    2.3454
    2.3375
    2.3247
    2.3410
    2.3356
    2.3310
    2.3128
    2.3022
    2.3007
    2.3023
    2.2949
    2.3005
    2.2957
    2.3075
    2.3213
    2.3216
    2.3357
    2.3525
    2.3436
    2.3462
    2.3570
    2.3594
    2.3487
    2.3528
    2.3493
    2.3417
    2.3654
    2.3891
    2.3782
    2.4054
    2.4204
    2.4297
    2.4350
    2.4367
    2.4496
    2.4553
    2.4639
    2.4816
    2.4786
    2.4813
    2.4879
    2.4889
    2.4874
    2.4964
    2.4915
    2.4898
    2.4907
    2.5010
    2.4938
    2.5103
    2.5098
    2.5130
    2.5090
    2.5043
    2.4820
    2.4988
    2.4925
    2.5031
    2.5054
    2.5111
    2.5140
    2.5221
    2.5246
    2.5248
    2.5363
    2.5228
    2.5142
    2.5121
    2.5112
    2.5084
    2.4863
    2.5012
    2.4952
    2.4948
    2.4846
    2.4874
    2.4838
    2.4830
    2.4819
    2.4857
    2.4810
    2.4983
    2.4982
    2.4978
    2.4983
    2.4993
    2.5037
    2.4952
    2.4900
    2.4947
    2.5027
    2.5030
    2.5025
    2.4963
    2.4901
    2.4869
    2.4816
    2.4829
    2.4967
    2.5163
    2.5065
    2.5070
    2.4918
    2.4956
    2.4908
    2.4915
    2.4914
    2.4839
    2.4923
    2.4892
    2.4792
    2.4713
    2.4611
    2.4508
    2.4505
    2.4493
    2.4318
    2.4336
    2.4494
    2.4378
    2.4436
    2.4425
    2.4305
    2.4305
    2.4168
    2.4033
    2.4268
    2.4242
    2.4083
    2.4022
    2.4068
    2.4379
    2.4382
    2.4333
    2.4297
    2.4393
    2.4468
    2.4449
    2.4617
    2.4741
    2.4486
    2.4486
    2.4425
    2.4634
    2.4671
    2.4467
    2.4614
    2.4725
    2.4824
    2.4764
    2.4765
    2.4837
    2.4719
    2.4593
    2.4562
    2.4492
    2.4496
    2.4475
    2.4645
    2.4639
    2.4642
    2.4867
    2.5077
    2.5392
    2.5352
    2.5328
    2.5310
    2.5229
    2.5352
    2.5356
    2.5413
    2.5720
    2.5740
    2.5745
    2.6057
    2.5963
    2.6432
    2.6603
    2.6605
    2.6383
    2.6767
    2.6888
    2.6620
    2.6802
    2.6623
    2.6628
    2.6552
    2.6552
    2.6414
    2.6321
    2.6555
    2.7049
    2.7335
    2.7149
    2.7345
    2.7291
    2.7291
    2.7445
    2.7829
    2.8240
    2.8010
    2.8370
    2.8738
    2.8515
    2.8632
    2.8632
    2.8342
    2.8435
    2.8236
    2.8025
    2.7892
    2.7778
    2.7585
    2.7177
    2.7026
    2.7026
    2.6915
    2.6779
    2.7458
    2.7334
    2.7149
    2.7515
    2.7684
    2.7248
    2.7248
    2.7360
    2.7026
    2.6989
    2.6732
    2.6378
    2.6887
    2.6413
    2.6578
    2.6578
    2.6017
    2.5853
    2.5222
    2.5469
    2.5208
    2.5654
    2.5309
    2.5808
    2.5808
    2.5844
    2.5512
    2.5655
    2.5692
    2.5541
    2.5306
    2.4950
    2.4798
    2.4798
    2.3973
    2.3969
    2.4564
    2.4818
    2.4407
    2.5778
    2.6007
    2.4902
    2.4902
    2.5365
    2.5171
    2.5504
    2.5001
    2.4682
    2.4140
    2.3462
    2.3256
    2.2832
    2.2832
    2.2663
    2.2819
    2.3104
    2.2949
    2.2970
    2.3888
    2.4931
    2.5394
    2.5394
    2.5063
    2.6022
    2.6239
    2.7057
    2.8086
    2.8067
    2.8450
    2.8127
    2.8127
    2.8142
    2.7709
    2.8254
    2.8746
    2.8982
    2.9734
