   11.2660
   11.7907
   10.5305
    3.1676
    3.2096
    1.7888
    7.9200
    3.0210
    3.5821
    3.6784
    5.4741
    3.1980
    4.0022
    3.0324
    3.5606
    3.0755
    3.4578
    4.0574
    4.1464
    3.5354
    4.1710
    3.9032
    3.0852
    3.0903
    3.3912
    3.2198
    3.5494
    2.9952
    3.9142
    2.9249
    3.1580
    2.3443
    2.0143
    2.0153
    2.0528
    2.0443
    2.0056
    2.0890
    1.8362
    1.7715
    2.1529
    2.2283
    2.1147
    2.0576
    1.5856
    1.4631
    1.4988
    1.2223
    1.2267
    1.2774
    1.1720
    1.1946
    1.1566
    1.1372
    1.1588
    1.1269
    1.1640
    1.0959
    1.0131
    1.1107
    1.0708
    1.0690
    1.0109
    1.0071
    1.0309
    1.0722
    1.1097
    1.0740
    0.9684
    1.0061
    0.9358
    0.8815
    0.9404
    0.9958
    1.0682
    1.0289
    1.1004
    1.1167
    1.1056
    1.0797
    1.0027
    0.9458
    0.9434
    0.9001
    0.8905
    0.9212
    0.9867
    1.0182
    1.0535
    1.1780
    1.1405
    1.1718
    1.1698
    1.1304
    1.0914
    1.1082
    1.0817
    1.0561
    1.0819
    1.1235
    1.0884
    1.2116
    1.2101
    1.2453
    1.2230
    1.2701
    1.2681
    1.2861
    1.3202
    1.3320
    1.2536
    1.2676
    1.3246
    1.3413
    1.3822
    1.3394
    1.3653
    1.3202
    1.2995
    1.2907
    1.2883
    1.2591
    1.3190
    1.3317
    1.3573
    1.4012
    1.4303
    1.4085
    1.4319
    1.4114
    1.4599
    1.5887
    1.6804
    1.6738
    1.7265
    1.6925
    1.6645
    1.7714
    1.7361
    1.6831
    1.7094
    1.6791
    1.6580
    1.6999
    1.6787
    1.6993
    1.7327
    1.6961
    1.6908
    1.7058
    1.7163
    1.7019
    1.7534
    1.8039
    1.7184
    1.6911
    1.6571
    1.6223
    1.6542
    1.7186
    1.7365
    1.7287
    1.7842
    1.7626
    1.7743
    1.7502
    1.6820
    1.6158
    1.6056
    1.5265
    1.5066
    1.4991
    1.4474
    1.4648
    1.4490
    1.4211
    1.4087
    1.3573
    1.3528
    1.3962
    1.3687
    1.3453
    1.3550
    1.3222
    1.3237
    1.3078
    1.2901
    1.2160
    1.2149
    1.2320
    1.2112
    1.2056
    1.2042
    1.1688
    1.2019
    1.1756
    1.1593
    1.1751
    1.1538
    1.1132
    1.0945
    1.0810
    1.0587
    1.0423
    1.0355
    1.0223
    1.0201
    1.0161
    1.0398
    1.0558
    1.0397
    1.0441
    1.0155
    1.0323
    1.0308
    1.0050
    0.9917
    0.9750
    0.9666
    0.9507
    0.9535
    0.9460
    0.9639
    0.9845
    0.9777
    0.9755
    0.9480
    0.9589
    0.9501
    0.9702
    0.9532
    0.9709
    0.9806
    0.9820
    0.9884
    1.0080
    1.0556
    1.0611
    1.0521
    1.0485
    1.0461
    1.0516
    1.0378
    1.0551
    1.0361
    1.0542
    1.0487
    1.0688
    1.0821
    1.0815
    1.0995
    1.1114
    1.1086
    1.1054
    1.0789
    1.0751
    1.0728
    1.0616
    1.0551
    1.0563
    1.0651
    1.0810
    1.0501
    1.0506
    1.0779
    1.0752
    1.0744
    1.0545
    1.0969
    1.0988
    1.0852
    1.0866
    1.1099
    1.1246
    1.1439
    1.1618
    1.2054
    1.1749
    1.1684
    1.1882
    1.1624
    1.1583
    1.1539
    1.1261
    1.1164
    1.1485
    1.1333
    1.1384
    1.1396
    1.1271
    1.1386
    1.1335
    1.1164
    1.1347
    1.1133
    1.1387
    1.1448
    1.1229
    1.1253
    1.1268
    1.1353
    1.1402
    1.1922
    1.2118
    1.1922
    1.2138
    1.1983
    1.1963
    1.2037
    1.2015
    1.1925
    1.1956
    1.1721
    1.1646
    1.1701
    1.1478
    1.1436
    1.1533
    1.1736
    1.1704
    1.1734
    1.2073
    1.2191
    1.2191
    1.2195
    1.2209
    1.1951
    1.1893
    1.1782
    1.1745
    1.1820
    1.1925
    1.2050
    1.2012
    1.1894
    1.1932
    1.2009
    1.1868
    1.1716
    1.1659
    1.1634
    1.1751
    1.1891
    1.1921
    1.1969
    1.1969
    1.1990
    1.1947
    1.1899
    1.2118
    1.2162
    1.2557
    1.2699
    1.2979
    1.2976
    1.3252
    1.3537
    1.3401
    1.3337
    1.2946
    1.3016
    1.2988
    1.3122
    1.3185
    1.3206
    1.3265
    1.3112
    1.2965
    1.3125
    1.3069
    1.3055
    1.3312
    1.3350
    1.3477
    1.3504
    1.3653
    1.3675
    1.3915
    1.3768
    1.3796
    1.3636
    1.3318
    1.3143
    1.3566
    1.3709
    1.3836
    1.4096
    1.4257
    1.4035
    1.3959
    1.3815
    1.3585
    1.3380
    1.3520
    1.3488
    1.3595
    1.3490
    1.3398
    1.3302
    1.3503
    1.3551
    1.3345
    1.3519
    1.3523
    1.3626
    1.3509
    1.3569
    1.3810
    1.3787
    1.3660
    1.3821
    1.3697
    1.3959
    1.3883
    1.3920
    1.3851
    1.3894
    1.4015
    1.3919
    1.3877
    1.3812
    1.3913
    1.4001
    1.4167
    1.4316
    1.4420
    1.4497
    1.4464
    1.4321
    1.4160
    1.4234
    1.4059
    1.4049
    1.4264
    1.4267
    1.4238
    1.4219
    1.4328
    1.4410
    1.4448
    1.4465
    1.4481
    1.4307
    1.4268
    1.4062
    1.3929
    1.3984
    1.3957
    1.3946
    1.3951
    1.4028
    1.4033
    1.4042
    1.4069
    1.3928
    1.4131
    1.4080
    1.3987
    1.3952
    1.3905
    1.3871
    1.3964
    1.4137
    1.4141
    1.4067
    1.4489
    1.4728
    1.4816
    1.4905
    1.4900
    1.4951
    1.4965
    1.4992
    1.4763
    1.4718
    1.4690
    1.4670
    1.4875
    1.4932
    1.4936
    1.4951
    1.5083
    1.4927
    1.4862
    1.4829
    1.4840
    1.4817
    1.4827
    1.4723
    1.4806
    1.4778
    1.4941
    1.5022
    1.5236
    1.5099
    1.5180
    1.5270
    1.5477
    1.5491
    1.5759
    1.6007
    1.5963
    1.5680
    1.5561
    1.5336
    1.5342
    1.5601
    1.5611
    1.5565
    1.5540
    1.5577
    1.5575
    1.5585
    1.5675
    1.5698
    1.5592
    1.5665
    1.5654
    1.5782
    1.5615
    1.5768
    1.6013
    1.5882
    1.6008
    1.5845
    1.5681
    1.5869
    1.6029
    1.6198
    1.6325
    1.5917
    1.5685
    1.5743
    1.5482
    1.5444
    1.5335
    1.5371
    1.5564
    1.5653
    1.5548
    1.5481
    1.5541
    1.5637
    1.5746
    1.5757
    1.5901
    1.5790
    1.5994
    1.5828
    1.6060
    1.6087
    1.6261
    1.6277
    1.6258
    1.6188
    1.6012
    1.6139
    1.6295
    1.6308
    1.6338
    1.6464
    1.6522
    1.6570
    1.6673
    1.6711
    1.6849
    1.7006
    1.7041
    1.7329
    1.7629
    1.7751
    1.8140
    1.8332
    1.8434
    1.8441
    1.8732
    1.8899
    1.9102
    1.9332
    1.9645
    1.9833
    1.9976
    2.0375
    2.0670
    2.1114
    2.1113
    2.1382
    2.1633
    2.1885
    2.1944
    2.2023
    2.2265
    2.2532
    2.2694
    2.3205
    2.3367
    2.3809
    2.4069
    2.4552
    2.4761
    2.5154
    2.5237
    2.5439
    2.5752
    2.6033
    2.6419
    2.6846
    2.7141
    2.7300
    2.7579
    2.7825
    2.8288
    2.8599
    2.8918
    2.8884
    2.8929
    2.8960
    2.8748
    2.8791
    2.8812
    2.9010
    2.8702
    2.8971
    2.8895
    2.9069
    2.9219
    2.9177
    2.9331
    2.9304
    2.8997
    2.8958
    2.9108
    2.9290
    2.9488
    2.9507
    2.9611
    2.8834
    2.8331
    2.8290
    2.8011
    2.8043
    2.7737
    2.7707
    2.7766
    2.7959
    2.7397
    2.7132
    2.6764
    2.6606
    2.6568
    2.6489
    2.6191
    2.5857
    2.5189
    2.5081
    2.5003
    2.4730
    2.4560
    2.4245
    2.3946
    2.3630
    2.3351
    2.3150
    2.2758
    2.2631
    2.2358
    2.2146
    2.1895
    2.1684
    2.1284
    2.1324
    2.1125
    2.1065
    2.0798
    2.0526
    2.0161
    1.9845
    1.9188
    1.8918
    1.8781
    1.8640
    1.8622
    1.8615
    1.8549
    1.8415
    1.8191
    1.7937
    1.7818
    1.7578
    1.7371
    1.7186
    1.7154
    1.6892
    1.6835
    1.6596
    1.6483
    1.6436
    1.6396
    1.6329
    1.6307
    1.6317
    1.6243
    1.6198
    1.6295
    1.6294
    1.6352
    1.6316
    1.6305
    1.6175
    1.6213
    1.5975
    1.5936
    1.5941
    1.5944
    1.5947
    1.5954
    1.5924
    1.5918
    1.5975
    1.5866
    1.5943
    1.5759
    1.5728
    1.5722
    1.5673
    1.5512
    1.5377
    1.5350
    1.5241
    1.5261
    1.5288
    1.5231
    1.5257
    1.5335
    1.5185
    1.5127
    1.5000
    1.4947
    1.4885
    1.4748
    1.4775
    1.4605
    1.4613
    1.4724
    1.4704
    1.4669
    1.4595
    1.4676
    1.4526
    1.4569
    1.4485
    1.4569
    1.4544
    1.4568
    1.4379
    1.4345
    1.4267
    1.4289
    1.4287
    1.4264
    1.4300
    1.4272
    1.4284
    1.4359
    1.4381
    1.4401
    1.4402
    1.4391
    1.4345
    1.4437
    1.4403
    1.4407
    1.4427
    1.4403
    1.4461
    1.4571
    1.4609
    1.4621
    1.4749
    1.4759
    1.4801
    1.4821
    1.4840
    1.5003
    1.4968
    1.5069
    1.5057
    1.5049
    1.5105
    1.5089
    1.5135
    1.5153
    1.5247
    1.5291
    1.5337
    1.5386
    1.5373
    1.5399
    1.5442
    1.5480
    1.5602
    1.5674
    1.5733
    1.5786
    1.5802
    1.5807
    1.5818
    1.5798
    1.5877
    1.5914
    1.5893
    1.5876
    1.5899
    1.5948
    1.5965
    1.5990
    1.6107
    1.6127
    1.6174
    1.6159
    1.6223
    1.6278
    1.6343
    1.6415
    1.6427
    1.6450
    1.6483
    1.6517
    1.6587
    1.6672
    1.6746
    1.6807
    1.6894
    1.6907
    1.6916
    1.6993
    1.7100
    1.7111
    1.7182
    1.7243
    1.7350
    1.7450
    1.7561
    1.7568
    1.7606
    1.7662
    1.7749
    1.7843
    1.7975
    1.8132
    1.8303
    1.8424
    1.8425
    1.8651
    1.8780
    1.8948
    1.9041
    1.9208
    1.9242
    1.9264
    1.9278
    1.9281
    1.9385
    1.9495
    1.9600
    1.9806
    1.9918
    2.0131
    2.0273
    2.0488
    2.0491
    2.0591
    2.0838
    2.1010
    2.1210
    2.1267
    2.1440
    2.1543
    2.1658
    2.1661
    2.1769
    2.1918
    2.2003
    2.2104
    2.2257
    2.2240
    2.2153
    2.2180
    2.2178
    2.2181
    2.2303
    2.2364
    2.2554
    2.2578
    2.2884
    2.3048
    2.3182
    2.3149
    2.3156
    2.3166
    2.3217
    2.3304
    2.3367
    2.3296
    2.3270
    2.3320
    2.3418
    2.3422
    2.3325
    2.3708
    2.3852
    2.3950
    2.4176
    2.4498
    2.4816
    2.4991
    2.4991
    2.5057
    2.5387
    2.5389
    2.5215
    2.5409
    2.5404
    2.5353
    2.5466
    2.5466
    2.5870
    2.6139
    2.6660
    2.6884
    2.7190
    2.7728
    2.7911
    2.8595
    2.8595
    2.8942
    2.9265
    2.8857
    2.9258
    2.9595
    3.0016
    2.9654
    3.0348
    3.0369
    3.0369
    3.1037
    3.1068
    3.1352
    3.1873
    3.1931
    3.3090
    3.3700
    3.4466
    3.4466
    3.4625
    3.5180
    3.5792
    3.6617
    3.7066
    3.7842
    3.8417
    3.7668
    3.7668
    3.7744
    3.7750
    3.8472
    3.9624
    4.0167
    4.1742
    4.1551
    4.1959
    4.1959
    4.2329
    4.2802
    4.3496
    4.3147
    4.2203
    4.4307
    4.4714
    4.6142
    4.6142
    4.4430
    4.6121
    4.5576
    4.7649
    4.6496
    4.7799
    4.5886
    4.7385
    4.7385
    4.5882
    4.7185
    4.7219
    4.7409
    4.8353
    4.7006
    4.7931
    4.5905
    4.8016
    4.8016
    4.7526
    4.7727
    4.6556
    4.6344
    4.7065
    4.7177
    4.6264
    4.5956
    4.5956
    4.3684
    4.5032
    4.3752
    4.5476
    4.5791
    4.7145
    4.7561
    4.8377
    4.8377
    4.9315
    4.9410
    4.8660
    4.9534
    4.8048
    5.0132
