    0.3563
    0.4623
    0.4580
    0.7594
    0.3988
    0.6299
    0.9721
    0.6856
    0.8105
    0.6036
    0.7822
    0.8249
    1.3590
    1.3578
    1.5981
    1.8776
    2.6443
    3.1094
    2.5956
    3.0677
    3.2214
    3.0494
    3.0615
    3.7333
    4.1331
    3.4572
    3.0206
    2.7319
    2.6722
    2.3397
    2.3457
    2.2579
    3.1386
    3.2759
    3.5829
    3.6715
    3.9801
    4.0857
    3.8913
    4.0003
    3.9697
    3.3115
    3.6430
    3.6797
    3.8214
    3.6607
    3.6020
    3.4674
    3.6186
    3.5275
    3.4443
    3.6612
    4.2761
    4.1619
    4.0871
    3.8846
    3.8412
    3.1729
    3.0950
    3.1558
    3.1585
    3.1187
    2.6759
    2.6044
    2.5732
    2.2639
    1.9129
    1.7526
    1.6193
    1.5911
    1.4908
    1.4913
    1.4645
    1.5551
    1.4374
    1.4537
    1.4147
    1.3479
    1.3196
    1.2785
    1.2548
    1.3001
    1.2611
    1.2109
    1.2651
    1.2372
    1.2978
    1.3092
    1.2149
    1.1161
    1.0913
    1.0678
    0.9918
    0.9587
    0.9268
    0.9091
    0.8587
    0.9095
    0.9104
    0.9601
    0.9996
    1.0279
    1.0183
    1.0106
    1.0295
    1.0531
    1.0356
    1.0413
    1.0258
    1.0252
    1.0303
    1.0605
    1.1112
    1.1362
    1.0954
    1.1154
    1.0473
    1.1378
    1.1558
    1.1830
    1.1518
    1.1339
    1.0675
    1.0561
    1.0884
    1.0802
    1.0521
    1.0286
    1.0138
    1.0219
    1.0776
    1.0924
    1.1220
    1.1707
    1.1796
    1.1893
    1.1837
    1.1863
    1.2177
    1.1775
    1.1578
    1.1631
    1.1452
    1.1600
    1.1858
    1.1840
    1.1691
    1.1824
    1.1833
    1.1943
    1.1986
    1.2109
    1.2447
    1.2517
    1.3199
    1.3156
    1.2895
    1.2654
    1.2676
    1.2604
    1.3108
    1.3449
    1.3224
    1.2566
    1.2456
    1.2154
    1.2239
    1.2053
    1.1774
    1.1358
    1.1198
    1.1387
    1.1597
    1.1298
    1.1181
    1.0889
    1.1237
    1.1363
    1.1492
    1.1522
    1.1443
    1.1448
    1.1321
    1.1277
    1.1345
    1.1178
    1.1306
    1.1330
    1.1471
    1.1174
    1.1091
    1.0846
    1.0905
    1.0774
    1.0656
    1.0592
    1.0639
    1.0821
    1.0925
    1.0949
    1.0908
    1.0942
    1.0423
    1.0184
    1.0350
    1.0454
    1.0484
    1.0555
    1.0427
    1.0472
    1.0410
    1.0476
    1.0543
    1.0680
    1.0813
    1.0732
    1.0718
    1.0763
    1.0908
    1.1042
    1.1065
    1.1206
    1.1130
    1.1048
    1.0844
    1.0886
    1.0989
    1.1058
    1.0969
    1.0926
    1.0855
    1.0764
    1.0942
    1.0909
    1.0870
    1.0850
    1.0648
    1.0488
    1.0522
    1.0627
    1.0667
    1.0996
    1.0940
    1.1067
    1.1306
    1.1303
    1.1443
    1.1366
    1.1378
    1.1324
    1.1254
    1.1111
    1.1117
    1.1143
    1.1432
    1.1488
    1.1434
    1.1296
    1.1379
    1.1365
    1.1511
    1.1694
    1.1964
    1.1677
    1.1844
    1.1864
    1.1636
    1.1832
    1.1496
    1.1348
    1.1322
    1.1194
    1.1082
    1.0872
    1.0974
    1.0954
    1.0952
    1.0901
    1.0697
    1.0756
    1.0543
    1.0720
    1.0708
    1.0753
    1.0661
    1.0631
    1.0660
    1.0682
    1.0732
    1.0870
    1.1093
    1.1145
    1.1143
    1.0937
    1.1079
    1.1364
    1.1451
    1.1667
    1.1763
    1.1864
    1.1952
    1.1844
    1.1617
    1.1586
    1.1412
    1.1328
    1.1327
    1.1437
    1.1605
    1.1427
    1.1383
    1.1482
    1.1497
    1.1464
    1.1425
    1.1507
    1.1520
    1.1565
    1.1450
    1.1613
    1.1575
    1.1443
    1.1478
    1.1541
    1.1526
    1.1464
    1.1519
    1.1492
    1.1527
    1.1568
    1.1652
    1.1680
    1.1773
    1.1821
    1.1810
    1.2208
    1.2215
    1.2423
    1.2733
    1.2804
    1.2862
    1.2969
    1.3306
    1.3413
    1.3519
    1.3513
    1.3710
    1.3581
    1.3742
    1.3922
    1.4109
    1.4371
    1.4506
    1.4769
    1.4770
    1.4908
    1.5056
    1.5128
    1.5298
    1.5141
    1.5273
    1.5303
    1.5373
    1.5394
    1.5160
    1.5039
    1.4906
    1.4923
    1.4909
    1.5057
    1.5096
    1.5160
    1.5092
    1.5189
    1.5253
    1.5356
    1.5245
    1.5276
    1.5129
    1.5357
    1.5591
    1.5568
    1.5665
    1.6068
    1.5996
    1.6092
    1.6061
    1.5953
    1.5697
    1.5841
    1.6084
    1.6038
    1.5934
    1.5864
    1.6013
    1.6094
    1.6193
    1.6175
    1.6127
    1.6245
    1.6300
    1.6340
    1.6310
    1.6314
    1.6358
    1.6390
    1.6514
    1.6700
    1.6946
    1.7062
    1.7162
    1.7154
    1.7052
    1.7096
    1.7144
    1.7121
    1.7095
    1.7092
    1.7122
    1.7061
    1.7188
    1.7220
    1.7029
    1.6889
    1.6806
    1.6877
    1.6654
    1.6646
    1.6525
    1.6470
    1.6446
    1.6483
    1.6413
    1.6493
    1.6659
    1.6653
    1.6420
    1.6602
    1.6363
    1.6251
    1.6281
    1.6083
    1.6036
    1.6077
    1.5941
    1.5881
    1.5648
    1.5780
    1.5711
    1.5945
    1.5754
    1.5848
    1.5810
    1.5620
    1.5660
    1.5673
    1.5858
    1.5772
    1.5938
    1.5960
    1.5966
    1.6249
    1.6191
    1.6173
    1.5914
    1.5956
    1.6014
    1.6125
    1.6153
    1.6066
    1.5950
    1.5838
    1.5720
    1.5566
    1.5550
    1.5503
    1.5399
    1.5504
    1.5521
    1.5539
    1.5580
    1.5706
    1.5381
    1.5344
    1.5362
    1.5415
    1.5386
    1.5552
    1.5478
    1.5580
    1.5585
    1.5461
    1.5428
    1.5582
    1.5624
    1.5782
    1.5762
    1.5652
    1.5590
    1.5635
    1.5686
    1.5808
    1.5680
    1.5639
    1.5676
    1.5697
    1.5735
    1.5804
    1.5720
    1.5841
    1.6024
    1.6057
    1.5911
    1.5945
    1.6151
    1.6050
    1.6001
    1.5886
    1.5902
    1.5994
    1.5988
    1.5871
    1.6054
    1.6102
    1.6103
    1.5901
    1.5771
    1.5804
    1.5907
    1.5708
    1.5594
    1.5732
    1.5711
    1.5747
    1.5624
    1.5410
    1.5303
    1.5270
    1.5037
    1.4993
    1.4967
    1.5038
    1.4942
    1.4881
    1.4776
    1.4837
    1.4929
    1.4798
    1.5048
    1.5367
    1.5354
    1.5404
    1.5385
    1.5264
    1.5239
    1.5264
    1.5254
    1.5355
    1.5259
    1.5167
    1.5118
    1.5101
    1.5117
    1.5155
    1.5229
    1.5150
    1.5027
    1.5236
    1.5230
    1.5107
    1.5332
    1.5615
    1.5626
    1.5554
    1.5277
    1.5172
    1.5308
    1.5261
    1.5163
    1.5209
    1.5238
    1.5225
    1.5308
    1.5398
    1.5529
    1.5525
    1.5546
    1.5403
    1.5427
    1.5364
    1.5167
    1.5096
    1.5075
    1.5014
    1.4952
    1.4966
    1.5102
    1.5085
    1.5117
    1.5094
    1.5154
    1.5063
    1.5049
    1.4974
    1.4835
    1.4896
    1.4870
    1.4824
    1.4959
    1.4861
    1.4799
    1.4753
    1.4797
    1.4752
    1.4607
    1.4634
    1.4595
    1.4559
    1.4639
    1.4544
    1.4298
    1.4195
    1.4045
    1.3951
    1.3825
    1.3793
    1.3654
    1.3604
    1.3700
    1.3690
    1.3616
    1.3632
    1.3544
    1.3681
    1.3708
    1.3698
    1.3553
    1.3480
    1.3482
    1.3414
    1.3441
    1.3423
    1.3397
    1.3367
    1.3321
    1.3340
    1.3320
    1.3303
    1.3288
    1.3273
    1.3252
    1.3438
    1.3437
    1.3500
    1.3576
    1.3557
    1.3531
    1.3531
    1.3559
    1.3511
    1.3481
    1.3604
    1.3671
    1.3760
    1.3807
    1.3713
    1.3783
    1.3701
    1.3833
    1.3776
    1.3633
    1.3690
    1.3585
    1.3605
    1.3653
    1.3536
    1.3438
    1.3189
    1.3084
    1.2575
    1.2478
    1.2434
    1.2287
    1.2206
    1.2233
    1.2138
    1.2029
    1.1927
    1.1613
    1.1462
    1.1380
    1.1221
    1.1035
    1.1009
    1.0854
    1.0911
    1.0922
    1.0923
    1.0789
    1.0675
    1.0677
    1.0676
    1.0639
    1.0624
    1.0690
    1.0689
    1.0764
    1.0777
    1.0817
    1.0750
    1.0768
    1.0773
    1.0840
    1.0856
    1.0937
    1.0862
    1.0898
    1.1126
    1.1187
    1.1230
    1.1192
    1.1338
    1.1373
    1.1544
    1.1657
    1.1751
    1.1891
    1.1943
    1.2040
    1.2155
    1.2129
    1.2323
    1.2318
    1.2596
    1.2740
    1.2999
    1.3238
    1.3373
    1.3373
    1.3547
    1.3665
    1.3732
    1.3806
    1.4166
    1.4264
    1.4635
    1.4838
    1.5017
    1.5205
    1.5319
    1.5427
    1.5470
    1.5464
    1.5406
    1.5313
    1.5093
    1.4918
    1.4824
    1.4639
    1.4276
    1.4004
    1.3859
    1.3699
    1.3560
    1.3346
    1.3222
    1.3154
    1.2899
    1.2917
    1.2800
    1.2757
    1.2690
    1.2637
    1.2561
    1.2479
    1.2387
    1.2339
    1.2331
    1.2317
    1.2284
    1.2307
    1.2336
    1.2359
    1.2351
    1.2332
    1.2341
    1.2324
    1.2347
    1.2341
    1.2339
    1.2353
    1.2352
    1.2256
    1.2252
    1.2243
    1.2215
    1.2227
    1.2213
    1.2183
    1.2161
    1.2160
    1.2165
    1.2184
    1.2184
    1.2199
    1.2210
    1.2208
    1.2195
    1.2156
    1.2134
    1.2113
    1.2071
    1.2036
    1.2000
    1.1985
    1.1969
    1.1898
    1.1889
    1.1860
    1.1862
    1.1788
    1.1775
    1.1759
    1.1742
    1.1719
    1.1692
    1.1694
    1.1708
    1.1678
    1.1663
    1.1672
    1.1671
    1.1627
    1.1609
    1.1594
    1.1586
    1.1563
    1.1548
    1.1549
    1.1549
    1.1564
    1.1566
    1.1580
    1.1593
    1.1592
    1.1612
    1.1623
    1.1646
    1.1677
    1.1702
    1.1743
    1.1790
    1.1799
    1.1835
    1.1888
    1.1920
    1.2068
    1.2107
    1.2124
    1.2161
    1.2198
    1.2197
    1.2188
    1.2196
    1.2219
    1.2241
    1.2279
    1.2360
    1.2413
    1.2453
    1.2453
    1.2472
    1.2484
    1.2504
    1.2514
    1.2555
    1.2529
    1.2528
    1.2550
    1.2549
    1.2615
    1.2624
    1.2632
    1.2630
    1.2625
    1.2623
    1.2615
    1.2598
    1.2601
    1.2599
    1.2566
    1.2553
    1.2544
    1.2553
    1.2559
    1.2534
    1.2499
    1.2467
    1.2464
    1.2443
    1.2413
    1.2402
    1.2375
    1.2292
    1.2298
    1.2230
    1.2189
    1.2188
    1.2189
    1.2122
    1.2104
    1.2045
    1.1997
    1.1960
    1.1966
    1.1894
    1.1894
    1.1875
    1.1830
    1.1789
    1.1788
    1.1695
    1.1676
    1.1542
    1.1485
    1.1485
    1.1459
    1.1314
    1.1193
    1.1127
    1.1111
    1.1027
    1.0965
    1.0917
    1.0917
    1.0874
    1.0773
    1.0676
    1.0643
    1.0451
    1.0341
    1.0224
    1.0097
    0.9976
    0.9976
    0.9809
    0.9753
    0.9644
    0.9591
    0.9536
    0.9454
    0.9404
    0.9354
    0.9354
    0.9333
    0.9351
    0.9365
    0.9419
    0.9524
    0.9585
    0.9669
    0.9750
    0.9750
    0.9863
    0.9939
    0.9988
    1.0100
    1.0206
    1.0206
    1.0294
    1.0318
    1.0318
    1.0384
    1.0409
    1.0469
    1.0577
    1.0656
    1.0697
    1.0780
    1.0806
    1.0806
    1.0770
    1.0836
    1.0813
    1.0748
    1.0735
    1.0725
    1.0714
    1.0805
    1.0805
    1.0803
    1.0860
    1.0816
    1.0800
    1.0874
    1.0814
    1.0716
    1.0767
    1.0949
    1.0949
    1.0918
    1.0982
    1.1040
    1.1033
    1.1091
    1.1090
    1.1160
    1.1108
    1.1108
    1.1112
    1.1130
    1.1108
    1.1129
    1.1076
    1.1024
    1.1041
    1.1066
    1.1066
    1.1151
    1.1293
    1.1359
    1.1427
    1.1700
    1.1958
