   19.5882
   14.1195
    8.3054
    9.1820
    8.8274
   11.8149
    5.7421
    2.6712
    5.0718
    5.1063
    4.2475
    5.7415
    6.0934
    5.0207
    3.8681
    2.8746
    2.7334
    3.5029
    3.8659
    4.5972
    5.5841
    5.0220
    5.1176
    5.0824
    4.3367
    4.9379
    5.0554
    5.1300
    4.9887
    4.6746
    3.7163
    3.6264
    2.9348
    2.5230
    2.7574
    2.3891
    2.5482
    2.3489
    2.0101
    1.8424
    1.9575
    1.8460
    1.5478
    1.2479
    1.1851
    1.3479
    1.1574
    1.1371
    1.2022
    1.1417
    1.0185
    0.9389
    0.9611
    0.9986
    1.0009
    1.0445
    1.0404
    0.9566
    0.9437
    0.9120
    0.9083
    0.9249
    0.9020
    0.9368
    0.8837
    0.9153
    0.9137
    0.9383
    0.9373
    0.9294
    0.9219
    0.8949
    0.9610
    0.9288
    0.9195
    0.9846
    1.0048
    0.9493
    1.0511
    1.0538
    1.2186
    1.2441
    1.2733
    1.3077
    1.1890
    1.1962
    1.2372
    1.2177
    1.2355
    1.2523
    1.2733
    1.2614
    1.2396
    1.3451
    1.4715
    1.4452
    1.3822
    1.3892
    1.3271
    1.3759
    1.3314
    1.2823
    1.3023
    1.2942
    1.2507
    1.2359
    1.2278
    1.2206
    1.2297
    1.2200
    1.1710
    1.1803
    1.1532
    1.1250
    1.1377
    1.1129
    1.1461
    1.0807
    1.0565
    1.0773
    1.0697
    1.0625
    1.0235
    1.0392
    1.0453
    1.0419
    1.0550
    1.0388
    1.0961
    1.0787
    1.0597
    1.1014
    1.0616
    1.0890
    1.0633
    1.0269
    1.0073
    1.0150
    1.0200
    1.0702
    1.0830
    1.1074
    1.1280
    1.1112
    1.1157
    1.0809
    1.1049
    1.0505
    1.0999
    1.1028
    1.0715
    1.0658
    1.1001
    1.0926
    1.1124
    1.1210
    1.1437
    1.1463
    1.1084
    1.1227
    1.0967
    1.0464
    1.0628
    1.0701
    1.0633
    1.0325
    0.9960
    1.0040
    1.0014
    1.0149
    1.0031
    0.9761
    0.9792
    0.9683
    0.9617
    0.9512
    0.9265
    0.9092
    0.9053
    0.8953
    0.8940
    0.9011
    0.9148
    0.9372
    0.8985
    0.9018
    0.9247
    0.9333
    0.9391
    0.9366
    0.9167
    0.8895
    0.8785
    0.8738
    0.8441
    0.8324
    0.8175
    0.8131
    0.7953
    0.7835
    0.7978
    0.8004
    0.8005
    0.8065
    0.7918
    0.7792
    0.7596
    0.7562
    0.7530
    0.7518
    0.7502
    0.7395
    0.7229
    0.7201
    0.7204
    0.7343
    0.7336
    0.7254
    0.7168
    0.7215
    0.7113
    0.7118
    0.7200
    0.7205
    0.7184
    0.7105
    0.7132
    0.6998
    0.7031
    0.6901
    0.6879
    0.6796
    0.6837
    0.6734
    0.6648
    0.6554
    0.6634
    0.6540
    0.6570
    0.6564
    0.6544
    0.6538
    0.6498
    0.6547
    0.6700
    0.6742
    0.6786
    0.6810
    0.6931
    0.6938
    0.6944
    0.7090
    0.6993
    0.6974
    0.6956
    0.7002
    0.6926
    0.6974
    0.7004
    0.7046
    0.7064
    0.7130
    0.7184
    0.7290
    0.7306
    0.7324
    0.7397
    0.7530
    0.7530
    0.7542
    0.7520
    0.7480
    0.7441
    0.7419
    0.7461
    0.7473
    0.7473
    0.7540
    0.7581
    0.7534
    0.7481
    0.7492
    0.7481
    0.7528
    0.7565
    0.7577
    0.7640
    0.7665
    0.7665
    0.7716
    0.7697
    0.7676
    0.7685
    0.7704
    0.7713
    0.7782
    0.7812
    0.7828
    0.7812
    0.7803
    0.7824
    0.7878
    0.7838
    0.7842
    0.7865
    0.7921
    0.7938
    0.7910
    0.7894
    0.7920
    0.7909
    0.7942
    0.7941
    0.7909
    0.7894
    0.7923
    0.7944
    0.8038
    0.8048
    0.8043
    0.8095
    0.8104
    0.8099
    0.8213
    0.8181
    0.8172
    0.8099
    0.8072
    0.8111
    0.8082
    0.8063
    0.8038
    0.8030
    0.8024
    0.8003
    0.8014
    0.7957
    0.8002
    0.8019
    0.7975
    0.8011
    0.8041
    0.8142
    0.8152
    0.8172
    0.8161
    0.8152
    0.8161
    0.8167
    0.8188
    0.8129
    0.8192
    0.8265
    0.8197
    0.8187
    0.8264
    0.8274
    0.8302
    0.8280
    0.8305
    0.8274
    0.8256
    0.8215
    0.8256
    0.8269
    0.8326
    0.8366
    0.8532
    0.8450
    0.8368
    0.8393
    0.8434
    0.8368
    0.8341
    0.8312
    0.8306
    0.8329
    0.8400
    0.8404
    0.8445
    0.8536
    0.8629
    0.8620
    0.8612
    0.8624
    0.8675
    0.8702
    0.8648
    0.8654
    0.8621
    0.8680
    0.8664
    0.8571
    0.8619
    0.8594
    0.8580
    0.8646
    0.8691
    0.8633
    0.8636
    0.8664
    0.8692
    0.8703
    0.8725
    0.8617
    0.8594
    0.8603
    0.8509
    0.8542
    0.8548
    0.8675
    0.8658
    0.8586
    0.8637
    0.8672
    0.8684
    0.8752
    0.8792
    0.8706
    0.8694
    0.8712
    0.8753
    0.8761
    0.8788
    0.8841
    0.8830
    0.8828
    0.8928
    0.8941
    0.8994
    0.8979
    0.8965
    0.9094
    0.9147
    0.9187
    0.9223
    0.9239
    0.9240
    0.9252
    0.9253
    0.9221
    0.9265
    0.9233
    0.9223
    0.9217
    0.9353
    0.9351
    0.9410
    0.9366
    0.9384
    0.9388
    0.9397
    0.9455
    0.9354
    0.9551
    0.9663
    0.9671
    0.9676
    0.9683
    0.9724
    0.9800
    0.9781
    0.9758
    0.9710
    0.9801
    0.9937
    0.9924
    1.0024
    1.0003
    1.0014
    0.9997
    1.0048
    1.0056
    1.0204
    1.0223
    1.0240
    1.0263
    1.0274
    1.0312
    1.0298
    1.0271
    1.0376
    1.0424
    1.0602
    1.0635
    1.0651
    1.0698
    1.0802
    1.0833
    1.0940
    1.0969
    1.0926
    1.0985
    1.1078
    1.1144
    1.1251
    1.1307
    1.1369
    1.1358
    1.1272
    1.1310
    1.1356
    1.1340
    1.1336
    1.1323
    1.1354
    1.1468
    1.1538
    1.1614
    1.1658
    1.1749
    1.1730
    1.1796
    1.1878
    1.1888
    1.1855
    1.1906
    1.1906
    1.1971
    1.2135
    1.2227
    1.2169
    1.2102
    1.2259
    1.2317
    1.2187
    1.2226
    1.2314
    1.2409
    1.2322
    1.2444
    1.2445
    1.2548
    1.2482
    1.2491
    1.2774
    1.2900
    1.3022
    1.3080
    1.3057
    1.3086
    1.3018
    1.3133
    1.3160
    1.3102
    1.3094
    1.3184
    1.3281
    1.3242
    1.3161
    1.3193
    1.3145
    1.3186
    1.3384
    1.3339
    1.3474
    1.3551
    1.3658
    1.3629
    1.3637
    1.3779
    1.3771
    1.3834
    1.3785
    1.3875
    1.3845
    1.3904
    1.4017
    1.3961
    1.4057
    1.4169
    1.4307
    1.4246
    1.4233
    1.4323
    1.4265
    1.4262
    1.4321
    1.4338
    1.4318
    1.4301
    1.4433
    1.4499
    1.4581
    1.4627
    1.4572
    1.4535
    1.4599
    1.4601
    1.4664
    1.4713
    1.4714
    1.4859
    1.4737
    1.4824
    1.4841
    1.4930
    1.4926
    1.4915
    1.4955
    1.5020
    1.5051
    1.5128
    1.5198
    1.5240
    1.5260
    1.5190
    1.5235
    1.5281
    1.5303
    1.5339
    1.5427
    1.5434
    1.5424
    1.5487
    1.5544
    1.5560
    1.5615
    1.5731
    1.5864
    1.5995
    1.5998
    1.5963
    1.5947
    1.5905
    1.5918
    1.5880
    1.5902
    1.6042
    1.6177
    1.6183
    1.6149
    1.6209
    1.6296
    1.6298
    1.6306
    1.6508
    1.6578
    1.6609
    1.6578
    1.6575
    1.6729
    1.6781
    1.6843
    1.6909
    1.6955
    1.6948
    1.7015
    1.6957
    1.7018
    1.6985
    1.6940
    1.7004
    1.7021
    1.6978
    1.7003
    1.7048
    1.7176
    1.7289
    1.7296
    1.7242
    1.7081
    1.7278
    1.7359
    1.7451
    1.7499
    1.7617
    1.7640
    1.7589
    1.7435
    1.7351
    1.7257
    1.7261
    1.7278
    1.7213
    1.7204
    1.7192
    1.7218
    1.7303
    1.7447
    1.7472
    1.7589
    1.7686
    1.7826
    1.7830
    1.8158
    1.8225
    1.8300
    1.8318
    1.8312
    1.8225
    1.8354
    1.8445
    1.8450
    1.8709
    1.8810
    1.8926
    1.8871
    1.8979
    1.8881
    1.8780
    1.8697
    1.8769
    1.8815
    1.8809
    1.8790
    1.8731
    1.8653
    1.8719
    1.8685
    1.8727
    1.8634
    1.8652
    1.8562
    1.8382
    1.8309
    1.8377
    1.8498
    1.8327
    1.8323
    1.8349
    1.8381
    1.8384
    1.8363
    1.8314
    1.8301
    1.8193
    1.8150
    1.8154
    1.8181
    1.8144
    1.8160
    1.8112
    1.8049
    1.7958
    1.7896
    1.7920
    1.7871
    1.7911
    1.7959
    1.8019
    1.8006
    1.7981
    1.7937
    1.7986
    1.8055
    1.8087
    1.8138
    1.8097
    1.8000
    1.8064
    1.8191
    1.8176
    1.8187
    1.8328
    1.8334
    1.8290
    1.8308
    1.8311
    1.8240
    1.8209
    1.8163
    1.8108
    1.8227
    1.8309
    1.8330
    1.8307
    1.8227
    1.8205
    1.8233
    1.8275
    1.8353
    1.8388
    1.8373
    1.8315
    1.8302
    1.8386
    1.8432
    1.8375
    1.8391
    1.8351
    1.8285
    1.8283
    1.8235
    1.8251
    1.8268
    1.8355
    1.8362
    1.8391
    1.8452
    1.8481
    1.8497
    1.8469
    1.8456
    1.8470
    1.8489
    1.8468
    1.8460
    1.8439
    1.8434
    1.8517
    1.8447
    1.8398
    1.8342
    1.8310
    1.8334
    1.8379
    1.8379
    1.8251
    1.8247
    1.8238
    1.8252
    1.8255
    1.8308
    1.8323
    1.8319
    1.8305
    1.8356
    1.8372
    1.8407
    1.8443
    1.8416
    1.8452
    1.8446
    1.8447
    1.8470
    1.8457
    1.8462
    1.8412
    1.8381
    1.8379
    1.8393
    1.8441
    1.8531
    1.8532
    1.8478
    1.8449
    1.8435
    1.8438
    1.8463
    1.8426
    1.8463
    1.8522
    1.8522
    1.8596
    1.8685
    1.8751
    1.8798
    1.8804
    1.8770
    1.8744
    1.8744
    1.8743
    1.8661
    1.8705
    1.8643
    1.8569
    1.8583
    1.8507
    1.8479
    1.8338
    1.8338
    1.8353
    1.8251
    1.8148
    1.8102
    1.8039
    1.7988
    1.7997
    1.8043
    1.8043
    1.7961
    1.7941
    1.7960
    1.7778
    1.7779
    1.7676
    1.7548
    1.7529
    1.7529
    1.7501
    1.7541
    1.7633
    1.7693
    1.7629
    1.7591
    1.7599
    1.7620
    1.7627
    1.7627
    1.7644
    1.7743
    1.7660
    1.7678
    1.7623
    1.7675
    1.7768
    1.7806
    1.7806
    1.7934
    1.8166
    1.8284
    1.8278
    1.8083
    1.8076
    1.8261
    1.8268
    1.8268
    1.8263
    1.8233
    1.8232
    1.8273
    1.8348
    1.8481
    1.8672
    1.8715
    1.8715
    1.8760
    1.8766
    1.8779
    1.8917
    1.8920
    1.8959
    1.9120
    1.9280
    1.9280
    1.9326
    1.9484
    1.9421
    1.9584
    1.9593
    1.9532
    1.9412
    1.9559
    1.9559
    1.9653
    1.9679
    1.9733
    1.9595
    1.9534
    1.9402
    1.9504
    1.9575
    1.9917
    1.9917
    1.9843
    1.9489
    1.9439
    1.9402
    1.9383
    1.8977
    1.8954
    1.9076
    1.9076
    1.9011
    1.8879
    1.9102
    1.9195
    1.9371
    1.9652
    1.9913
    1.9480
    1.9480
    1.9352
    1.9227
    1.9259
    1.9584
    1.9626
    1.9859
    1.9717
    1.9370
    1.9370
    1.9018
    1.8813
    1.8943
    1.9213
    1.9424
    1.9514
    1.9040
    1.8824
    1.8824
    1.9071
    1.8974
    1.9075
    1.9476
    1.9426
    1.9337
    1.9905
    1.9903
    1.9903
    1.9983
    1.9560
    1.9542
    1.9249
    1.9098
    1.8915
    1.8453
    1.8460
    1.8699
    1.8699
    1.8735
    1.8645
    1.8935
    1.9006
    1.9149
    1.9231
    1.9654
    1.8807
    1.8807
    1.8580
    1.8712
    1.9635
    2.0233
    2.0508
    2.0222
    1.9128
    1.9402
    1.9402
    2.0801
    2.1352
    2.1791
    2.1980
    2.1724
    2.1442
