    3.1686	    3.9032
    2.6077	    2.7085
    1.9416	    0.6431
    2.4323	    0.5551
    1.7569	    0.6305
    1.4480	    0.7967
    2.0343	    1.3114
    1.4265	    0.6969
    1.2160	    0.7524
    1.1821	    0.7407
    1.3723	    0.7962
    1.3762	    0.7857
    1.4483	    0.7136
    1.3779	    0.6037
    1.5709	    0.5787
    1.9604	    1.6055
    2.0644	    2.0510
    1.4630	    0.9981
    1.4744	    1.0642
    1.4184	    1.0722
    1.1037	    0.4732
    0.9144	    0.1187
    1.2268	    0.8963
    1.1849	    0.7593
    1.1921	    0.5097
    1.3145	    0.5327
    1.2605	    0.1950
    1.1200	    0.5103
    1.1012	    0.6204
    1.0840	    0.6360
    1.1163	    0.7079
    1.0724	    0.6543
    1.0330	    0.6672
    1.1393	    0.7197
    1.2113	    0.7696
    1.3113	    0.7436
    1.3479	    0.8183
    1.4780	    0.8811
    1.5701	    0.7923
    1.6918	    0.7983
    1.8590	    0.9828
    2.1063	    0.9818
    1.9533	    1.0313
    1.9440	    1.1008
    1.9772	    1.1774
    2.0221	    1.1496
    1.8970	    1.1241
    1.9354	    1.1652
    2.1167	    1.2728
    2.0853	    1.3710
    2.1321	    1.3970
    2.0901	    1.3893
    2.0191	    1.3434
    2.0178	    1.3280
    1.9792	    1.3063
    2.0019	    1.2963
    1.9819	    1.2892
    2.0512	    1.3278
    2.0673	    1.3354
    2.0984	    1.3329
    2.0746	    1.2510
    2.0974	    1.2344
    1.9999	    1.2762
    2.0787	    1.3325
    2.1037	    1.3616
    2.0847	    1.3549
    2.0341	    1.2891
    2.0835	    1.3407
    2.1739	    1.3880
    2.0687	    1.3542
    2.1454	    1.4071
    2.1224	    1.3622
    2.0573	    1.3031
    1.9753	    1.2990
    1.9919	    1.3083
    2.1203	    1.3707
    2.1636	    1.3950
    2.1930	    1.3859
    2.1797	    1.3483
    2.1386	    1.3074
    2.1470	    1.3074
    2.0563	    1.2677
    2.0354	    1.2567
    2.0481	    1.2663
    2.0404	    1.2385
    1.9847	    1.1941
    1.9406	    1.1422
    1.9306	    1.1430
    1.8619	    1.0506
    1.8280	    1.0542
    1.8139	    1.0374
    1.7766	    0.9621
    1.6848	    0.8059
    1.7356	    0.7415
    1.7022	    0.6781
    1.6153	    0.6637
    1.5741	    0.6860
    1.5091	    0.7403
    1.4258	    0.7517
    1.3494	    0.7290
    1.3094	    0.7120
    1.2850	    0.6813
    1.2868	    0.6646
    1.2856	    0.6634
    1.2102	    0.6660
    1.1542	    0.6601
    1.1336	    0.6328
    1.0485	    0.6140
    1.0528	    0.6100
    1.0606	    0.6102
    1.0410	    0.6119
    1.0182	    0.6101
    1.0128	    0.6000
    1.0207	    0.6042
    1.0439	    0.6138
    1.0422	    0.6354
    1.0575	    0.6445
    1.0477	    0.6533
    1.0658	    0.6592
    1.0826	    0.6659
    1.1028	    0.6820
    1.0977	    0.6822
    1.0963	    0.6896
    1.0963	    0.6727
    1.1240	    0.6863
    1.1426	    0.7053
    1.1502	    0.7137
    1.1592	    0.7044
    1.1172	    0.6889
    1.1008	    0.6755
    1.0700	    0.6597
    1.1059	    0.6809
    1.1183	    0.6998
    1.1142	    0.6974
    1.0943	    0.7017
    1.1189	    0.7262
    1.0972	    0.7174
    1.0939	    0.7137
    1.1039	    0.7185
    1.1382	    0.7456
    1.1598	    0.7635
    1.1471	    0.7534
    1.1322	    0.7440
    1.1269	    0.7416
    1.1026	    0.7228
    1.0966	    0.7176
    1.0785	    0.7017
    1.0720	    0.6913
    1.0771	    0.6918
    1.0631	    0.6813
    1.0463	    0.6634
    1.0368	    0.6540
    1.0367	    0.6561
    1.0323	    0.6392
    1.0367	    0.6352
    1.0205	    0.6307
    1.0128	    0.6337
    1.0072	    0.6296
    1.0240	    0.6400
    1.0130	    0.6378
    1.0042	    0.6299
    1.0085	    0.6379
    1.0071	    0.6314
    1.0164	    0.6428
    1.0287	    0.6471
    1.0341	    0.6487
    1.0156	    0.6322
    1.0148	    0.6294
    1.0092	    0.6208
    1.0162	    0.6255
    1.0319	    0.6260
    1.0467	    0.6283
    1.0487	    0.6298
    1.0480	    0.6225
    1.0580	    0.6296
    1.0609	    0.6260
    1.0459	    0.6110
    1.0530	    0.6151
    1.0497	    0.6143
    1.0287	    0.6031
    1.0183	    0.6032
    1.0207	    0.6027
    1.0260	    0.6088
    1.0110	    0.6036
    1.0164	    0.6033
    1.0202	    0.5954
    1.0255	    0.6000
    1.0045	    0.5873
    1.0006	    0.5795
    0.9899	    0.5764
    0.9758	    0.5611
    0.9588	    0.5608
    0.9392	    0.5459
    0.9472	    0.5544
    0.9404	    0.5568
    0.9339	    0.5544
    0.9407	    0.5539
    0.9366	    0.5439
    0.9339	    0.5434
    0.9384	    0.5392
    0.9617	    0.5414
    0.9639	    0.5400
    0.9637	    0.5323
    0.9833	    0.5359
    0.9680	    0.5450
    0.9649	    0.5443
    0.9496	    0.5411
    0.9405	    0.5377
    0.9507	    0.5490
    0.9601	    0.5596
    0.9676	    0.5652
    0.9686	    0.5740
    0.9732	    0.5846
    0.9865	    0.5970
    0.9894	    0.6041
    0.9927	    0.6092
    0.9980	    0.6143
    1.0073	    0.6229
    1.0122	    0.6289
    1.0252	    0.6368
    1.0438	    0.6470
    1.0518	    0.6590
    1.0681	    0.6701
    1.0629	    0.6702
    1.0718	    0.6798
    1.0954	    0.6905
    1.1113	    0.6995
    1.1263	    0.7042
    1.1354	    0.7056
    1.1388	    0.7078
    1.1429	    0.7113
    1.1609	    0.7186
    1.1679	    0.7243
    1.1629	    0.7219
    1.1708	    0.7300
    1.1849	    0.7439
    1.1946	    0.7551
    1.2107	    0.7699
    1.2134	    0.7706
    1.2226	    0.7816
    1.2577	    0.8059
    1.2783	    0.8247
    1.3161	    0.8519
    1.3276	    0.8623
    1.3433	    0.8665
    1.3713	    0.8897
    1.3791	    0.8949
    1.3840	    0.8977
    1.3979	    0.9101
    1.4187	    0.9225
    1.4242	    0.9245
    1.4192	    0.9198
    1.4184	    0.9211
    1.4216	    0.9144
    1.4521	    0.9365
    1.4498	    0.9361
    1.4415	    0.9314
    1.4470	    0.9311
    1.4625	    0.9412
    1.4848	    0.9530
    1.4949	    0.9516
    1.5140	    0.9604
    1.5333	    0.9689
    1.5285	    0.9661
    1.5299	    0.9656
    1.5264	    0.9681
    1.5313	    0.9668
    1.5472	    0.9745
    1.5585	    0.9757
    1.5343	    0.9670
    1.5360	    0.9687
    1.5541	    0.9768
    1.5603	    0.9776
    1.5708	    0.9841
    1.5835	    0.9941
    1.5722	    0.9923
    1.5694	    0.9917
    1.5761	    0.9889
    1.5806	    0.9930
    1.5882	    0.9962
    1.5849	    0.9941
    1.5958	    0.9965
    1.5922	    0.9843
    1.5998	    0.9986
    1.5978	    1.0062
    1.6139	    1.0175
    1.6245	    1.0255
    1.6418	    1.0444
    1.6482	    1.0474
    1.6666	    1.0567
    1.6777	    1.0597
    1.6867	    1.0662
    1.7043	    1.0754
    1.7079	    1.0836
    1.7285	    1.0993
    1.7504	    1.1108
    1.7636	    1.1186
    1.7624	    1.1192
    1.7724	    1.1219
    1.7671	    1.1173
    1.7631	    1.1186
    1.7818	    1.1308
    1.7860	    1.1306
    1.7722	    1.1255
    1.7917	    1.1330
    1.7894	    1.1343
    1.7972	    1.1356
    1.8084	    1.1474
    1.7808	    1.1370
    1.7557	    1.1259
    1.7725	    1.1332
    1.7773	    1.1376
    1.7851	    1.1471
    1.7836	    1.1492
    1.7874	    1.1563
    1.7937	    1.1633
    1.7931	    1.1639
    1.8074	    1.1733
    1.8313	    1.1864
    1.8373	    1.1951
    1.8337	    1.1923
    1.8237	    1.1906
    1.8400	    1.2008
    1.8643	    1.2186
    1.8575	    1.2194
    1.8646	    1.2255
    1.8709	    1.2302
    1.8903	    1.2479
    1.8947	    1.2495
    1.8943	    1.2489
    1.8894	    1.2463
    1.8849	    1.2425
    1.8961	    1.2524
    1.9058	    1.2604
    1.9187	    1.2687
    1.9230	    1.2695
    1.9306	    1.2716
    1.9468	    1.2825
    1.9702	    1.2986
    1.9763	    1.3023
    1.9871	    1.3116
    1.9906	    1.3114
    1.9697	    1.2996
    1.9824	    1.3114
    1.9748	    1.3074
    1.9648	    1.3017
    1.9752	    1.3088
    1.9835	    1.3138
    1.9853	    1.3139
    1.9977	    1.3207
    1.9935	    1.3196
    1.9663	    1.3025
    1.9681	    1.3022
    1.9748	    1.3040
    1.9826	    1.3089
    1.9853	    1.3065
    1.9904	    1.3111
    1.9823	    1.3046
    1.9782	    1.3000
    1.9866	    1.3102
    1.9835	    1.3072
    1.9596	    1.2927
    1.9627	    1.2958
    1.9758	    1.3039
    1.9794	    1.3078
    1.9906	    1.3197
    1.9950	    1.3231
    2.0063	    1.3291
    2.0154	    1.3349
    2.0083	    1.3272
    2.0082	    1.3284
    2.0099	    1.3299
    1.9869	    1.3123
    1.9706	    1.2984
    1.9816	    1.3083
    1.9594	    1.2909
    1.9552	    1.2851
    1.9734	    1.2958
    1.9863	    1.2990
    1.9732	    1.2907
    1.9856	    1.3020
    1.9676	    1.2941
    1.9617	    1.2867
    1.9523	    1.2829
    1.9565	    1.2886
    1.9655	    1.2966
    1.9645	    1.2960
    1.9861	    1.3090
    2.0014	    1.3180
    2.0241	    1.3326
    2.0126	    1.3236
    2.0320	    1.3385
    2.0289	    1.3390
    2.0192	    1.3324
    2.0441	    1.3499
    2.0507	    1.3542
    2.0490	    1.3528
    2.0595	    1.3613
    2.0565	    1.3587
    2.0553	    1.3581
    2.0645	    1.3643
    2.0545	    1.3580
    2.0564	    1.3585
    2.0597	    1.3579
    2.0720	    1.3660
    2.0846	    1.3742
    2.0734	    1.3674
    2.0809	    1.3725
    2.1086	    1.3906
    2.1157	    1.3972
    2.1128	    1.3958
    2.1220	    1.4038
    2.1188	    1.4041
    2.1178	    1.4037
    2.1180	    1.4042
    2.1248	    1.4087
    2.1240	    1.4064
    2.1476	    1.4218
    2.1631	    1.4321
    2.1627	    1.4326
    2.1781	    1.4422
    2.1678	    1.4329
    2.1631	    1.4300
    2.1713	    1.4347
    2.1798	    1.4433
    2.1748	    1.4399
    2.1761	    1.4411
    2.1816	    1.4428
    2.1837	    1.4449
    2.2012	    1.4558
    2.2032	    1.4567
    2.2054	    1.4578
    2.2008	    1.4522
    2.1964	    1.4503
    2.1986	    1.4526
    2.2144	    1.4610
    2.2226	    1.4685
    2.2341	    1.4752
    2.2463	    1.4844
    2.2458	    1.4870
    2.2481	    1.4882
    2.2554	    1.4926
    2.2649	    1.4982
    2.2761	    1.5047
    2.2909	    1.5145
    2.3062	    1.5221
    2.3010	    1.5169
    2.3014	    1.5115
    2.3107	    1.5171
    2.3239	    1.5255
    2.3373	    1.5337
    2.3377	    1.5352
    2.3503	    1.5420
    2.3610	    1.5491
    2.3597	    1.5475
    2.3823	    1.5596
    2.3896	    1.5607
    2.3972	    1.5643
    2.4261	    1.5804
    2.4369	    1.5867
    2.4271	    1.5814
    2.4501	    1.5978
    2.4577	    1.6028
    2.4662	    1.6091
    2.4600	    1.6037
    2.4892	    1.6225
    2.4788	    1.6194
    2.4670	    1.6175
    2.4785	    1.6226
    2.4877	    1.6297
    2.4937	    1.6352
    2.4746	    1.6238
    2.4940	    1.6348
    2.5131	    1.6408
    2.5380	    1.6558
    2.5277	    1.6503
    2.5257	    1.6542
    2.5213	    1.6531
    2.5343	    1.6622
    2.5292	    1.6585
    2.5451	    1.6716
    2.5594	    1.6715
    2.5635	    1.6741
    2.5853	    1.6878
    2.5719	    1.6824
    2.5669	    1.6769
    2.5676	    1.6794
    2.5604	    1.6741
    2.5560	    1.6723
    2.5750	    1.6821
    2.5734	    1.6794
    2.5725	    1.6805
    2.5760	    1.6854
    2.5683	    1.6806
    2.5549	    1.6738
    2.5606	    1.6765
    2.5656	    1.6762
    2.5453	    1.6666
    2.5496	    1.6697
    2.5587	    1.6758
    2.5652	    1.6829
    2.5816	    1.6945
    2.5909	    1.6997
    2.5945	    1.7017
    2.5891	    1.6957
    2.5964	    1.7018
    2.6191	    1.7197
    2.6276	    1.7273
    2.6315	    1.7279
    2.6296	    1.7235
    2.6307	    1.7279
    2.6497	    1.7419
    2.6570	    1.7429
    2.6683	    1.7499
    2.6390	    1.7312
    2.6272	    1.7254
    2.6269	    1.7256
    2.6416	    1.7310
    2.6373	    1.7311
    2.6425	    1.7331
    2.6336	    1.7296
    2.6457	    1.7388
    2.6429	    1.7357
    2.6342	    1.7274
    2.6454	    1.7335
    2.6430	    1.7292
    2.6446	    1.7290
    2.6477	    1.7266
    2.6535	    1.7312
    2.6430	    1.7231
    2.6173	    1.7052
    2.6269	    1.7102
    2.6384	    1.7154
    2.6186	    1.7025
    2.6168	    1.7025
    2.6113	    1.7002
    2.6162	    1.7024
    2.6272	    1.7068
    2.6424	    1.7145
    2.6347	    1.7112
    2.6263	    1.7080
    2.6227	    1.7075
    2.6297	    1.7107
    2.6542	    1.7221
    2.6680	    1.7362
    2.6684	    1.7340
    2.6695	    1.7363
    2.6596	    1.7313
    2.6392	    1.7267
    2.6523	    1.7349
    2.6588	    1.7370
    2.6483	    1.7306
    2.6345	    1.7246
    2.6357	    1.7252
    2.6257	    1.7218
    2.6244	    1.7245
    2.6214	    1.7235
    2.6239	    1.7267
    2.6251	    1.7292
    2.6205	    1.7277
    2.6168	    1.7256
    2.6063	    1.7220
    2.6185	    1.7330
    2.6250	    1.7401
    2.6158	    1.7340
    2.6220	    1.7378
    2.6087	    1.7297
    2.6018	    1.7259
    2.6023	    1.7270
    2.6197	    1.7392
    2.6368	    1.7501
    2.6222	    1.7388
    2.6252	    1.7414
    2.6162	    1.7347
    2.6106	    1.7316
    2.6054	    1.7291
    2.5896	    1.7205
    2.5949	    1.7237
    2.5801	    1.7141
    2.5732	    1.7111
    2.5831	    1.7176
    2.5694	    1.7088
    2.5673	    1.7080
    2.5438	    1.6924
    2.5461	    1.6942
    2.5326	    1.6856
    2.5278	    1.6826
    2.5362	    1.6866
    2.5354	    1.6857
    2.5360	    1.6859
    2.5285	    1.6808
    2.5314	    1.6826
    2.5153	    1.6727
    2.5223	    1.6776
    2.5256	    1.6787
    2.5063	    1.6659
    2.4882	    1.6555
    2.4820	    1.6518
    2.4741	    1.6466
    2.4834	    1.6523
    2.4899	    1.6569
    2.4813	    1.6519
    2.4769	    1.6483
    2.4674	    1.6421
    2.4432	    1.6281
    2.4408	    1.6263
    2.4405	    1.6259
    2.4418	    1.6264
    2.4347	    1.6214
    2.4206	    1.6119
    2.4187	    1.6100
    2.4095	    1.6032
    2.4003	    1.5967
    2.3962	    1.5929
    2.3871	    1.5871
    2.3782	    1.5807
    2.3681	    1.5740
    2.3663	    1.5727
    2.3639	    1.5707
    2.3518	    1.5626
    2.3321	    1.5494
    2.3242	    1.5441
    2.3266	    1.5460
    2.3139	    1.5375
    2.3086	    1.5336
    2.3062	    1.5320
    2.2939	    1.5236
    2.2854	    1.5180
    2.2811	    1.5128
    2.2703	    1.5060
    2.2652	    1.5024
    2.2525	    1.4935
    2.2433	    1.4870
    2.2216	    1.4727
    2.2086	    1.4623
    2.2069	    1.4605
    2.1975	    1.4541
    2.1873	    1.4461
    2.1886	    1.4467
    2.1745	    1.4385
    2.1699	    1.4345
    2.1674	    1.4334
    2.1666	    1.4320
    2.1570	    1.4248
    2.1484	    1.4185
    2.1380	    1.4119
    2.1354	    1.4119
    2.1247	    1.4072
    2.1165	    1.4013
    2.1094	    1.3974
    2.0983	    1.3894
    2.0888	    1.3828
    2.0838	    1.3788
    2.0767	    1.3742
    2.0692	    1.3677
    2.0638	    1.3644
    2.0518	    1.3562
    2.0508	    1.3554
    2.0441	    1.3520
    2.0408	    1.3489
    2.0485	    1.3536
    2.0455	    1.3495
    2.0264	    1.3372
    2.0225	    1.3346
    2.0180	    1.3305
    2.0071	    1.3245
    1.9903	    1.3142
    1.9879	    1.3115
    1.9771	    1.3058
    1.9587	    1.2913
    1.9393	    1.2781
    1.9323	    1.2717
    1.9339	    1.2710
    1.9316	    1.2688
    1.9232	    1.2620
    1.9154	    1.2542
    1.9091	    1.2485
    1.8997	    1.2403
    1.8934	    1.2378
    1.8821	    1.2273
    1.8717	    1.2175
    1.8708	    1.2160
    1.8663	    1.2134
    1.8602	    1.2105
    1.8552	    1.2075
    1.8274	    1.1883
    1.8220	    1.1837
    1.8148	    1.1787
    1.8062	    1.1734
    1.7929	    1.1648
    1.7872	    1.1614
    1.7732	    1.1533
    1.7609	    1.1455
    1.7446	    1.1345
    1.7296	    1.1255
    1.7184	    1.1202
    1.7128	    1.1159
    1.7053	    1.1092
    1.6982	    1.1052
    1.6970	    1.1040
    1.6956	    1.1028
    1.6931	    1.0990
    1.6875	    1.0947
    1.6760	    1.0863
    1.6708	    1.0829
    1.6643	    1.0772
    1.6613	    1.0745
    1.6617	    1.0749
    1.6527	    1.0683
    1.6430	    1.0628
    1.6350	    1.0568
    1.6321	    1.0532
    1.6261	    1.0477
    1.6260	    1.0450
    1.6197	    1.0401
    1.6026	    1.0267
    1.5900	    1.0184
    1.5801	    1.0122
    1.5645	    0.9996
    1.5577	    0.9927
    1.5495	    0.9848
    1.5477	    0.9804
    1.5415	    0.9721
    1.5371	    0.9697
    1.5390	    0.9698
    1.5358	    0.9685
    1.5373	    0.9638
    1.5318	    0.9594
    1.5351	    0.9583
    1.5253	    0.9494
    1.5187	    0.9471
    1.5062	    0.9360
    1.5016	    0.9285
    1.5078	    0.9317
    1.4978	    0.9246
    1.5013	    0.9239
    1.4954	    0.9198
    1.4892	    0.9155
    1.4855	    0.9120
    1.4775	    0.9034
    1.4779	    0.9023
    1.4741	    0.8989
    1.4770	    0.9010
    1.4705	    0.8970
    1.4602	    0.8857
    1.4528	    0.8778
    1.4575	    0.8779
    1.4500	    0.8706
    1.4449	    0.8656
    1.4380	    0.8604
    1.4319	    0.8554
    1.4327	    0.8526
    1.4294	    0.8472
    1.4274	    0.8455
    1.4230	    0.8428
    1.4173	    0.8364
    1.4082	    0.8291
    1.4038	    0.8243
    1.4020	    0.8228
    1.3999	    0.8195
    1.4016	    0.8210
    1.4034	    0.8202
    1.4022	    0.8176
    1.4001	    0.8139
    1.4024	    0.8160
    1.3977	    0.8140
    1.3986	    0.8148
    1.3947	    0.8098
    1.3961	    0.8106
    1.3974	    0.8125
    1.3947	    0.8113
    1.3993	    0.8134
    1.3934	    0.8120
    1.3930	    0.8120
    1.3949	    0.8160
    1.3938	    0.8161
    1.3971	    0.8211
    1.3949	    0.8219
    1.3950	    0.8224
    1.3983	    0.8240
    1.4015	    0.8244
    1.4039	    0.8226
    1.4083	    0.8273
    1.4113	    0.8287
    1.4117	    0.8290
    1.4114	    0.8288
    1.4081	    0.8269
    1.4116	    0.8280
    1.4112	    0.8280
    1.4148	    0.8290
    1.4166	    0.8286
    1.4176	    0.8287
    1.4162	    0.8315
    1.4179	    0.8324
    1.4164	    0.8328
    1.4200	    0.8336
    1.4248	    0.8378
    1.4278	    0.8413
    1.4326	    0.8436
    1.4347	    0.8440
    1.4383	    0.8457
    1.4411	    0.8453
    1.4416	    0.8416
    1.4439	    0.8398
    1.4417	    0.8373
    1.4445	    0.8356
    1.4452	    0.8364
    1.4435	    0.8352
    1.4453	    0.8368
    1.4443	    0.8379
    1.4461	    0.8398
    1.4456	    0.8402
    1.4456	    0.8403
    1.4449	    0.8421
    1.4434	    0.8413
    1.4445	    0.8431
    1.4467	    0.8436
    1.4506	    0.8477
    1.4519	    0.8465
    1.4535	    0.8474
    1.4554	    0.8495
    1.4531	    0.8482
    1.4539	    0.8475
    1.4539	    0.8464
    1.4545	    0.8472
    1.4535	    0.8492
    1.4541	    0.8491
    1.4555	    0.8488
    1.4540	    0.8471
    1.4535	    0.8441
    1.4548	    0.8424
    1.4511	    0.8402
    1.4501	    0.8392
    1.4478	    0.8396
    1.4483	    0.8402
    1.4531	    0.8426
    1.4499	    0.8425
    1.4483	    0.8437
    1.4520	    0.8437
    1.4572	    0.8455
    1.4585	    0.8478
    1.4617	    0.8460
    1.4655	    0.8479
    1.4656	    0.8480
    1.4626	    0.8499
    1.4668	    0.8522
    1.4657	    0.8527
    1.4624	    0.8516
    1.4610	    0.8513
    1.4632	    0.8526
    1.4625	    0.8538
    1.4613	    0.8522
    1.4614	    0.8522
    1.4622	    0.8531
    1.4600	    0.8515
    1.4617	    0.8499
    1.4622	    0.8490
    1.4664	    0.8514
    1.4640	    0.8484
    1.4634	    0.8468
    1.4646	    0.8443
    1.4647	    0.8443
    1.4636	    0.8400
    1.4665	    0.8433
    1.4719	    0.8443
    1.4695	    0.8458
    1.4722	    0.8465
    1.4731	    0.8444
    1.4783	    0.8473
    1.4789	    0.8450
    1.4789	    0.8451
    1.4843	    0.8489
    1.4865	    0.8484
    1.4925	    0.8507
    1.4929	    0.8525
    1.4988	    0.8499
    1.5080	    0.8491
    1.5105	    0.8518
    1.5119	    0.8546
    1.5119	    0.8547
    1.5165	    0.8536
    1.5140	    0.8518
    1.5101	    0.8511
    1.5079	    0.8545
    1.5021	    0.8522
    1.5056	    0.8501
    1.5113	    0.8531
    1.5129	    0.8514
    1.5178	    0.8545
    1.5178	    0.8546
    1.5158	    0.8536
    1.5096	    0.8504
    1.5087	    0.8510
    1.5143	    0.8537
    1.5155	    0.8486
    1.5191	    0.8536
    1.5181	    0.8550
    1.5172	    0.8550
    1.5172	    0.8551
    1.5125	    0.8575
    1.5167	    0.8635
    1.5307	    0.8752
    1.5401	    0.8768
    1.5424	    0.8811
    1.5504	    0.8898
    1.5535	    0.8943
    1.5626	    0.9006
    1.5625	    0.9007
    1.5698	    0.9048
    1.5632	    0.9099
    1.5695	    0.9172
    1.5729	    0.9154
    1.5703	    0.9183
    1.5740	    0.9195
    1.5713	    0.9235
    1.5643	    0.9199
    1.5643	    0.9199
    1.5668	    0.9230
    1.5610	    0.9236
    1.5639	    0.9313
    1.5747	    0.9321
    1.5866	    0.9446
    1.5887	    0.9538
    1.5778	    0.9494
    1.5702	    0.9480
    1.5702	    0.9480
    1.5894	    0.9580
    1.5823	    0.9595
    1.5873	    0.9617
    1.5996	    0.9684
    1.6046	    0.9716
    1.6040	    0.9794
    1.6000	    0.9772
    1.6128	    0.9860
    1.6128	    0.9860
    1.6075	    0.9837
    1.6013	    0.9769
    1.6218	    0.9895
    1.6445	    1.0089
    1.6587	    1.0242
    1.6557	    1.0266
    1.6703	    1.0369
    1.6733	    1.0394
    1.6829	    1.0456
    1.6829	    1.0456
    1.6937	    1.0562
    1.6912	    1.0576
    1.6974	    1.0635
    1.6895	    1.0639
    1.7020	    1.0682
    1.7167	    1.0737
    1.7239	    1.0791
    1.7447	    1.0943
    1.7447	    1.0943
    1.7633	    1.1114
    1.7683	    1.1166
    1.7868	    1.1279
    1.7887	    1.1306
    1.7900	    1.1304
    1.7932	    1.1366
    1.8066	    1.1519
    1.8078	    1.1559
    1.8078	    1.1559
    1.7965	    1.1478
    1.8035	    1.1532
    1.7982	    1.1478
    1.8026	    1.1550
    1.8216	    1.1708
    1.8157	    1.1661
    1.8246	    1.1717
    1.8435	    1.1873
    1.8435	    1.1873
    1.8196	    1.1742
    1.8460	    1.1934
    1.8514	    1.1968
    1.8512	    1.1938
    1.8482	    1.1991
    1.8657	    1.2151
    1.8548	    1.2043
    1.8655	    1.2122
    1.8655	    1.2122
    1.8784	    1.2159
    1.8732	    1.2104
    1.8851	    1.2190
    1.8808	    1.2195
    1.8628	    1.2072
    1.8474	    1.1940
    1.8654	    1.1998
    1.8781	    1.2025
    1.8781	    1.2025
    1.9080	    1.2271
    1.9444	    1.2488
    1.9160	    1.2339
    1.9396	    1.2476
    1.9196	    1.2338
    1.9078	    1.2268
    1.8953	    1.2184
    1.9222	    1.2299
    1.9439	    1.2392
    1.9439	    1.2392
    1.9374	    1.2379
    1.9400	    1.2369
    1.9349	    1.2289
    1.9183	    1.2204
    1.8948	    1.1977
    1.9073	    1.2045
    1.8962	    1.1975
    1.8725	    1.1779
    1.8725	    1.1779
    1.8904	    1.1772
    1.8691	    1.1597
    1.8714	    1.1555
    1.8731	    1.1537
    1.8730	    1.1477
    1.8926	    1.1400
    1.8851	    1.1406
    1.9187	    1.1701
    1.9187	    1.1701
    1.9028	    1.1449
    1.9369	    1.1538
    1.9122	    1.1348
    1.9056	    1.1342
    1.9287	    1.1501
    1.9234	    1.1315
