    0.7495
    0.7472
    1.5315
    4.2419
    3.7030
    8.2836
    1.8892
    1.5519
    1.3104
    1.2703
    1.5655
    1.5203
    2.6915
    3.4064
    3.9368
    3.0513
    2.0048
    1.1466
    1.0712
    0.8430
    0.9244
    0.9159
    0.8463
    0.7070
    0.7607
    0.6865
    0.6690
    0.7095
    0.8274
    0.9128
    1.0454
    1.2037
    1.2533
    1.4085
    1.4091
    1.4077
    1.2649
    1.2842
    1.2575
    1.1186
    1.2213
    1.1419
    1.0871
    1.1375
    1.1106
    1.1602
    1.2989
    1.4089
    1.3058
    1.4531
    1.3711
    1.3105
    1.4368
    1.8123
    1.5416
    1.4994
    1.4434
    1.5944
    1.5150
    1.5152
    1.6916
    1.6942
    1.6794
    1.5510
    1.5630
    1.6064
    1.6613
    1.4113
    1.4451
    1.5479
    1.6076
    1.4020
    1.3303
    1.2459
    1.2837
    1.3610
    1.1365
    1.0689
    1.0429
    1.0471
    1.0148
    0.9431
    0.9476
    0.9289
    0.8949
    0.9682
    1.0102
    0.9674
    0.9751
    1.0268
    1.0810
    1.0758
    1.0902
    1.1630
    1.1868
    1.1427
    1.2182
    1.2364
    1.2507
    1.2538
    1.2960
    1.3540
    1.4006
    1.3798
    1.3921
    1.4227
    1.3618
    1.2779
    1.2967
    1.2998
    1.3223
    1.3106
    1.2935
    1.3391
    1.3255
    1.3208
    1.2840
    1.2862
    1.2429
    1.2771
    1.2632
    1.3279
    1.2952
    1.3505
    1.3957
    1.3946
    1.3675
    1.3417
    1.3358
    1.3780
    1.3977
    1.4180
    1.4427
    1.4201
    1.4987
    1.5132
    1.4805
    1.3939
    1.3200
    1.3177
    1.3417
    1.2854
    1.2268
    1.2271
    1.1684
    1.1666
    1.1731
    1.1987
    1.1785
    1.1996
    1.1638
    1.1811
    1.1599
    1.1416
    1.1776
    1.1647
    1.1762
    1.1635
    1.1817
    1.1922
    1.1788
    1.2149
    1.2243
    1.2198
    1.1895
    1.2060
    1.1714
    1.1477
    1.1629
    1.1545
    1.1513
    1.1676
    1.2083
    1.1874
    1.1987
    1.2466
    1.2483
    1.2505
    1.2741
    1.2878
    1.3066
    1.3629
    1.3752
    1.3492
    1.3363
    1.3607
    1.3498
    1.3294
    1.3065
    1.3065
    1.2723
    1.2607
    1.2469
    1.2767
    1.2391
    1.2531
    1.2728
    1.2571
    1.2528
    1.2405
    1.2267
    1.2291
    1.2240
    1.1853
    1.1769
    1.1962
    1.1969
    1.1800
    1.1440
    1.1597
    1.1476
    1.1447
    1.1370
    1.1416
    1.1549
    1.1631
    1.1483
    1.1420
    1.1561
    1.1453
    1.1461
    1.1363
    1.1254
    1.1185
    1.1145
    1.1225
    1.1282
    1.1145
    1.1037
    1.0949
    1.1123
    1.1190
    1.1144
    1.1059
    1.0922
    1.0954
    1.0947
    1.1007
    1.0930
    1.0954
    1.1190
    1.1262
    1.1357
    1.1099
    1.1204
    1.0987
    1.0786
    1.0761
    1.0771
    1.0578
    1.0519
    1.0457
    1.0404
    1.0306
    1.0237
    1.0284
    1.0173
    1.0015
    0.9869
    0.9789
    0.9771
    0.9927
    0.9892
    0.9921
    0.9992
    0.9961
    0.9993
    0.9990
    0.9998
    0.9864
    0.9766
    0.9815
    0.9758
    0.9710
    0.9771
    0.9749
    0.9807
    0.9702
    0.9703
    0.9836
    0.9905
    0.9830
    0.9726
    0.9775
    0.9799
    0.9640
    0.9541
    0.9551
    0.9538
    0.9579
    0.9441
    0.9395
    0.9451
    0.9390
    0.9381
    0.9422
    0.9407
    0.9368
    0.9361
    0.9185
    0.9087
    0.9044
    0.8992
    0.8909
    0.8835
    0.8867
    0.9040
    0.9101
    0.9059
    0.9000
    0.9013
    0.9098
    0.9193
    0.9220
    0.9379
    0.9258
    0.9192
    0.9151
    0.9181
    0.9258
    0.9321
    0.9502
    0.9492
    0.9554
    0.9643
    0.9654
    0.9660
    0.9497
    0.9509
    0.9521
    0.9492
    0.9435
    0.9377
    0.9424
    0.9349
    0.9436
    0.9393
    0.9308
    0.9344
    0.9398
    0.9345
    0.9431
    0.9284
    0.9290
    0.9383
    0.9438
    0.9345
    0.9309
    0.9392
    0.9430
    0.9525
    0.9353
    0.9180
    0.9160
    0.9218
    0.9338
    0.9280
    0.9295
    0.9287
    0.9294
    0.9385
    0.9543
    0.9554
    0.9463
    0.9523
    0.9565
    0.9551
    0.9643
    0.9639
    0.9538
    0.9551
    0.9625
    0.9586
    0.9594
    0.9631
    0.9568
    0.9608
    0.9754
    0.9802
    0.9822
    0.9854
    0.9835
    0.9920
    0.9961
    1.0051
    1.0125
    0.9873
    0.9860
    0.9723
    0.9615
    0.9703
    0.9577
    0.9489
    0.9362
    0.9302
    0.9296
    0.9273
    0.9310
    0.9263
    0.9256
    0.9279
    0.9209
    0.9191
    0.9262
    0.9205
    0.9103
    0.9155
    0.9192
    0.9108
    0.9205
    0.9174
    0.9064
    0.9135
    0.9218
    0.9276
    0.9313
    0.9258
    0.9331
    0.9395
    0.9440
    0.9511
    0.9511
    0.9615
    0.9702
    0.9970
    1.0186
    1.0255
    1.0370
    1.0381
    1.0298
    1.0434
    1.0431
    1.0446
    1.0420
    1.0356
    1.0179
    1.0252
    1.0239
    1.0112
    1.0247
    1.0320
    1.0358
    1.0437
    1.0571
    1.0564
    1.0487
    1.0547
    1.0538
    1.0459
    1.0523
    1.0463
    1.0310
    1.0459
    1.0466
    1.0450
    1.0321
    1.0338
    1.0421
    1.0472
    1.0296
    1.0278
    1.0357
    1.0413
    1.0256
    1.0300
    1.0413
    1.0473
    1.0531
    1.0510
    1.0483
    1.0503
    1.0484
    1.0455
    1.0492
    1.0531
    1.0372
    1.0402
    1.0454
    1.0560
    1.0552
    1.0538
    1.0561
    1.0652
    1.0633
    1.0581
    1.0622
    1.0591
    1.0743
    1.0733
    1.0935
    1.1067
    1.1175
    1.1342
    1.1391
    1.1339
    1.1378
    1.1393
    1.1557
    1.1715
    1.1722
    1.1865
    1.1988
    1.2144
    1.2010
    1.2007
    1.2082
    1.1943
    1.1956
    1.2003
    1.1965
    1.2000
    1.1984
    1.1925
    1.1912
    1.1832
    1.1916
    1.1854
    1.1847
    1.1923
    1.1903
    1.1980
    1.2036
    1.2044
    1.1990
    1.1932
    1.1960
    1.2031
    1.2063
    1.1997
    1.2027
    1.2118
    1.2154
    1.2174
    1.2183
    1.2049
    1.2041
    1.2058
    1.2110
    1.2043
    1.2030
    1.2002
    1.2041
    1.1929
    1.1925
    1.2026
    1.2067
    1.2006
    1.1961
    1.2033
    1.2039
    1.2039
    1.2055
    1.2024
    1.1909
    1.1899
    1.1886
    1.1819
    1.1787
    1.1810
    1.1778
    1.1843
    1.1870
    1.1838
    1.1870
    1.2031
    1.2051
    1.2079
    1.2108
    1.2090
    1.2175
    1.2240
    1.2289
    1.2294
    1.2368
    1.2317
    1.2358
    1.2423
    1.2416
    1.2357
    1.2344
    1.2340
    1.2244
    1.2273
    1.2478
    1.2525
    1.2543
    1.2581
    1.2644
    1.2614
    1.2541
    1.2505
    1.2493
    1.2464
    1.2492
    1.2539
    1.2573
    1.2578
    1.2601
    1.2609
    1.2796
    1.2804
    1.2777
    1.2769
    1.2736
    1.2554
    1.2531
    1.2511
    1.2406
    1.2280
    1.2207
    1.2229
    1.2235
    1.2279
    1.2388
    1.2442
    1.2510
    1.2646
    1.2719
    1.2821
    1.2785
    1.2922
    1.2911
    1.2924
    1.3076
    1.3088
    1.3157
    1.3176
    1.3192
    1.3247
    1.3266
    1.3198
    1.3053
    1.3024
    1.3012
    1.3105
    1.3102
    1.3114
    1.3173
    1.3303
    1.3262
    1.3190
    1.3162
    1.3274
    1.3328
    1.3292
    1.3361
    1.3504
    1.3567
    1.3684
    1.3621
    1.3669
    1.3740
    1.3876
    1.3919
    1.4000
    1.4091
    1.4184
    1.4263
    1.4394
    1.4402
    1.4436
    1.4697
    1.4733
    1.4786
    1.4838
    1.4865
    1.4894
    1.5011
    1.5132
    1.5399
    1.5490
    1.5565
    1.5623
    1.5725
    1.5586
    1.5556
    1.5597
    1.5651
    1.5777
    1.5802
    1.5814
    1.5860
    1.5907
    1.5995
    1.6038
    1.6003
    1.6134
    1.6089
    1.6278
    1.6472
    1.6462
    1.6605
    1.6725
    1.6714
    1.6574
    1.6647
    1.6672
    1.6820
    1.6922
    1.7118
    1.7274
    1.7394
    1.7583
    1.7579
    1.7715
    1.7788
    1.7726
    1.7757
    1.7816
    1.7919
    1.7970
    1.8004
    1.8032
    1.8102
    1.8146
    1.8199
    1.8258
    1.8410
    1.8551
    1.8664
    1.8643
    1.8627
    1.8721
    1.8934
    1.8915
    1.8964
    1.9079
    1.9180
    1.9200
    1.9408
    1.9558
    1.9654
    1.9801
    1.9744
    1.9840
    1.9652
    1.9497
    1.9557
    1.9548
    1.9590
    1.9797
    1.9969
    2.0056
    2.0303
    2.0505
    2.0680
    2.0805
    2.0890
    2.0949
    2.1002
    2.1063
    2.1174
    2.1337
    2.1446
    2.1585
    2.1626
    2.1761
    2.1867
    2.1938
    2.2125
    2.2204
    2.2516
    2.2759
    2.3083
    2.3318
    2.3631
    2.3873
    2.4381
    2.4522
    2.4558
    2.4669
    2.4829
    2.4862
    2.4795
    2.4823
    2.5031
    2.5016
    2.4983
    2.4962
    2.5020
    2.5173
    2.5276
    2.5310
    2.5553
    2.5739
    2.5746
    2.5868
    2.5929
    2.5975
    2.6014
    2.6053
    2.6055
    2.6166
    2.6274
    2.6437
    2.6757
    2.6972
    2.7079
    2.7207
    2.7266
    2.7490
    2.7684
    2.7849
    2.7934
    2.8006
    2.8212
    2.8278
    2.8529
    2.8714
    2.8765
    2.8908
    2.9114
    2.9386
    2.9400
    2.9388
    2.9416
    2.9548
    2.9628
    2.9800
    2.9927
    2.9982
    2.9908
    2.9990
    3.0143
    3.0145
    3.0162
    3.0146
    3.0158
    3.0162
    3.0191
    3.0338
    3.0561
    3.0485
    3.0550
    3.0563
    3.0685
    3.0741
    3.0732
    3.0898
    3.1020
    3.1041
    3.1014
    3.0906
    3.0925
    3.0801
    3.0821
    3.0864
    3.0814
    3.0926
    3.1294
    3.1483
    3.1501
    3.1508
    3.1545
    3.1815
    3.1695
    3.1794
    3.1972
    3.2148
    3.2235
    3.2219
    3.2223
    3.2327
    3.2467
    3.2721
    3.2595
    3.2827
    3.2786
    3.2835
    3.3042
    3.3043
    3.2983
    3.3067
    3.3401
    3.3860
    3.4263
    3.4416
    3.4595
    3.4599
    3.4600
    3.4522
    3.4248
    3.4206
    3.4306
    3.4213
    3.4363
    3.4478
    3.4390
    3.4419
    3.4421
    3.4964
    3.5365
    3.5538
    3.5501
    3.5594
    3.5794
    3.5800
    3.5903
    3.5906
    3.5953
    3.6036
    3.6113
    3.6151
    3.5949
    3.5768
    3.5797
    3.5849
    3.5851
    3.6416
    3.6905
    3.6913
    3.6634
    3.6953
    3.7322
    3.7116
    3.7408
    3.7408
    3.7585
    3.8482
    3.8584
    3.8659
    3.8817
    3.8951
    3.9674
    3.9968
    3.9968
    3.9851
    4.0845
    4.2152
    4.2565
    4.2838
    4.2938
    4.2978
    4.3177
    4.3177
    4.3119
    4.3153
    4.3549
    4.3488
    4.3591
    4.3797
    4.4128
    4.4549
    4.4774
    4.4774
    4.5393
    4.6085
    4.6723
    4.6804
    4.6721
    4.6839
    4.7477
    4.7284
    4.7284
    4.7402
    4.7658
    4.8474
    4.9029
    4.9421
    4.8952
    4.9019
    4.8546
    4.8546
    4.8224
    4.8020
    4.9157
    4.8738
    4.7733
    4.8222
    4.8738
    4.8683
    4.8683
    4.8607
    4.9692
    5.0199
    5.0736
    5.0771
    5.0110
    4.9867
    5.0490
    5.0490
    5.2098
    5.2033
    5.1567
    5.1841
    5.2490
    5.2202
    5.2966
    5.2646
    5.2646
    5.1655
    5.1150
    5.2188
    5.2719
    5.2655
    5.3431
    5.4167
    5.5192
    5.6044
    5.6044
    5.6263
    5.7414
    5.9184
    6.0254
    5.8925
    5.7965
    5.8429
    5.9658
    5.9658
    5.8524
    5.7684
    5.7046
    5.7766
    5.8390
    5.7065
    5.6092
    5.5375
    5.5375
    5.5481
    5.4881
    5.4794
    5.3499
    5.4958
    5.3919
