    1.4153
    1.5818
    1.6119
    2.0855
    1.4354
    1.6190
    1.5440
    2.4762
    1.5789
    1.6985
    1.8342
    2.1955
    2.1061
    2.1070
    2.0427
    2.3762
    3.6876
    4.9519
    5.2537
    6.5810
    7.6509
    6.9318
    7.5570
    6.0491
    4.3146
    3.6487
    3.0484
    2.8615
    2.4719
    2.2947
    2.1773
    2.0647
    1.7875
    1.7598
    1.7135
    1.7055
    1.7030
    1.6697
    1.6311
    1.6500
    1.6811
    1.7065
    1.6909
    1.7903
    1.8132
    1.8555
    1.9880
    2.1194
    2.4977
    2.6265
    3.1299
    3.3120
    3.7569
    4.5226
    4.7413
    5.8409
    6.6831
    8.1400
    8.9953
   10.1734
   10.5082
   11.3509
   11.6498
   10.4397
   10.2971
   10.0369
    9.3488
    9.2546
    8.5344
    8.4614
    8.1872
    7.9838
    7.4543
    7.1562
    6.5725
    6.1105
    5.9667
    5.7476
    5.9435
    5.9332
    5.5385
    5.5023
    5.5833
    5.4350
    5.7286
    5.4229
    5.6486
    5.2541
    5.4106
    5.4028
    5.5641
    5.5567
    5.5791
    5.4371
    5.5934
    5.0619
    5.1075
    4.3639
    4.4548
    4.2536
    4.1360
    4.1047
    4.0444
    3.9756
    3.6705
    3.4190
    3.0842
    3.0444
    2.9899
    2.7257
    2.7631
    2.7333
    2.8119
    2.7606
    2.5749
    2.4845
    2.3082
    2.2472
    2.1718
    2.1865
    2.0071
    1.9413
    1.9320
    1.8381
    1.7786
    1.7827
    1.7491
    1.7302
    1.7176
    1.6929
    1.6746
    1.7027
    1.6947
    1.6374
    1.6346
    1.5899
    1.5137
    1.4881
    1.4832
    1.4505
    1.4200
    1.3720
    1.2883
    1.3153
    1.3167
    1.3132
    1.3603
    1.3342
    1.3657
    1.3921
    1.3624
    1.4022
    1.3975
    1.4236
    1.4094
    1.4201
    1.4207
    1.4550
    1.4807
    1.4609
    1.4510
    1.4305
    1.4414
    1.4061
    1.3747
    1.3381
    1.3035
    1.2805
    1.2750
    1.2553
    1.2338
    1.1649
    1.1661
    1.1601
    1.1766
    1.1625
    1.1463
    1.1252
    1.1253
    1.1308
    1.1131
    1.0999
    1.0942
    1.1133
    1.1187
    1.1071
    1.1350
    1.1509
    1.1362
    1.1419
    1.1404
    1.1398
    1.1309
    1.1265
    1.1351
    1.1278
    1.1264
    1.1209
    1.1027
    1.0988
    1.0931
    1.0842
    1.0710
    1.0638
    1.0519
    1.0607
    1.0574
    1.0639
    1.0688
    1.0781
    1.0890
    1.0757
    1.0744
    1.0806
    1.0886
    1.0936
    1.1286
    1.1219
    1.1240
    1.1231
    1.0920
    1.0988
    1.1008
    1.1023
    1.1127
    1.1185
    1.1217
    1.1376
    1.1390
    1.1267
    1.1339
    1.1192
    1.1139
    1.1053
    1.0939
    1.0853
    1.0786
    1.0808
    1.0745
    1.0723
    1.0841
    1.0823
    1.0901
    1.0866
    1.0946
    1.0875
    1.0961
    1.0870
    1.0962
    1.1009
    1.0972
    1.0795
    1.0876
    1.0984
    1.1211
    1.1155
    1.1194
    1.1257
    1.1322
    1.1334
    1.1323
    1.1289
    1.1340
    1.1285
    1.1300
    1.1263
    1.1499
    1.1406
    1.1429
    1.1316
    1.1147
    1.1272
    1.1085
    1.1151
    1.1053
    1.0984
    1.0870
    1.1016
    1.0949
    1.0944
    1.1005
    1.0993
    1.0802
    1.0835
    1.0765
    1.0665
    1.0636
    1.0692
    1.0575
    1.0594
    1.0531
    1.0437
    1.0202
    0.9918
    0.9000
    0.8885
    0.8781
    0.8508
    0.8463
    0.8306
    0.8261
    0.8222
    0.8213
    0.8205
    0.8235
    0.8135
    0.8111
    0.8078
    0.8043
    0.8065
    0.8066
    0.8105
    0.8152
    0.8082
    0.8011
    0.8081
    0.8189
    0.8177
    0.8297
    0.8242
    0.8314
    0.8228
    0.8289
    0.8260
    0.8276
    0.8287
    0.8332
    0.8378
    0.8445
    0.8514
    0.8595
    0.8634
    0.8735
    0.8672
    0.8638
    0.8669
    0.8694
    0.8728
    0.8736
    0.8726
    0.8836
    0.9002
    0.9122
    0.9170
    0.9288
    0.9316
    0.9378
    0.9543
    0.9537
    0.9489
    0.9683
    1.0026
    1.0117
    1.0143
    1.0257
    1.0352
    1.0390
    1.0564
    1.0644
    1.1027
    1.1100
    1.1325
    1.1382
    1.1552
    1.1657
    1.1885
    1.2093
    1.2384
    1.2669
    1.2867
    1.3274
    1.5158
    1.5535
    1.6056
    1.6894
    1.6920
    1.7205
    1.7661
    1.8057
    1.8186
    1.8659
    1.8686
    1.8831
    1.9265
    1.9497
    1.9805
    1.9692
    1.9931
    1.9755
    1.9748
    1.9992
    2.0437
    2.0858
    2.1255
    2.1472
    2.1816
    2.2348
    2.2416
    2.2432
    2.2790
    2.2967
    2.2843
    2.3296
    2.3354
    2.2942
    2.3225
    2.3288
    2.3403
    2.3299
    2.3333
    2.3248
    2.3282
    2.3450
    2.3730
    2.3818
    2.3748
    2.3662
    2.3646
    2.3826
    2.4195
    2.4259
    2.4257
    2.4802
    2.4903
    2.4694
    2.4669
    2.4798
    2.5002
    2.4891
    2.4684
    2.4658
    2.4587
    2.4213
    2.4298
    2.4193
    2.4249
    2.3757
    2.3694
    2.3900
    2.3550
    2.3445
    2.3151
    2.3063
    2.3033
    2.2941
    2.2915
    2.2706
    2.2371
    2.2515
    2.2778
    2.2617
    2.2889
    2.2719
    2.2594
    2.2456
    2.2198
    2.2175
    2.1920
    2.1883
    2.1888
    2.1706
    2.1586
    2.1233
    2.1236
    2.1207
    2.1085
    2.1078
    2.0773
    2.0481
    2.0865
    2.0638
    2.0286
    2.0391
    1.9967
    1.9846
    1.9615
    1.9592
    1.9565
    1.9581
    1.9252
    1.9197
    1.8929
    1.8711
    1.8485
    1.8227
    1.8022
    1.7887
    1.7855
    1.7852
    1.7453
    1.7432
    1.7188
    1.7223
    1.6865
    1.6766
    1.6384
    1.6066
    1.5992
    1.5868
    1.5712
    1.5784
    1.5588
    1.5469
    1.5331
    1.5258
    1.5101
    1.5229
    1.4983
    1.4923
    1.5025
    1.4877
    1.4704
    1.4552
    1.4549
    1.4413
    1.4301
    1.4169
    1.4247
    1.4244
    1.3976
    1.3961
    1.3904
    1.3862
    1.3849
    1.3821
    1.3780
    1.3741
    1.3678
    1.3456
    1.3330
    1.3485
    1.3491
    1.3414
    1.3236
    1.3119
    1.3144
    1.3114
    1.3135
    1.3135
    1.3223
    1.3361
    1.3382
    1.3340
    1.3412
    1.3456
    1.3477
    1.3484
    1.3505
    1.3463
    1.3452
    1.3609
    1.3778
    1.3740
    1.3812
    1.3815
    1.3684
    1.3599
    1.3560
    1.3505
    1.3551
    1.3512
    1.3423
    1.3660
    1.4022
    1.3956
    1.3923
    1.3811
    1.3746
    1.3628
    1.3549
    1.3572
    1.3819
    1.3952
    1.3923
    1.3928
    1.3975
    1.4117
    1.4067
    1.3936
    1.3973
    1.4134
    1.4146
    1.4285
    1.4263
    1.4387
    1.4434
    1.4407
    1.4816
    1.4747
    1.4869
    1.5004
    1.4874
    1.4985
    1.5156
    1.5128
    1.5146
    1.5238
    1.5298
    1.5427
    1.5429
    1.5432
    1.5543
    1.5597
    1.5511
    1.5425
    1.5438
    1.5397
    1.5534
    1.5567
    1.5538
    1.5608
    1.5784
    1.5684
    1.5712
    1.5731
    1.5663
    1.5735
    1.5725
    1.5719
    1.5745
    1.5686
    1.5788
    1.5740
    1.5750
    1.5644
    1.5680
    1.5666
    1.5739
    1.5595
    1.5592
    1.5402
    1.5486
    1.5455
    1.5460
    1.5402
    1.5427
    1.5399
    1.5378
    1.5397
    1.5481
    1.5476
    1.5542
    1.5616
    1.5681
    1.5752
    1.6163
    1.6229
    1.6373
    1.6208
    1.6259
    1.6363
    1.6414
    1.6598
    1.6558
    1.6684
    1.6652
    1.6730
    1.7012
    1.7136
    1.7152
    1.7161
    1.7131
    1.7178
    1.7086
    1.7079
    1.7090
    1.7120
    1.7153
    1.7123
    1.7059
    1.7071
    1.7026
    1.7176
    1.7247
    1.7194
    1.7217
    1.7255
    1.7258
    1.7289
    1.7352
    1.7361
    1.7320
    1.7301
    1.7315
    1.7204
    1.7142
    1.7086
    1.7094
    1.7177
    1.7316
    1.7392
    1.7551
    1.7648
    1.7665
    1.7759
    1.7771
    1.7811
    1.7921
    1.8077
    1.8155
    1.8144
    1.8387
    1.8451
    1.8427
    1.8526
    1.8549
    1.8652
    1.8762
    1.8820
    1.8644
    1.8848
    1.8942
    1.9031
    1.8972
    1.9027
    1.9085
    1.9302
    1.9411
    1.9521
    1.9459
    1.9545
    1.9525
    1.9574
    1.9566
    1.9615
    1.9666
    1.9793
    1.9955
    2.0030
    2.0087
    2.0250
    2.0225
    2.0344
    2.0440
    2.0647
    2.0893
    2.0955
    2.1071
    2.1200
    2.1048
    2.1070
    2.1233
    2.1138
    2.1271
    2.1350
    2.1430
    2.1496
    2.1382
    2.1350
    2.1329
    2.1346
    2.1499
    2.1606
    2.1567
    2.1569
    2.1710
    2.1781
    2.1722
    2.1794
    2.2126
    2.2102
    2.2216
    2.2324
    2.2416
    2.2560
    2.2505
    2.2677
    2.2936
    2.2976
    2.3013
    2.3055
    2.3379
    2.3415
    2.3535
    2.3591
    2.3608
    2.3642
    2.3847
    2.3993
    2.4090
    2.4234
    2.4439
    2.4479
    2.4590
    2.4826
    2.4900
    2.5227
    2.5331
    2.5309
    2.5370
    2.5466
    2.5628
    2.5887
    2.6303
    2.6534
    2.6593
    2.6673
    2.6669
    2.6798
    2.7049
    2.7229
    2.7657
    2.7702
    2.7859
    2.7878
    2.7910
    2.7960
    2.8118
    2.8228
    2.8176
    2.8270
    2.8400
    2.8223
    2.8042
    2.8092
    2.8114
    2.7962
    2.8447
    2.8749
    2.8782
    2.8906
    2.8683
    2.9060
    2.9127
    2.9184
    2.9351
    2.9523
    2.9516
    2.9197
    2.9031
    2.9163
    2.9254
    2.9410
    2.9524
    2.9544
    2.9515
    2.9835
    3.0058
    3.0331
    3.0467
    3.0424
    3.0520
    3.0790
    3.0786
    3.1058
    3.1308
    3.1565
    3.1452
    3.1431
    3.1697
    3.1839
    3.1913
    3.1910
    3.2062
    3.2254
    3.2304
    3.2189
    3.2232
    3.2344
    3.2592
    3.2688
    3.2683
    3.3138
    3.3229
    3.3714
    3.4020
    3.4168
    3.4116
    3.3976
    3.3782
    3.3777
    3.3543
    3.3512
    3.3770
    3.3716
    3.3549
    3.3700
    3.3841
    3.3625
    3.3624
    3.3508
    3.3645
    3.4064
    3.3823
    3.4169
    3.4111
    3.4457
    3.4266
    3.4298
    3.4291
    3.4179
    3.4265
    3.4036
    3.4394
    3.4124
    3.4076
    3.4092
    3.4117
    3.4101
    3.4595
    3.4777
    3.4877
    3.4807
    3.4684
    3.4681
    3.4824
    3.4822
    3.4818
    3.4705
    3.4746
    3.4747
    3.4951
    3.4945
    3.4854
    3.4658
    3.4614
    3.4614
    3.4435
    3.4671
    3.4388
    3.4281
    3.4379
    3.4063
    3.3732
    3.3601
    3.3601
    3.3494
    3.2820
    3.2695
    3.2348
    3.2277
    3.2961
    3.2555
    3.2295
    3.2295
    3.3167
    3.2972
    3.2971
    3.2711
    3.2917
    3.2644
    3.3763
    3.4577
    3.5170
    3.5170
    3.5615
    3.5391
    3.4970
    3.5024
    3.6218
    3.6352
    3.6529
    3.6291
    3.6291
    3.6693
    3.6873
    3.7129
    3.6633
    3.7114
    3.7211
    3.7830
    3.7824
    3.7824
    3.7717
    3.7939
    3.7403
    3.7130
    3.6762
    3.6833
    3.6939
    3.6453
    3.6453
    3.5548
    3.5932
    3.5630
    3.5675
    3.6095
    3.7589
    3.8042
    3.7655
    3.7655
    3.7114
    3.6412
    3.6558
    3.6090
    3.5737
    3.6649
    3.6114
    3.5868
    3.5868
    3.6446
    3.7197
    3.8069
    3.8795
    3.8652
    3.7898
    3.7684
    3.7700
    3.7079
    3.7079
    3.6371
    3.7577
    3.7283
    3.7583
    3.8198
    3.8221
    3.8626
    3.8893
    3.8893
    3.9018
    3.9045
    3.8212
    3.8069
    3.8137
    3.7702
    3.7141
    3.6276
    3.6276
    3.5401
    3.4975
    3.4577
    3.4376
    3.3515
    3.4017
