    1.3009
    1.2813
    0.8733
    0.5023
    1.6463
    3.4045
    5.5817
    3.9999
    9.0350
    9.0738
    5.6928
    5.1000
    5.7311
    6.5755
   14.9480
   15.5209
   16.7257
   16.1071
   15.7363
   17.7209
   18.8408
   19.7906
   17.0792
   13.7250
   12.6476
   10.9418
   10.7809
   10.1490
    9.6150
   10.2486
    7.9435
    6.4953
    5.1144
    4.5472
    4.2999
    3.5890
    3.4100
    3.0355
    3.1001
    3.1353
    3.0614
    3.1040
    3.0481
    2.9891
    3.1406
    3.2447
    3.3197
    3.6682
    4.5782
    5.2816
    5.3529
    6.2848
    8.2430
    8.9618
    8.6788
   10.0021
    9.5347
   10.0705
    9.7939
   10.8802
   10.4092
    9.8065
    9.7457
    9.6230
    9.3763
    8.4515
    8.1535
    8.2425
    8.5051
    8.3098
    8.3439
    8.1118
    7.7632
    7.0651
    6.7656
    6.1262
    5.5712
    5.2288
    5.1167
    4.4232
    4.4388
    4.4004
    4.3467
    4.2997
    4.0593
    3.9880
    3.6464
    3.5517
    3.3841
    3.3341
    3.3636
    3.4073
    3.4517
    3.2842
    3.2437
    3.2774
    3.3694
    3.4829
    3.3258
    3.5174
    3.5845
    3.4459
    3.3180
    3.1486
    2.9872
    2.8273
    2.6298
    2.5197
    2.4554
    2.4478
    2.4436
    2.3711
    2.1511
    1.9629
    1.8581
    1.7623
    1.6902
    1.6950
    1.6556
    1.6816
    1.6687
    1.6453
    1.6574
    1.6485
    1.7178
    1.6939
    1.6957
    1.7294
    1.7387
    1.7628
    1.7419
    1.8206
    1.8671
    1.8837
    1.9086
    1.9941
    2.0186
    2.0305
    2.1048
    2.0833
    2.1172
    2.2401
    2.3787
    2.4795
    2.5711
    2.7819
    2.7467
    2.7860
    2.8138
    2.8016
    2.7965
    2.7780
    2.7950
    2.8270
    2.8466
    2.8511
    2.8576
    2.7161
    2.6207
    2.5895
    2.5582
    2.5736
    2.5885
    2.3275
    2.3196
    2.3918
    2.3144
    2.3145
    2.3334
    2.3273
    2.1606
    2.1776
    2.1739
    2.2257
    2.2070
    2.2460
    2.3283
    2.4608
    2.4720
    2.4954
    2.5067
    2.5254
    2.4421
    2.4243
    2.3794
    2.4049
    2.4441
    2.5423
    2.6603
    2.7478
    2.8734
    2.9292
    2.9999
    2.9955
    3.0184
    3.0103
    3.1023
    3.0845
    3.1206
    3.1809
    3.2215
    3.2895
    3.3009
    3.3632
    3.4285
    3.5672
    3.6901
    3.6275
    3.5994
    3.6724
    3.6756
    3.6346
    3.7406
    3.7787
    3.8649
    3.8746
    3.8222
    3.7296
    3.6338
    3.6666
    3.6270
    3.5202
    3.3815
    3.2943
    3.2173
    3.1595
    3.1800
    3.1480
    3.1401
    3.1546
    3.0782
    3.0517
    3.0767
    3.1078
    2.9640
    2.9325
    2.8776
    2.8851
    2.7640
    2.7251
    2.6137
    2.5474
    2.5149
    2.4279
    2.3847
    2.4000
    2.3653
    2.3818
    2.3199
    2.3298
    2.3036
    2.2560
    2.2134
    2.1468
    2.1508
    2.1136
    2.1191
    2.0694
    2.0650
    1.9977
    1.9601
    1.9975
    1.9842
    1.9294
    1.9222
    1.9012
    1.8357
    1.7857
    1.7718
    1.7051
    1.6447
    1.6059
    1.5988
    1.5999
    1.6051
    1.6055
    1.5912
    1.5605
    1.5291
    1.5453
    1.5720
    1.5640
    1.5607
    1.5683
    1.5892
    1.5979
    1.5993
    1.5903
    1.5885
    1.5599
    1.5627
    1.5522
    1.5353
    1.5254
    1.4954
    1.5257
    1.5187
    1.5207
    1.4902
    1.4489
    1.4971
    1.4946
    1.4830
    1.5099
    1.5158
    1.5425
    1.5704
    1.5603
    1.5499
    1.5290
    1.5318
    1.5366
    1.5176
    1.5093
    1.5010
    1.4887
    1.5102
    1.5111
    1.5202
    1.5171
    1.5164
    1.5026
    1.4835
    1.4908
    1.4828
    1.4841
    1.5306
    1.5238
    1.5209
    1.5253
    1.4979
    1.4922
    1.4958
    1.4771
    1.4816
    1.4998
    1.5009
    1.4768
    1.4845
    1.4840
    1.5116
    1.5691
    1.5715
    1.5752
    1.5929
    1.5813
    1.5596
    1.5334
    1.5319
    1.5175
    1.5510
    1.5455
    1.5369
    1.5044
    1.5125
    1.5267
    1.5004
    1.4864
    1.4538
    1.4302
    1.4081
    1.3827
    1.3796
    1.3693
    1.3662
    1.3867
    1.3899
    1.4037
    1.3889
    1.3951
    1.4036
    1.4039
    1.4235
    1.4226
    1.4211
    1.4123
    1.4112
    1.4174
    1.4048
    1.4029
    1.4150
    1.4129
    1.3900
    1.4061
    1.4000
    1.3682
    1.3804
    1.3765
    1.3898
    1.4022
    1.4177
    1.4034
    1.3943
    1.4064
    1.4105
    1.4274
    1.4115
    1.4457
    1.4335
    1.4403
    1.4465
    1.4498
    1.4541
    1.4522
    1.4691
    1.4632
    1.4905
    1.4848
    1.4742
    1.4605
    1.4444
    1.4290
    1.4226
    1.4242
    1.4109
    1.3917
    1.3696
    1.3641
    1.3907
    1.4038
    1.3983
    1.3904
    1.3876
    1.4003
    1.4126
    1.4232
    1.4073
    1.3978
    1.3805
    1.3673
    1.3653
    1.3486
    1.3834
    1.3738
    1.3771
    1.3885
    1.3962
    1.4028
    1.4069
    1.4047
    1.3969
    1.3888
    1.3881
    1.3872
    1.3744
    1.3879
    1.3668
    1.3645
    1.3789
    1.3815
    1.3886
    1.4021
    1.4116
    1.3977
    1.4124
    1.4238
    1.4296
    1.4485
    1.4470
    1.4295
    1.4243
    1.4235
    1.4071
    1.4079
    1.4150
    1.3957
    1.4072
    1.3996
    1.3921
    1.3955
    1.3901
    1.3853
    1.3849
    1.3746
    1.3760
    1.3779
    1.3735
    1.3695
    1.3660
    1.3643
    1.3445
    1.3453
    1.3342
    1.3210
    1.3143
    1.3076
    1.3074
    1.3025
    1.3049
    1.3236
    1.3205
    1.3040
    1.2995
    1.2881
    1.2975
    1.3032
    1.2962
    1.3040
    1.2938
    1.2973
    1.2906
    1.2915
    1.2694
    1.2858
    1.3007
    1.2852
    1.2735
    1.2664
    1.2566
    1.2481
    1.2603
    1.2702
    1.2502
    1.2493
    1.2513
    1.2484
    1.2493
    1.2658
    1.2730
    1.2803
    1.2742
    1.2830
    1.3108
    1.3132
    1.3220
    1.3280
    1.3311
    1.3287
    1.3407
    1.3438
    1.3453
    1.3604
    1.3510
    1.3481
    1.3399
    1.3439
    1.3137
    1.3182
    1.3068
    1.3112
    1.3089
    1.3235
    1.3193
    1.3277
    1.3182
    1.3060
    1.2958
    1.3195
    1.3112
    1.3151
    1.3339
    1.3458
    1.3445
    1.3460
    1.3578
    1.3794
    1.3793
    1.3824
    1.3760
    1.3682
    1.3579
    1.3576
    1.3600
    1.3733
    1.3798
    1.3918
    1.3926
    1.3930
    1.4003
    1.3789
    1.3784
    1.3795
    1.3868
    1.3911
    1.3843
    1.3816
    1.3940
    1.4034
    1.4161
    1.4331
    1.4307
    1.4363
    1.4522
    1.4601
    1.4711
    1.4687
    1.4729
    1.5067
    1.4920
    1.5076
    1.5293
    1.5395
    1.5325
    1.5300
    1.5197
    1.5128
    1.5172
    1.5300
    1.5292
    1.5301
    1.5485
    1.5723
    1.5700
    1.5553
    1.5495
    1.5654
    1.5701
    1.5870
    1.5899
    1.6201
    1.6267
    1.6357
    1.6533
    1.6503
    1.6519
    1.6616
    1.6695
    1.6698
    1.6706
    1.6676
    1.6815
    1.6982
    1.6930
    1.6961
    1.7070
    1.7230
    1.7248
    1.7153
    1.7150
    1.7196
    1.7384
    1.7457
    1.7559
    1.7949
    1.7858
    1.7825
    1.8069
    1.7925
    1.7915
    1.8006
    1.8231
    1.8074
    1.8155
    1.8040
    1.8152
    1.8250
    1.8383
    1.8394
    1.8452
    1.8400
    1.8481
    1.8639
    1.8568
    1.8698
    1.8673
    1.8827
    1.8511
    1.8346
    1.8267
    1.8246
    1.8270
    1.8312
    1.8371
    1.8455
    1.8452
    1.8437
    1.8651
    1.8780
    1.8926
    1.9073
    1.9009
    1.9004
    1.9004
    1.9026
    1.9131
    1.9413
    1.9448
    1.9579
    1.9658
    1.9906
    1.9928
    1.9946
    1.9783
    1.9910
    1.9997
    2.0185
    2.0254
    2.0248
    2.0416
    2.0493
    2.0452
    2.0684
    2.0667
    2.0617
    2.0534
    2.0684
    2.0660
    2.0865
    2.0598
    2.0434
    2.0490
    2.0523
    2.0501
    2.0803
    2.0980
    2.1033
    2.1289
    2.1323
    2.1476
    2.1437
    2.1536
    2.1580
    2.1598
    2.1504
    2.1338
    2.1507
    2.1374
    2.1680
    2.1812
    2.1885
    2.2065
    2.2038
    2.1965
    2.2002
    2.2010
    2.2104
    2.2180
    2.2085
    2.1748
    2.1653
    2.1772
    2.2062
    2.2035
    2.2083
    2.1962
    2.2071
    2.1963
    2.1876
    2.1939
    2.1831
    2.1714
    2.1919
    2.1770
    2.1957
    2.1946
    2.1805
    2.2077
    2.2084
    2.2081
    2.2137
    2.1899
    2.2170
    2.2260
    2.2225
    2.2254
    2.2466
    2.2151
    2.2181
    2.2310
    2.2562
    2.2590
    2.2684
    2.2701
    2.2707
    2.2736
    2.2588
    2.2759
    2.2553
    2.2638
    2.2754
    2.2840
    2.2691
    2.2862
    2.2955
    2.2941
    2.3061
    2.3168
    2.3095
    2.3155
    2.3198
    2.3348
    2.3276
    2.3285
    2.3418
    2.3497
    2.3570
    2.3519
    2.3464
    2.3475
    2.3490
    2.3657
    2.3711
    2.3732
    2.3693
    2.3550
    2.3547
    2.3502
    2.3583
    2.3420
    2.3558
    2.3710
    2.3712
    2.3649
    2.3765
    2.3850
    2.3890
    2.3886
    2.3824
    2.4028
    2.4059
    2.4166
    2.4117
    2.4182
    2.4239
    2.4203
    2.4231
    2.4267
    2.4340
    2.4487
    2.4472
    2.4399
    2.4433
    2.4310
    2.4395
    2.4426
    2.4513
    2.4495
    2.4796
    2.4853
    2.4940
    2.4979
    2.5029
    2.5075
    2.5071
    2.5089
    2.5119
    2.5109
    2.5150
    2.5154
    2.5048
    2.4959
    2.4925
    2.4941
    2.4943
    2.4880
    2.4912
    2.5058
    2.5107
    2.5186
    2.5141
    2.5134
    2.5179
    2.5178
    2.5259
    2.5328
    2.5313
    2.5149
    2.5171
    2.5283
    2.5460
    2.5478
    2.5478
    2.5485
    2.5471
    2.5462
    2.5514
    2.5573
    2.5589
    2.5484
    2.5471
    2.5473
    2.5354
    2.5436
    2.5457
    2.5636
    2.5606
    2.5561
    2.5662
    2.5533
    2.5536
    2.5914
    2.6156
    2.6071
    2.6172
    2.6185
    2.6361
    2.6151
    2.6085
    2.6057
    2.6058
    2.6012
    2.6052
    2.5981
    2.6038
    2.5979
    2.5994
    2.5914
    2.5888
    2.5889
    2.6122
    2.6435
    2.6303
    2.6615
    2.6456
    2.6636
    2.6439
    2.6531
    2.6534
    2.6355
    2.6358
    2.6513
    2.6606
    2.6676
    2.6523
    2.6398
    2.6395
    2.6395
    2.6586
    2.7241
    2.7534
    2.7444
    2.7056
    2.7169
    2.7122
    2.6971
    2.6971
    2.7518
    2.7279
    2.7505
    2.7893
    2.7818
    2.8042
    2.8267
    2.8090
    2.8090
    2.8575
    2.8277
    2.8116
    2.7988
    2.8452
    2.8128
    2.8383
    2.9001
    2.9277
    2.9277
    3.0116
    2.9654
    2.9595
    3.0043
    3.0080
    3.0247
    2.9753
    3.1018
    3.1018
    3.0642
    3.0557
    3.0380
    3.0634
    3.0599
    3.0646
    3.0919
    3.1085
    3.1085
    3.1103
    3.1771
    3.1415
    3.2506
    3.2421
    3.2373
    3.2055
    3.1968
    3.1968
    3.3476
    3.2240
    3.2082
    3.2673
    3.2856
    3.2118
    3.1169
    3.1922
    3.1922
    3.1680
    3.1614
    3.1576
    3.2497
    3.2727
    3.1642
    3.1742
    3.1438
    3.1438
    3.1095
    3.1784
    3.2002
    3.2127
    3.1892
    3.2046
    3.1965
    3.3048
    3.2933
    3.2933
    3.3874
    3.5198
    3.5352
    3.5879
    3.4838
    3.6273
    3.5382
    3.3614
    3.3614
    3.3229
    3.3773
    3.4770
    3.5718
    3.7284
    3.7316
    3.8350
    3.9596
    3.9596
    3.8400
    3.9392
    3.9557
    4.0150
    3.9249
    3.8893
