    1.2986
    1.3165
    1.4158
    1.1788
    1.0838
    1.3834
    1.5335
    1.4739
    1.8356
    1.8314
    1.7209
    1.8396
    1.8753
    2.0842
    2.2144
    2.5303
    2.8957
    3.0484
    3.1524
    3.2597
    3.2248
    3.2713
    3.3007
    3.1164
    2.8830
    2.6624
    2.4480
    2.3389
    2.2114
    2.0079
    1.8306
    1.7323
    1.6312
    1.6216
    1.5390
    1.5188
    1.4714
    1.4562
    1.4122
    1.3764
    1.3647
    1.4062
    1.3647
    1.3100
    1.2856
    1.3524
    1.3312
    1.3624
    1.5543
    1.6101
    1.6559
    1.6978
    1.7087
    1.8289
    1.8566
    2.0191
    2.0931
    2.0935
    2.3318
    2.4886
    2.7306
    2.4900
    2.4915
    2.5299
    2.3510
    2.1762
    2.2306
    2.1553
    2.0838
    2.0625
    1.9331
    1.7725
    1.6075
    1.5733
    1.5376
    1.4445
    1.3885
    1.4542
    1.4265
    1.3280
    1.3368
    1.3774
    1.4630
    1.4068
    1.4288
    1.4001
    1.3809
    1.3755
    1.4356
    1.6272
    1.7546
    1.7472
    1.8134
    1.8518
    1.8476
    1.8574
    1.8560
    1.8529
    2.0312
    2.0891
    2.1262
    2.1110
    2.1006
    2.1056
    2.0430
    2.1367
    2.1501
    2.0965
    2.0637
    2.0016
    2.0098
    1.9617
    1.8383
    1.7984
    1.6685
    1.6636
    1.5950
    1.5210
    1.5139
    1.4855
    1.4058
    1.4024
    1.3806
    1.4068
    1.2828
    1.2845
    1.2728
    1.2893
    1.2934
    1.3266
    1.3522
    1.3006
    1.2611
    1.2968
    1.2727
    1.3101
    1.3005
    1.2946
    1.3211
    1.3283
    1.2619
    1.2590
    1.2551
    1.2525
    1.2344
    1.2687
    1.3006
    1.3542
    1.3764
    1.3341
    1.3192
    1.3714
    1.3676
    1.3952
    1.4419
    1.4419
    1.4457
    1.4815
    1.4524
    1.4655
    1.4366
    1.4207
    1.4080
    1.3242
    1.3275
    1.2791
    1.2637
    1.2235
    1.2189
    1.2339
    1.2218
    1.2296
    1.2069
    1.1818
    1.1930
    1.1666
    1.1650
    1.1757
    1.1960
    1.2196
    1.2306
    1.2483
    1.2444
    1.2888
    1.3343
    1.3790
    1.3693
    1.4309
    1.4971
    1.4989
    1.4519
    1.4761
    1.4292
    1.4399
    1.4383
    1.4722
    1.4157
    1.4176
    1.4238
    1.4411
    1.3913
    1.3919
    1.4346
    1.4541
    1.4953
    1.5323
    1.5580
    1.5384
    1.5473
    1.5355
    1.5707
    1.6318
    1.6003
    1.5937
    1.6739
    1.7095
    1.7555
    1.8096
    1.8265
    1.8521
    1.9229
    2.0027
    2.0553
    2.1445
    2.1463
    2.1780
    2.1923
    2.2757
    2.2961
    2.3741
    2.4108
    2.4193
    2.3625
    2.3310
    2.3605
    2.3857
    2.2833
    2.3187
    2.3244
    2.3694
    2.4225
    2.5123
    2.5326
    2.5664
    2.5775
    2.5425
    2.5603
    2.4648
    2.4461
    2.4519
    2.4559
    2.5576
    2.5633
    2.4867
    2.4687
    2.4631
    2.3934
    2.4121
    2.4018
    2.4329
    2.4777
    2.4739
    2.5212
    2.5095
    2.5686
    2.5874
    2.5705
    2.6643
    2.7091
    2.7727
    2.7668
    2.7957
    2.8195
    2.8755
    2.9433
    3.0198
    3.0321
    3.1224
    3.1981
    3.2545
    3.3267
    3.3304
    3.3683
    3.4229
    3.4603
    3.4270
    3.3793
    3.3501
    3.3539
    3.3671
    3.3867
    3.3613
    3.3957
    3.3831
    3.3990
    3.3895
    3.3339
    3.3824
    3.4309
    3.4112
    3.4260
    3.3780
    3.3725
    3.3275
    3.2538
    3.2853
    3.2628
    3.2784
    3.2948
    3.3748
    3.3823
    3.4094
    3.4856
    3.5864
    3.5729
    3.5578
    3.5100
    3.5703
    3.5492
    3.6853
    3.6626
    3.7029
    3.7020
    3.8111
    3.8522
    3.8279
    3.8747
    3.9026
    3.9458
    3.9878
    4.1161
    4.1579
    4.2317
    4.2788
    4.2359
    4.2426
    4.2964
    4.3726
    4.4130
    4.3973
    4.3479
    4.2753
    4.1372
    4.0677
    4.0262
    3.9536
    3.9202
    3.8897
    3.8798
    3.8318
    3.8309
    3.8361
    3.8310
    3.8437
    3.8759
    3.8391
    3.7764
    3.7846
    3.7701
    3.6855
    3.7130
    3.7257
    3.7909
    3.7854
    3.7244
    3.6705
    3.6373
    3.5514
    3.5390
    3.5528
    3.5422
    3.5288
    3.5538
    3.6197
    3.6278
    3.6369
    3.6493
    3.6556
    3.6521
    3.6901
    3.7132
    3.7205
    3.7438
    3.7631
    3.7912
    3.8080
    3.8153
    3.7888
    3.8107
    3.7815
    3.7869
    3.7655
    3.7464
    3.7313
    3.7300
    3.7029
    3.7020
    3.6905
    3.6895
    3.6711
    3.6836
    3.6688
    3.6459
    3.6069
    3.6033
    3.5549
    3.5701
    3.5394
    3.5179
    3.5437
    3.5244
    3.5085
    3.5029
    3.4604
    3.4181
    3.3463
    3.2208
    3.1728
    3.1486
    3.0941
    3.0447
    3.0105
    2.9698
    2.9471
    2.8172
    2.7464
    2.6740
    2.6362
    2.6167
    2.6330
    2.6467
    2.6761
    2.6756
    2.7133
    2.7273
    2.7639
    2.7890
    2.8112
    2.8404
    2.8367
    2.8521
    2.7893
    2.7394
    2.6921
    2.6789
    2.6445
    2.6421
    2.6663
    2.7007
    2.6770
    2.6504
    2.6319
    2.6915
    2.6903
    2.6155
    2.6383
    2.6080
    2.5731
    2.5627
    2.5554
    2.5656
    2.5738
    2.5997
    2.6314
    2.6338
    2.5839
    2.5447
    2.5215
    2.5023
    2.4764
    2.4150
    2.4079
    2.3533
    2.3086
    2.2911
    2.2908
    2.2921
    2.2892
    2.2686
    2.2203
    2.1909
    2.1479
    2.1320
    2.1052
    2.0553
    2.0300
    2.0046
    1.9695
    1.9886
    1.9387
    1.9187
    1.8762
    1.8510
    1.8496
    1.8275
    1.8034
    1.8156
    1.7923
    1.7545
    1.7431
    1.7165
    1.7103
    1.6939
    1.6661
    1.6529
    1.6442
    1.6206
    1.5956
    1.6034
    1.5995
    1.6090
    1.5993
    1.6009
    1.6020
    1.5982
    1.5899
    1.5807
    1.5791
    1.5619
    1.5539
    1.5416
    1.5374
    1.5306
    1.5397
    1.5372
    1.5488
    1.5422
    1.5332
    1.5221
    1.5176
    1.5368
    1.5385
    1.5515
    1.5593
    1.5608
    1.5673
    1.5638
    1.5690
    1.5608
    1.5569
    1.5529
    1.5385
    1.5203
    1.5004
    1.4857
    1.4825
    1.4691
    1.4388
    1.4190
    1.4192
    1.3910
    1.3774
    1.3553
    1.3461
    1.3279
    1.3241
    1.3263
    1.3117
    1.3087
    1.3081
    1.2941
    1.2764
    1.2450
    1.2265
    1.2138
    1.2136
    1.2065
    1.2044
    1.2093
    1.2089
    1.2096
    1.2088
    1.2134
    1.2035
    1.2024
    1.2065
    1.2177
    1.2238
    1.2362
    1.2470
    1.2454
    1.2399
    1.2473
    1.2334
    1.2445
    1.2614
    1.2820
    1.3231
    1.3609
    1.3851
    1.4112
    1.4119
    1.4305
    1.4387
    1.4587
    1.4828
    1.5133
    1.5169
    1.5255
    1.5286
    1.5380
    1.5521
    1.5690
    1.5852
    1.5904
    1.6013
    1.6094
    1.6375
    1.6540
    1.6637
    1.6826
    1.7059
    1.7161
    1.7339
    1.7420
    1.7438
    1.7363
    1.7688
    1.7838
    1.7973
    1.8395
    1.8319
    1.8536
    1.8626
    1.8961
    1.8905
    1.9318
    1.9746
    2.0089
    2.0413
    2.0836
    2.0986
    2.0930
    2.1272
    2.1599
    2.1989
    2.2260
    2.2396
    2.2945
    2.3786
    2.3939
    2.4177
    2.4453
    2.4707
    2.4922
    2.5432
    2.5857
    2.6288
    2.6717
    2.7086
    2.7320
    2.7661
    2.7766
    2.8745
    2.9048
    2.9467
    2.9648
    2.9953
    3.0343
    3.0570
    3.0920
    3.1691
    3.2102
    3.2442
    3.2661
    3.2995
    3.3553
    3.3510
    3.3738
    3.4190
    3.4616
    3.5018
    3.5316
    3.5967
    3.6552
    3.7261
    3.7501
    3.8235
    3.8573
    3.9225
    3.9972
    4.0848
    4.1619
    4.2478
    4.3241
    4.4132
    4.4534
    4.4469
    4.4916
    4.6024
    4.6989
    4.8224
    4.8804
    4.9690
    5.0320
    5.1076
    5.1450
    5.2122
    5.2551
    5.2850
    5.3274
    5.4498
    5.5592
    5.5902
    5.6693
    5.6667
    5.7231
    5.8088
    5.8817
    5.9192
    5.9790
    5.9997
    6.0065
    6.0619
    6.0859
    6.1506
    6.2000
    6.2477
    6.2409
    6.3120
    6.4145
    6.4941
    6.5305
    6.5315
    6.5192
    6.5322
    6.5567
    6.5942
    6.6171
    6.6578
    6.7367
    6.7461
    6.8230
    6.8607
    6.9723
    7.0837
    7.1296
    7.1222
    7.1332
    7.1879
    7.2253
    7.2354
    7.2578
    7.3125
    7.3646
    7.4688
    7.5340
    7.6567
    7.7486
    7.7964
    7.9432
    8.0081
    8.0208
    8.0437
    8.0168
    8.0302
    8.0823
    8.1321
    8.1922
    8.2183
    8.2770
    8.3632
    8.4250
    8.4985
    8.5854
    8.5997
    8.6203
    8.6845
    8.6775
    8.7039
    8.7300
    8.8060
    8.8517
    8.9044
    8.9252
    8.9952
    9.0570
    9.1072
    9.1721
    9.1846
    9.2693
    9.2944
    9.3678
    9.5490
    9.6038
    9.6309
    9.7044
    9.7828
    9.7950
    9.8207
    9.8272
    9.8392
    9.8763
    9.9686
   10.0716
   10.1845
   10.2744
   10.2857
   10.2941
   10.3505
   10.4467
   10.5035
   10.5939
   10.6636
   10.7151
   10.7508
   10.7735
   10.7784
   10.8616
   10.8884
   10.9251
   10.9813
   11.0570
   11.0938
   11.1361
   11.1592
   11.2376
   11.2500
   11.2388
   11.2544
   11.2951
   11.3017
   11.3104
   11.2969
   11.3123
   11.3451
   11.3442
   11.3929
   11.4072
   11.4046
   11.4150
   11.4028
   11.3650
   11.4100
   11.4098
   11.3965
   11.3961
   11.4406
   11.4690
   11.4783
   11.4834
   11.4905
   11.5013
   11.5065
   11.5051
   11.4920
   11.4937
   11.4913
   11.4931
   11.4794
   11.4654
   11.4904
   11.4957
   11.4848
   11.4893
   11.4909
   11.5099
   11.5120
   11.5223
   11.5624
   11.5796
   11.5803
   11.5742
   11.5998
   11.6260
   11.6962
   11.7359
   11.7456
   11.7072
   11.7438
   11.7455
   11.7725
   11.8856
   11.9877
   12.0932
   12.0782
   12.0556
   12.0761
   12.1072
   12.1089
   12.1975
   12.3006
   12.4049
   12.4878
   12.5058
   12.6606
   12.7551
   12.7471
   12.8696
   12.8693
   12.9345
   12.9447
   12.9340
   12.9921
   13.0280
   13.1035
   13.1364
   13.1984
   13.1972
   13.2215
   13.2758
   13.2835
   13.3708
   13.4499
   13.5489
   13.5553
   13.5806
   13.5820
   13.6364
   13.6840
   13.7680
   13.9305
   14.0782
   14.1399
   14.2074
   14.3027
   14.3027
   14.3235
   14.2964
   14.2818
   14.2975
   14.4957
   14.5346
   14.5353
   14.6203
   14.6203
   14.6986
   14.6716
   14.6926
   14.8728
   14.8449
   14.8824
   14.9135
   15.0924
   15.0924
   15.3132
   15.5849
   15.5703
   15.4720
   15.5830
   15.6971
   15.7031
   15.6017
   15.4840
   15.4840
   15.1930
   15.3750
   15.4430
   15.6540
   15.8833
   16.4781
   16.7716
   16.7363
   16.7363
   16.6267
   16.7617
   16.7537
   17.1140
   17.0930
   16.9261
   16.9610
   17.0020
   17.0020
   16.9322
   17.1955
   17.4729
   17.9326
   17.9290
   18.3748
   18.3431
   18.3161
   18.3161
   18.4274
   18.5944
   18.8198
   19.0663
   18.9770
   18.9943
   19.4712
   19.7549
   19.7549
   19.7845
   19.9115
   20.0915
   20.0500
   20.4005
   20.1198
   19.8273
   19.9110
   19.9110
   19.9851
   19.8615
   19.6578
   19.9704
   20.0715
   20.4733
   20.3682
   20.5397
   20.9793
   20.9793
   20.3173
   20.2341
   19.4615
   19.6983
   19.8404
   20.1773
   20.0907
   20.8740
   20.8740
   20.2768
   20.3339
   20.2851
   20.6834
   20.8799
   20.2162
   20.0781
   20.2456
   20.2456
   20.1487
   19.8628
   20.2773
   19.8863
   19.3558
   18.9361
