    1.7928
    1.6996
    1.6081
    1.3957
    1.9927
    2.2481
    2.0345
    2.8927
    2.6291
    2.7548
    3.0410
    3.2675
    3.4830
    3.4921
    3.8046
    4.0545
    4.5504
    4.7154
    4.8594
    4.9963
    5.1049
    5.3265
    5.2880
    5.1384
    4.7792
    4.4909
    4.2973
    4.1096
    3.9507
    3.6648
    3.4637
    3.1167
    2.6328
    2.4509
    2.2762
    2.0605
    2.0051
    1.9472
    1.8541
    1.8057
    1.8314
    1.8374
    1.8851
    2.0134
    2.1045
    2.0593
    2.1477
    2.2054
    2.3298
    2.5383
    2.7251
    2.8939
    3.1269
    3.1449
    3.1165
    3.1004
    3.1604
    3.4956
    3.3960
    3.5164
    3.7247
    3.9661
    4.1273
    3.7247
    3.6139
    3.4214
    3.3842
    3.3098
    3.4138
    3.3822
    3.5478
    3.3955
    3.1422
    3.1892
    3.2231
    3.1938
    3.0372
    2.8339
    2.8711
    3.1584
    3.4288
    3.7276
    4.0254
    4.3142
    4.6264
    4.5772
    4.4957
    4.5811
    4.6087
    4.3313
    4.6794
    4.9922
    5.1615
    5.7012
    5.9662
    6.3839
    6.9296
    7.3738
    7.4742
    7.6222
    7.8323
    8.2390
    8.4089
    8.2968
    8.5447
    8.3465
    9.5542
    9.9011
    9.8221
    9.9114
   10.2525
   10.1474
   10.6723
   10.7862
   10.4335
   10.1807
    9.9986
    9.5986
    8.6507
    7.9483
    7.6705
    7.4782
    6.8714
    6.7681
    6.5298
    6.6952
    6.7119
    6.5271
    6.4807
    6.1568
    5.5971
    5.4616
    5.1618
    5.1079
    4.8194
    4.5830
    4.5754
    4.5185
    4.4844
    4.4470
    4.5664
    4.5166
    4.3386
    4.3038
    4.2992
    4.2522
    4.1814
    4.1922
    4.1505
    4.2363
    4.2824
    4.2331
    4.1516
    4.2209
    4.3391
    4.2533
    4.2733
    4.3757
    4.3113
    4.2880
    4.3560
    4.4231
    4.4847
    4.7231
    4.6734
    4.6737
    4.6484
    4.6674
    4.5254
    4.4967
    4.5589
    4.3665
    4.2705
    4.2002
    4.2014
    4.0979
    4.0306
    3.8283
    3.7930
    3.8547
    3.8325
    3.7472
    3.6787
    3.6420
    3.6096
    3.5820
    3.6042
    3.6543
    3.8205
    3.8789
    3.8538
    3.8471
    3.8180
    3.8420
    3.7369
    3.7471
    3.6696
    3.6510
    3.6352
    3.6550
    3.5311
    3.5296
    3.4529
    3.3025
    3.2914
    3.2758
    3.2203
    3.1637
    3.2705
    3.2725
    3.2668
    3.3170
    3.4048
    3.4027
    3.4416
    3.4882
    3.5186
    3.5623
    3.6287
    3.6199
    3.6082
    3.5804
    3.5960
    3.5771
    3.5555
    3.5372
    3.4460
    3.4136
    3.3595
    3.3532
    3.3461
    3.3424
    3.3550
    3.3371
    3.3400
    3.3066
    3.3206
    3.2102
    3.1957
    3.1086
    3.0809
    3.0551
    3.0914
    3.0651
    3.0198
    3.0029
    2.9427
    2.9471
    2.9966
    3.0316
    2.9959
    2.9542
    3.0184
    2.8871
    2.8572
    2.8981
    2.8633
    2.8385
    2.8262
    2.7943
    2.7862
    2.8008
    2.7132
    2.7092
    2.7323
    2.6993
    2.6406
    2.6185
    2.5848
    2.5631
    2.4899
    2.4939
    2.4874
    2.4569
    2.4557
    2.4304
    2.4335
    2.4271
    2.4723
    2.4747
    2.4539
    2.4701
    2.4522
    2.4522
    2.4704
    2.5449
    2.5570
    2.5847
    2.6008
    2.5862
    2.6189
    2.6148
    2.6045
    2.5777
    2.5553
    2.5315
    2.5243
    2.5107
    2.4994
    2.4659
    2.4617
    2.4793
    2.4330
    2.4455
    2.5135
    2.4602
    2.4455
    2.4424
    2.4450
    2.4284
    2.4322
    2.4476
    2.4361
    2.4204
    2.3937
    2.4076
    2.4219
    2.3945
    2.4466
    2.4919
    2.5029
    2.5125
    2.5333
    2.5667
    2.5810
    2.5701
    2.5449
    2.5225
    2.5579
    2.5835
    2.5975
    2.5764
    2.5754
    2.5464
    2.5819
    2.5915
    2.5861
    2.5929
    2.6764
    2.6781
    2.6296
    2.6801
    2.6712
    2.6706
    2.6841
    2.6612
    2.6488
    2.6224
    2.6574
    2.6592
    2.6098
    2.5879
    2.5833
    2.6228
    2.6339
    2.6949
    2.7008
    2.7028
    2.6553
    2.5730
    2.5965
    2.5998
    2.5689
    2.5549
    2.6340
    2.6091
    2.5736
    2.4921
    2.5028
    2.4830
    2.5238
    2.5046
    2.5230
    2.5381
    2.4979
    2.5574
    2.5416
    2.5829
    2.5857
    2.5847
    2.6044
    2.6471
    2.6861
    2.5818
    2.5880
    2.6168
    2.6293
    2.6519
    2.6501
    2.6811
    2.7183
    2.6905
    2.6873
    2.6872
    2.6864
    2.6582
    2.6470
    2.6415
    2.6291
    2.6248
    2.6251
    2.6317
    2.6318
    2.6263
    2.6328
    2.6622
    2.6617
    2.6589
    2.6461
    2.6598
    2.6698
    2.6963
    2.6807
    2.6922
    2.6742
    2.6602
    2.6405
    2.6838
    2.6750
    2.6559
    2.6328
    2.6450
    2.6656
    2.6679
    2.6615
    2.6203
    2.5712
    2.5680
    2.6090
    2.6100
    2.5908
    2.5908
    2.5687
    2.5536
    2.5633
    2.5671
    2.5681
    2.5900
    2.5618
    2.5650
    2.5531
    2.5626
    2.5499
    2.5294
    2.5418
    2.4995
    2.4895
    2.4614
    2.4514
    2.4477
    2.4420
    2.4527
    2.4785
    2.4945
    2.4547
    2.4351
    2.4496
    2.4524
    2.4505
    2.3828
    2.3790
    2.4041
    2.4294
    2.4872
    2.4775
    2.4763
    2.4547
    2.4456
    2.4601
    2.4252
    2.3744
    2.3773
    2.3463
    2.3206
    2.3331
    2.2950
    2.2785
    2.2663
    2.2681
    2.2328
    2.2338
    2.1941
    2.2375
    2.2284
    2.2202
    2.1945
    2.1609
    2.1052
    2.0742
    2.0758
    2.0704
    2.0371
    2.0430
    2.0402
    2.0296
    2.0231
    2.0279
    2.0260
    2.0295
    2.0303
    2.0321
    2.0406
    2.0403
    2.0303
    2.0279
    2.0316
    2.0289
    2.0305
    2.0258
    2.0059
    1.9894
    1.9528
    1.9445
    1.9414
    1.9792
    1.9777
    1.9528
    1.9566
    1.9566
    1.9700
    1.9514
    1.9343
    1.9460
    1.9354
    1.9432
    1.9390
    1.9283
    1.9326
    1.9341
    1.9440
    1.9249
    1.9364
    1.9193
    1.9290
    1.9300
    1.9101
    1.9300
    1.9339
    1.9372
    1.9158
    1.9123
    1.9063
    1.9241
    1.9134
    1.9150
    1.9026
    1.8981
    1.8956
    1.9126
    1.9136
    1.9294
    1.9324
    1.9212
    1.9108
    1.9291
    1.9513
    1.9380
    1.9559
    1.9646
    1.9713
    1.9725
    1.9953
    2.0122
    1.9791
    1.9831
    1.9895
    1.9885
    1.9759
    1.9706
    1.9710
    1.9593
    1.9594
    1.9653
    1.9628
    1.9458
    1.9491
    1.9608
    1.9601
    1.9445
    1.9390
    1.9284
    1.9254
    1.9110
    1.9257
    1.9387
    1.9389
    1.9231
    1.9201
    1.9343
    1.9470
    1.9527
    1.9851
    2.0141
    2.0411
    2.0386
    2.0152
    2.0047
    1.9937
    2.0007
    2.0289
    2.0569
    2.0560
    2.0468
    2.0556
    2.0765
    2.0689
    2.0761
    2.0812
    2.0895
    2.0911
    2.0846
    2.1114
    2.1168
    2.1500
    2.1404
    2.1661
    2.1525
    2.1545
    2.1504
    2.1658
    2.1405
    2.1411
    2.1540
    2.1589
    2.1521
    2.1430
    2.1507
    2.1627
    2.1592
    2.1516
    2.1443
    2.1339
    2.1313
    2.1331
    2.1300
    2.1244
    2.1176
    2.1110
    2.0905
    2.0913
    2.0929
    2.1055
    2.1150
    2.1266
    2.1587
    2.1600
    2.1711
    2.1515
    2.1438
    2.1423
    2.1387
    2.1480
    2.1415
    2.1346
    2.1135
    2.1245
    2.1186
    2.1114
    2.1182
    2.1138
    2.1107
    2.1153
    2.0965
    2.0793
    2.0611
    2.0434
    2.0381
    2.0247
    2.0170
    2.0169
    1.9930
    2.0064
    2.0022
    2.0029
    2.0210
    2.0306
    2.0220
    2.0166
    2.0196
    2.0100
    1.9969
    2.0083
    2.0107
    1.9978
    2.0051
    1.9958
    2.0044
    2.0109
    2.0194
    2.0226
    2.0212
    2.0170
    2.0143
    1.9967
    1.9929
    1.9991
    2.0074
    2.0190
    2.0244
    2.0027
    1.9800
    1.9825
    1.9773
    1.9742
    1.9598
    1.9554
    1.9507
    1.9554
    1.9395
    1.9661
    1.9899
    1.9853
    1.9800
    1.9831
    1.9874
    2.0021
    2.0062
    2.0080
    2.0060
    2.0041
    2.0169
    2.0266
    2.0297
    2.0369
    2.0452
    2.0501
    2.0582
    2.0659
    2.0774
    2.0756
    2.0620
    2.0754
    2.0894
    2.0984
    2.1237
    2.1236
    2.1082
    2.0954
    2.1092
    2.1211
    2.1263
    2.1115
    2.1067
    2.0966
    2.1171
    2.1033
    2.0782
    2.0697
    2.0553
    2.0708
    2.0752
    2.0725
    2.0804
    2.1151
    2.1028
    2.1075
    2.0898
    2.0965
    2.0878
    2.0886
    2.0887
    2.0728
    2.0747
    2.0995
    2.0944
    2.0826
    2.0798
    2.0960
    2.0984
    2.1024
    2.1078
    2.1142
    2.1144
    2.1247
    2.1386
    2.1406
    2.1458
    2.1420
    2.1458
    2.1490
    2.1528
    2.1752
    2.1831
    2.1697
    2.1751
    2.1723
    2.1710
    2.1643
    2.1584
    2.1470
    2.1350
    2.1211
    2.1311
    2.1303
    2.1112
    2.1126
    2.1181
    2.1157
    2.1202
    2.1215
    2.1261
    2.1271
    2.1232
    2.1276
    2.1289
    2.1276
    2.1295
    2.1324
    2.1227
    2.1153
    2.1027
    2.1156
    2.1237
    2.1198
    2.1138
    2.1170
    2.1226
    2.1223
    2.1203
    2.1235
    2.1310
    2.1438
    2.1376
    2.1402
    2.1407
    2.1552
    2.1503
    2.1640
    2.1654
    2.1565
    2.1615
    2.1670
    2.1674
    2.1588
    2.1586
    2.1692
    2.1836
    2.1969
    2.2281
    2.2281
    2.2457
    2.2573
    2.2571
    2.2572
    2.2614
    2.2811
    2.2741
    2.2753
    2.2746
    2.2682
    2.2619
    2.2847
    2.2832
    2.2940
    2.2977
    2.2949
    2.2957
    2.3056
    2.2982
    2.2894
    2.3066
    2.3066
    2.3037
    2.3128
    2.3179
    2.3195
    2.3149
    2.3116
    2.3054
    2.3111
    2.3110
    2.3150
    2.3212
    2.3367
    2.3307
    2.3336
    2.3373
    2.3291
    2.3195
    2.3198
    2.3025
    2.3215
    2.3505
    2.3662
    2.3798
    2.3647
    2.3629
    2.3854
    2.3991
    2.3992
    2.3985
    2.3905
    2.3952
    2.3770
    2.3678
    2.3484
    2.3492
    2.3500
    2.3502
    2.3458
    2.3402
    2.3242
    2.3308
    2.3413
    2.3565
    2.3632
    2.3606
    2.3611
    2.3467
    2.3490
    2.3643
    2.3765
    2.3669
    2.3423
    2.3269
    2.3213
    2.3213
    2.3175
    2.3285
    2.3392
    2.3926
    2.3934
    2.3762
    2.3630
    2.3321
    2.3321
    2.3262
    2.3148
    2.3243
    2.3506
    2.3566
    2.3534
    2.3691
    2.3857
    2.3857
    2.4032
    2.4217
    2.4252
    2.3929
    2.3970
    2.4574
    2.4804
    2.5149
    2.5327
    2.5327
    2.5342
    2.5603
    2.5600
    2.5789
    2.4899
    2.5397
    2.4993
    2.5332
    2.5332
    2.5295
    2.5895
    2.6089
    2.6354
    2.6369
    2.6735
    2.6561
    2.5443
    2.5443
    2.5568
    2.5945
    2.6088
    2.5677
    2.5576
    2.5755
    2.5582
    2.5277
    2.5277
    2.5161
    2.5479
    2.4694
    2.4251
    2.4055
    2.3989
    2.4144
    2.4427
    2.4427
    2.4718
    2.4500
    2.4477
    2.3422
    2.3721
    2.4066
    2.4603
    2.4005
    2.4005
    2.3997
    2.4290
    2.4723
    2.5403
    2.5924
    2.6904
    2.7812
    2.7701
    2.7805
    2.7805
    2.8255
    3.0208
    2.9983
    2.9695
    3.0474
    3.0021
    2.9523
    2.9850
    2.9850
    3.0391
    3.0823
    3.1661
    3.1808
    3.2821
    3.2800
    3.2720
    3.3155
    3.3155
    3.3705
    3.4067
    3.4817
    3.4882
    2.9911
    2.8742
