    3.5477
    3.3064
    5.7346
    2.0440
    1.7067
    8.3850
   14.4140
    0.7946
    2.9521
    2.1143
    2.6736
    2.2039
    2.1220
    1.8762
    1.9455
    2.0302
    2.2030
    2.1146
    1.7531
    2.0246
    2.1245
    2.3512
    2.4824
    3.5186
    3.0447
    2.7359
    2.5584
    2.5911
    2.5323
    2.4577
    2.7553
    2.9259
    3.5016
    3.7586
    3.7125
    3.9389
    4.0166
    4.0187
    3.8696
    4.1192
    4.7010
    4.5307
    4.5269
    5.1898
    5.6032
    5.7007
    5.2731
    4.8060
    4.0207
    4.0115
    3.5509
    3.2040
    3.0756
    3.0212
    3.1101
    2.9707
    2.6012
    2.2151
    2.1698
    2.2218
    2.1708
    2.1818
    2.0758
    2.2158
    2.3305
    2.6063
    2.5875
    2.6284
    2.5895
    2.5000
    2.7395
    2.9934
    3.3682
    3.5653
    3.9291
    4.3230
    4.5955
    4.6691
    4.7781
    4.5333
    4.5025
    4.1938
    4.1316
    4.0445
    4.2444
    4.0107
    3.8746
    3.9459
    3.6810
    3.8807
    4.0014
    4.2108
    4.1923
    4.1047
    4.0506
    3.8926
    3.9937
    3.8665
    3.5255
    3.4698
    3.4737
    3.6377
    3.6796
    3.7211
    3.8436
    3.9718
    3.3214
    3.7508
    3.9284
    3.6676
    3.6151
    3.7946
    3.7949
    3.8170
    3.8119
    3.5928
    3.3552
    3.1183
    3.1053
    3.0782
    2.8801
    2.7090
    2.6011
    2.7316
    2.6625
    2.7076
    2.6497
    2.5741
    2.5797
    2.5233
    2.5632
    2.4179
    2.4279
    2.4608
    2.5860
    2.4881
    2.4137
    2.4460
    2.4497
    2.3623
    2.3660
    2.3347
    2.2835
    2.1486
    2.0521
    2.0553
    2.0210
    2.0531
    1.9138
    1.8504
    1.8041
    1.8777
    1.8814
    1.7683
    1.7958
    1.8084
    1.7507
    1.6990
    1.6417
    1.6634
    1.6323
    1.6428
    1.6499
    1.6986
    1.7352
    1.7234
    1.7748
    1.7043
    1.6695
    1.6560
    1.6359
    1.6359
    1.5992
    1.6131
    1.6950
    1.7119
    1.6977
    1.5818
    1.4939
    1.3939
    1.3241
    1.2838
    1.2288
    1.2099
    1.2445
    1.1740
    1.1120
    1.1011
    1.1111
    1.1162
    1.0856
    1.0729
    1.1314
    1.2158
    1.2574
    1.2639
    1.3651
    1.4542
    1.4828
    1.5334
    1.6185
    1.6846
    1.7573
    1.7964
    1.9008
    1.8879
    1.9079
    1.9834
    2.0230
    2.0054
    2.0416
    2.1856
    2.3084
    2.3364
    2.3137
    2.3716
    2.3367
    2.3321
    2.3633
    2.3544
    2.3052
    2.3249
    2.3258
    2.3284
    2.3085
    2.2921
    2.3327
    2.3232
    2.2843
    2.2699
    2.2708
    2.2258
    2.1301
    2.1635
    2.2163
    2.2364
    2.1923
    2.1953
    2.1893
    2.1916
    2.1907
    2.2104
    2.1889
    2.1787
    2.1247
    2.1663
    2.1733
    2.1206
    2.0734
    2.0540
    2.0764
    2.0557
    2.0208
    2.1083
    2.1108
    2.0996
    2.1041
    2.1214
    2.1641
    2.1963
    2.2062
    2.1861
    2.2024
    2.2277
    2.2282
    2.2437
    2.2041
    2.1616
    2.1620
    2.1499
    2.1862
    2.1952
    2.1748
    2.1375
    2.1105
    2.0499
    2.0163
    1.9651
    1.9692
    1.9581
    1.9642
    1.9856
    1.9927
    2.0007
    1.9794
    2.0036
    2.0567
    2.0776
    2.0912
    2.1030
    2.1330
    2.1611
    2.2127
    2.1901
    2.1764
    2.1638
    2.1707
    2.2113
    2.2159
    2.2299
    2.2313
    2.2174
    2.1817
    2.1572
    2.1369
    2.1317
    2.1135
    2.1524
    2.1552
    2.1437
    2.1571
    2.1550
    2.1862
    2.2051
    2.1815
    2.1249
    2.1339
    2.1340
    2.0928
    2.0598
    2.0507
    2.0318
    2.0467
    2.0466
    2.0135
    1.9691
    1.9294
    1.8953
    1.8493
    1.8438
    1.8464
    1.8368
    1.7949
    1.7673
    1.7539
    1.7338
    1.7124
    1.6641
    1.6447
    1.6585
    1.6711
    1.6461
    1.6179
    1.6399
    1.6428
    1.6341
    1.6829
    1.7112
    1.7204
    1.7595
    1.8038
    1.8440
    1.8231
    1.7939
    1.7734
    1.8258
    1.8635
    1.8675
    1.8971
    1.8511
    1.8346
    1.8109
    1.8307
    1.8543
    1.8650
    1.8406
    1.8420
    1.8563
    1.8545
    1.8606
    1.8841
    1.9247
    1.9383
    1.9403
    1.9444
    1.9685
    1.9679
    1.9486
    1.9503
    1.9923
    1.9939
    2.0030
    2.0397
    2.0668
    2.0672
    2.0750
    2.0778
    2.0529
    2.0384
    2.0378
    2.0513
    2.0454
    2.0155
    2.0344
    2.0325
    2.0373
    2.0629
    2.0897
    2.0884
    2.1280
    2.1660
    2.1666
    2.1217
    2.1239
    2.1211
    2.0916
    2.0907
    2.0867
    2.1085
    2.1019
    2.0817
    2.0753
    2.0787
    2.0929
    2.1085
    2.1105
    2.1202
    2.1152
    2.1422
    2.1462
    2.1409
    2.1596
    2.1744
    2.1667
    2.1577
    2.1655
    2.1784
    2.1680
    2.1312
    2.1288
    2.1411
    2.1407
    2.1200
    2.1243
    2.1536
    2.1845
    2.1798
    2.1680
    2.1743
    2.1724
    2.1480
    2.1333
    2.1078
    2.1098
    2.1142
    2.1214
    2.1249
    2.0931
    2.0711
    2.0742
    2.0715
    2.0814
    2.0931
    2.0975
    2.1091
    2.1040
    2.0935
    2.0614
    2.0422
    2.0158
    2.0254
    2.0274
    2.0011
    2.0090
    2.0302
    2.0516
    2.0548
    2.0491
    2.0335
    2.0327
    2.0153
    2.0313
    2.0124
    1.9950
    2.0054
    2.0103
    2.0271
    2.0186
    2.0134
    2.0210
    2.0504
    2.0750
    2.0716
    2.0865
    2.0952
    2.0941
    2.1060
    2.1338
    2.1754
    2.1876
    2.1882
    2.1495
    2.1317
    2.1371
    2.1361
    2.1666
    2.1468
    2.1775
    2.2292
    2.1936
    2.1863
    2.1983
    2.1764
    2.1700
    2.1865
    2.1653
    2.1736
    2.1985
    2.1967
    2.1948
    2.2084
    2.1748
    2.1732
    2.2041
    2.2344
    2.2247
    2.2268
    2.2182
    2.2290
    2.2486
    2.2332
    2.2009
    2.2010
    2.2063
    2.1792
    2.1777
    2.1693
    2.1259
    2.1239
    2.1406
    2.0852
    2.1010
    2.0764
    2.0369
    2.0650
    2.0743
    2.0715
    2.1003
    2.1122
    2.1222
    2.1527
    2.1770
    2.1781
    2.2040
    2.2078
    2.2012
    2.1946
    2.1832
    2.1656
    2.1505
    2.1595
    2.1861
    2.1794
    2.1675
    2.1481
    2.1711
    2.1707
    2.1621
    2.1720
    2.1853
    2.1764
    2.1714
    2.1702
    2.2033
    2.1947
    2.1847
    2.1839
    2.1934
    2.1891
    2.1929
    2.2112
    2.2508
    2.2586
    2.2542
    2.2492
    2.2531
    2.2566
    2.2540
    2.2644
    2.2581
    2.2414
    2.2467
    2.2433
    2.2356
    2.2269
    2.2015
    2.1982
    2.1639
    2.1380
    2.1513
    2.1604
    2.1672
    2.1917
    2.1686
    2.1702
    2.1788
    2.1834
    2.2062
    2.2125
    2.2165
    2.2078
    2.2223
    2.2208
    2.2088
    2.1953
    2.1949
    2.1998
    2.2011
    2.2170
    2.2117
    2.1952
    2.1803
    2.1698
    2.1515
    2.1518
    2.1512
    2.1721
    2.1634
    2.1599
    2.1695
    2.1828
    2.1963
    2.2029
    2.2053
    2.1974
    2.2034
    2.1872
    2.1706
    2.1557
    2.1625
    2.1649
    2.1698
    2.1789
    2.1779
    2.1767
    2.1800
    2.1876
    2.1849
    2.1901
    2.1995
    2.2028
    2.2104
    2.2278
    2.2124
    2.2355
    2.2616
    2.2487
    2.2532
    2.2417
    2.2276
    2.2249
    2.2162
    2.2345
    2.2400
    2.2254
    2.2359
    2.2630
    2.2767
    2.2684
    2.2677
    2.2688
    2.3093
    2.3012
    2.2905
    2.3144
    2.3228
    2.3219
    2.3397
    2.3533
    2.3726
    2.3778
    2.3833
    2.4166
    2.3933
    2.3878
    2.4037
    2.4020
    2.3983
    2.4063
    2.4226
    2.4347
    2.4177
    2.4155
    2.4091
    2.3895
    2.4004
    2.3910
    2.3929
    2.4083
    2.4276
    2.4230
    2.4375
    2.4396
    2.4277
    2.4227
    2.4303
    2.4163
    2.4164
    2.4313
    2.4318
    2.4290
    2.4445
    2.4357
    2.4405
    2.4515
    2.4577
    2.4650
    2.4661
    2.4658
    2.4613
    2.4698
    2.4845
    2.5127
    2.5238
    2.5287
    2.5302
    2.5401
    2.5309
    2.5410
    2.5417
    2.5421
    2.5185
    2.5252
    2.5287
    2.5087
    2.4925
    2.4932
    2.4905
    2.4873
    2.4795
    2.4912
    2.5067
    2.5124
    2.4942
    2.5053
    2.5116
    2.5046
    2.5085
    2.5135
    2.5236
    2.5538
    2.5827
    2.5831
    2.5646
    2.5404
    2.5496
    2.5322
    2.5500
    2.5491
    2.5190
    2.5188
    2.5279
    2.5202
    2.5086
    2.5128
    2.5305
    2.5362
    2.5352
    2.5268
    2.5487
    2.5348
    2.5384
    2.5352
    2.5308
    2.5314
    2.5248
    2.5207
    2.5378
    2.5528
    2.5417
    2.5558
    2.5540
    2.5766
    2.5954
    2.6022
    2.5950
    2.5750
    2.5866
    2.5920
    2.5932
    2.5978
    2.5974
    2.6007
    2.5981
    2.5888
    2.5867
    2.5879
    2.5952
    2.5953
    2.6019
    2.6183
    2.6131
    2.6160
    2.6319
    2.6340
    2.6227
    2.6136
    2.6172
    2.6217
    2.6185
    2.6033
    2.6032
    2.6014
    2.5985
    2.5933
    2.5908
    2.5900
    2.5895
    2.5843
    2.5738
    2.6000
    2.5870
    2.5720
    2.5625
    2.5671
    2.5666
    2.5598
    2.5535
    2.5692
    2.5767
    2.5900
    2.5868
    2.5817
    2.5876
    2.5851
    2.5904
    2.5854
    2.5757
    2.5702
    2.5731
    2.5727
    2.5742
    2.5626
    2.5476
    2.5484
    2.5605
    2.5803
    2.5789
    2.5737
    2.5673
    2.5614
    2.5593
    2.5509
    2.5506
    2.5347
    2.5204
    2.5315
    2.5278
    2.5396
    2.5549
    2.5530
    2.5362
    2.5359
    2.5305
    2.5228
    2.5119
    2.5024
    2.4959
    2.4941
    2.4777
    2.4822
    2.4821
    2.4974
    2.4887
    2.4842
    2.5104
    2.5078
    2.4923
    2.4791
    2.4830
    2.4830
    2.4798
    2.4941
    2.5020
    2.4929
    2.4907
    2.4800
    2.5033
    2.5204
    2.5201
    2.5212
    2.5265
    2.5143
    2.4933
    2.5165
    2.5257
    2.5021
    2.4702
    2.4594
    2.4590
    2.4645
    2.4804
    2.4941
    2.4757
    2.4667
    2.4579
    2.4457
    2.4070
    2.4065
    2.3877
    2.3767
    2.3627
    2.3495
    2.3522
    2.3176
    2.3121
    2.2766
    2.2764
    2.2555
    2.2781
    2.2728
    2.2712
    2.3078
    2.3319
    2.3067
    2.3394
    2.3394
    2.3535
    2.3643
    2.3764
    2.3821
    2.3834
    2.3665
    2.4107
    2.4225
    2.4225
    2.4192
    2.4136
    2.4351
    2.4559
    2.4561
    2.4614
    2.4483
    2.4247
    2.4247
    2.4211
    2.4022
    2.4492
    2.5006
    2.4502
    2.4746
    2.4613
    2.4758
    2.5669
    2.5669
    2.5974
    2.6104
    2.5690
    2.5743
    2.5929
    2.5377
    2.4671
    2.4627
    2.4627
    2.4427
    2.4720
    2.4610
    2.4265
    2.4914
    2.5532
    2.5749
    2.5868
    2.5868
    2.5681
    2.5580
    2.5225
    2.4473
    2.4179
    2.4169
    2.4832
    2.5060
    2.5060
    2.4930
    2.4535
    2.4103
    2.3711
    2.3218
    2.3577
    2.3659
    2.3454
    2.3454
    2.3580
    2.3418
    2.3307
    2.3023
    2.2922
    2.2893
    2.1961
    2.2362
    2.2362
    2.2493
    2.3372
    2.3165
    2.3140
    2.3223
    2.2814
    2.2503
    2.2341
    2.2935
    2.2935
    2.1888
    2.1984
    2.2191
    2.2620
    2.2021
    2.1697
    2.2072
    2.1829
    2.1829
    2.2894
    2.2711
    2.2031
    2.2490
    2.2003
    2.1475
    2.1396
    2.1427
    2.1427
    2.1271
    2.1326
    2.1195
    2.0728
    2.0808
    2.0368
