    7.6003
    4.2992
    5.7032
    3.3768
    5.4889
    5.4671
    3.7571
    6.1415
    6.2383
    4.7771
    4.7754
    3.7532
    4.2522
    4.5372
    4.5201
    4.1238
    3.4842
    3.4868
    3.3267
    3.4858
    3.7479
    4.0500
    4.0693
    4.5291
    4.1212
    3.6368
    3.2446
    3.6094
    3.2753
    3.2592
    3.7429
    3.5171
    4.2677
    4.6673
    3.6630
    4.2134
    3.7893
    3.4819
    2.9661
    3.1525
    2.7175
    2.6990
    2.6716
    2.5790
    2.3093
    2.4478
    2.3643
    2.3274
    2.2126
    2.0330
    1.8960
    1.9051
    1.8437
    1.7661
    1.9013
    2.0205
    1.8960
    1.9101
    1.8782
    1.8689
    1.6757
    1.9009
    1.8798
    2.0911
    2.0714
    2.0919
    1.9781
    1.9689
    1.9391
    1.9228
    2.1347
    2.2078
    2.1235
    2.0066
    1.9332
    1.9264
    2.0293
    1.8752
    1.8826
    1.8026
    1.8553
    1.7429
    1.8310
    1.7244
    1.7399
    1.8446
    1.8205
    1.7635
    1.7220
    1.6049
    1.6811
    1.7681
    1.8923
    1.9565
    2.0859
    2.0123
    2.0339
    2.2130
    2.1608
    2.1243
    2.1660
    2.2159
    2.1786
    2.2167
    2.1619
    2.1414
    2.2992
    2.2449
    2.2077
    2.2265
    2.1706
    2.2192
    2.2526
    2.3372
    2.2618
    2.1457
    2.0021
    1.9682
    2.0027
    2.0976
    2.1661
    2.1920
    2.0615
    2.0468
    2.0844
    2.1636
    2.1541
    2.1273
    2.1014
    2.1044
    2.3390
    2.3852
    2.4864
    2.3808
    2.3485
    2.3632
    2.2642
    2.2617
    2.2400
    2.3870
    2.2282
    2.2573
    2.2748
    2.4027
    2.2671
    2.3203
    2.1008
    2.0994
    2.1405
    2.0609
    2.0872
    2.1025
    1.9281
    1.9636
    1.8812
    1.8103
    1.7969
    1.7891
    1.7509
    1.7315
    1.6962
    1.7463
    1.7959
    1.7352
    1.7338
    1.6857
    1.6834
    1.6618
    1.6820
    1.6750
    1.7039
    1.8429
    1.8658
    1.9532
    1.9775
    1.9784
    1.9595
    1.9603
    1.9344
    1.9527
    1.9315
    1.9987
    1.9928
    1.9855
    2.0897
    2.0422
    2.0537
    2.0559
    2.1587
    2.1759
    2.2325
    2.2482
    2.2642
    2.1831
    2.1758
    2.2067
    2.2381
    2.2637
    2.2799
    2.2619
    2.3357
    2.3521
    2.3617
    2.4016
    2.4811
    2.4898
    2.5110
    2.5230
    2.5680
    2.5347
    2.5487
    2.5335
    2.5663
    2.6163
    2.5619
    2.5853
    2.5373
    2.4777
    2.4625
    2.4634
    2.4418
    2.4152
    2.4348
    2.4568
    2.4205
    2.4383
    2.4163
    2.3853
    2.4620
    2.4826
    2.4667
    2.5328
    2.5443
    2.6178
    2.6471
    2.5758
    2.6642
    2.6177
    2.6779
    2.6931
    2.6969
    2.7936
    2.7739
    2.8545
    2.8942
    2.8633
    2.8840
    2.9192
    2.9141
    2.8842
    2.8937
    2.9495
    2.9855
    3.0295
    3.1022
    3.1190
    3.1507
    3.1353
    3.1461
    3.1806
    3.1840
    3.2171
    3.2600
    3.3150
    3.3325
    3.3642
    3.4412
    3.5316
    3.5453
    3.4946
    3.5536
    3.5920
    3.6437
    3.7264
    3.6927
    3.7154
    3.7011
    3.6593
    3.6795
    3.6469
    3.5927
    3.6017
    3.6531
    3.6529
    3.5569
    3.5299
    3.5777
    3.5208
    3.4364
    3.3845
    3.4322
    3.3930
    3.3289
    3.2939
    3.1899
    3.1738
    3.1858
    3.1406
    3.0568
    3.0871
    3.0021
    2.9316
    2.8595
    2.8472
    2.7848
    2.7956
    2.7779
    2.7569
    2.7402
    2.7318
    2.6647
    2.6803
    2.6309
    2.6464
    2.6652
    2.6569
    2.6645
    2.6075
    2.6043
    2.5401
    2.5271
    2.4924
    2.4282
    2.3825
    2.3579
    2.3747
    2.3319
    2.3325
    2.3070
    2.2668
    2.2115
    2.1372
    2.0892
    2.0285
    1.9466
    1.8907
    1.8240
    1.8088
    1.7936
    1.7906
    1.7713
    1.7822
    1.7562
    1.7325
    1.7435
    1.7491
    1.7320
    1.7169
    1.7136
    1.7157
    1.6980
    1.7106
    1.7028
    1.7131
    1.7028
    1.6749
    1.6450
    1.6390
    1.6557
    1.6608
    1.6635
    1.6576
    1.6558
    1.6547
    1.6519
    1.5950
    1.6012
    1.5886
    1.5836
    1.5881
    1.5737
    1.5958
    1.5822
    1.5786
    1.5534
    1.5595
    1.5629
    1.5527
    1.5379
    1.5674
    1.5629
    1.5704
    1.5573
    1.5262
    1.5021
    1.4828
    1.4592
    1.4467
    1.4511
    1.4543
    1.4598
    1.4493
    1.4462
    1.4522
    1.4364
    1.4386
    1.4265
    1.4327
    1.4081
    1.3983
    1.3804
    1.3664
    1.3826
    1.3689
    1.3547
    1.3504
    1.3641
    1.3664
    1.3346
    1.3033
    1.2855
    1.2769
    1.2705
    1.2502
    1.2494
    1.2520
    1.2473
    1.2454
    1.2443
    1.2460
    1.2662
    1.2671
    1.2728
    1.2726
    1.2580
    1.2545
    1.2518
    1.2475
    1.2575
    1.2478
    1.2480
    1.2584
    1.2533
    1.2498
    1.2326
    1.2271
    1.2153
    1.2264
    1.2273
    1.2258
    1.2157
    1.2144
    1.2090
    1.2017
    1.2092
    1.2144
    1.1982
    1.2086
    1.2194
    1.2341
    1.2301
    1.2188
    1.2204
    1.2058
    1.2060
    1.2172
    1.2145
    1.2232
    1.2288
    1.2277
    1.2509
    1.2459
    1.2397
    1.2358
    1.2320
    1.2239
    1.2193
    1.2224
    1.2184
    1.2219
    1.2252
    1.2318
    1.2402
    1.2473
    1.2345
    1.2301
    1.2489
    1.2618
    1.2539
    1.2656
    1.2627
    1.2581
    1.2571
    1.2614
    1.2784
    1.2820
    1.2889
    1.2879
    1.2914
    1.2799
    1.2790
    1.2850
    1.2895
    1.2881
    1.2918
    1.2862
    1.2808
    1.3051
    1.2739
    1.2783
    1.2674
    1.2775
    1.2880
    1.2988
    1.3035
    1.3104
    1.2872
    1.2865
    1.3102
    1.3189
    1.3137
    1.3016
    1.3098
    1.3115
    1.3272
    1.3290
    1.3402
    1.3486
    1.3819
    1.3974
    1.4032
    1.4012
    1.3914
    1.4051
    1.4094
    1.4078
    1.4246
    1.4257
    1.4251
    1.4253
    1.4325
    1.4357
    1.4243
    1.4346
    1.4570
    1.4857
    1.4790
    1.4936
    1.4997
    1.4951
    1.4896
    1.4820
    1.4710
    1.4520
    1.4591
    1.4635
    1.4515
    1.4388
    1.4399
    1.4319
    1.4451
    1.4565
    1.4689
    1.4607
    1.4599
    1.4834
    1.4823
    1.4883
    1.4931
    1.5025
    1.4943
    1.4857
    1.5091
    1.5316
    1.5546
    1.5419
    1.5436
    1.5459
    1.5534
    1.5687
    1.5687
    1.5865
    1.5915
    1.5766
    1.5831
    1.5822
    1.5758
    1.5752
    1.5808
    1.6044
    1.6088
    1.6127
    1.6273
    1.6285
    1.6355
    1.6419
    1.6527
    1.6653
    1.6635
    1.6552
    1.6580
    1.6638
    1.6659
    1.6709
    1.6659
    1.6710
    1.6541
    1.6515
    1.6661
    1.6694
    1.6483
    1.6389
    1.6242
    1.6330
    1.6491
    1.6547
    1.6817
    1.7031
    1.7305
    1.7560
    1.7653
    1.7804
    1.7816
    1.8090
    1.8091
    1.8095
    1.8308
    1.8633
    1.8864
    1.9077
    1.9127
    1.9230
    1.9390
    1.9554
    1.9653
    1.9729
    1.9668
    1.9768
    1.9978
    2.0053
    2.0155
    2.0080
    1.9970
    2.0102
    2.0117
    2.0116
    2.0199
    2.0370
    2.0529
    2.0427
    2.0389
    2.0451
    2.0633
    2.0680
    2.0725
    2.0656
    2.0671
    2.0747
    2.0984
    2.1158
    2.1223
    2.1361
    2.1448
    2.1503
    2.1517
    2.1558
    2.1538
    2.1758
    2.1939
    2.1925
    2.1926
    2.2302
    2.2548
    2.2552
    2.2572
    2.2850
    2.2925
    2.3095
    2.3006
    2.2847
    2.3064
    2.3481
    2.3673
    2.3667
    2.3606
    2.3803
    2.3666
    2.3892
    2.3831
    2.3832
    2.3850
    2.3927
    2.3995
    2.4226
    2.4406
    2.4480
    2.4555
    2.4650
    2.5019
    2.5104
    2.5190
    2.5348
    2.5580
    2.5510
    2.5627
    2.5621
    2.5708
    2.5973
    2.6020
    2.5947
    2.6131
    2.6302
    2.6386
    2.6467
    2.6607
    2.6455
    2.6764
    2.6825
    2.6802
    2.6700
    2.6881
    2.6801
    2.7060
    2.7191
    2.7160
    2.7122
    2.7210
    2.7198
    2.7397
    2.7507
    2.7652
    2.7742
    2.8016
    2.8190
    2.8149
    2.8143
    2.8318
    2.8603
    2.8813
    2.8955
    2.9154
    2.9113
    2.9065
    2.8858
    2.8685
    2.8843
    2.9054
    2.9166
    2.9142
    2.9204
    2.9410
    2.9736
    2.9766
    2.9655
    2.9706
    2.9797
    2.9953
    3.0327
    3.0405
    3.0525
    3.0910
    3.1156
    3.1375
    3.1575
    3.1790
    3.1857
    3.1876
    3.2032
    3.2201
    3.2286
    3.2141
    3.1909
    3.1891
    3.1878
    3.1741
    3.1691
    3.1772
    3.1610
    3.1669
    3.1727
    3.1651
    3.1711
    3.1816
    3.1841
    3.1819
    3.2059
    3.1839
    3.1818
    3.1688
    3.1676
    3.1532
    3.1431
    3.1555
    3.1629
    3.1617
    3.1457
    3.1417
    3.1560
    3.1624
    3.1719
    3.1755
    3.1742
    3.1793
    3.1819
    3.1943
    3.2255
    3.2392
    3.2264
    3.2321
    3.2401
    3.2149
    3.2186
    3.2286
    3.2479
    3.2468
    3.2373
    3.2322
    3.2323
    3.2314
    3.2264
    3.2311
    3.2422
    3.2398
    3.2500
    3.2647
    3.2722
    3.2700
    3.2560
    3.2588
    3.2633
    3.2582
    3.2482
    3.2521
    3.2469
    3.2522
    3.2525
    3.2615
    3.2742
    3.2743
    3.2657
    3.2704
    3.2789
    3.2827
    3.2741
    3.2730
    3.2752
    3.2715
    3.2788
    3.2655
    3.2598
    3.2617
    3.2668
    3.2881
    3.2888
    3.3008
    3.2890
    3.2755
    3.2751
    3.2794
    3.2900
    3.2876
    3.2963
    3.2952
    3.2883
    3.3032
    3.3136
    3.3117
    3.3205
    3.3273
    3.3288
    3.3304
    3.3302
    3.3380
    3.3611
    3.3395
    3.3455
    3.3443
    3.3282
    3.3391
    3.3519
    3.3514
    3.3502
    3.3543
    3.3599
    3.3549
    3.3453
    3.3424
    3.3388
    3.3420
    3.3418
    3.3508
    3.3569
    3.3424
    3.3495
    3.3480
    3.3445
    3.3504
    3.3362
    3.3603
    3.3602
    3.3462
    3.3561
    3.3592
    3.3778
    3.3597
    3.3575
    3.3521
    3.3445
    3.3443
    3.3283
    3.3380
    3.3709
    3.3714
    3.3789
    3.3702
    3.3660
    3.3795
    3.3791
    3.3612
    3.3561
    3.3417
    3.3234
    3.3326
    3.3450
    3.3437
    3.3510
    3.3510
    3.3299
    3.3000
    3.2745
    3.2527
    3.2622
    3.2813
    3.3205
    3.3643
    3.3643
    3.3768
    3.3685
    3.3464
    3.3384
    3.3385
    3.3260
    3.3204
    3.2980
    3.2980
    3.3049
    3.3488
    3.3833
    3.3905
    3.3856
    3.3803
    3.3266
    3.3287
    3.3072
    3.3072
    3.2620
    3.2310
    3.1989
    3.1546
    3.1435
    3.1176
    3.1162
    3.1459
    3.1459
    3.1526
    3.1516
    3.1385
    3.1112
    3.1479
    3.2127
    3.2495
    3.2781
    3.2781
    3.2899
    3.2779
    3.2331
    3.2553
    3.2668
    3.2356
    3.2095
    3.2115
    3.2115
    3.2030
    3.1894
    3.1719
    3.1928
    3.1399
    3.1495
    3.1971
    3.1977
    3.1977
    3.2104
    3.2180
    3.2442
    3.2902
    3.2587
    3.2237
    3.2215
    3.2010
    3.2010
    3.2437
    3.2540
    3.2003
    3.1674
    3.1330
    3.1351
    3.1922
    3.2002
    3.1789
    3.1789
    3.1811
    3.1123
    2.9642
    2.9816
    3.0609
    2.9918
    2.8883
    2.9890
    2.9890
    3.1070
    3.1006
    3.0613
    2.9507
    2.9441
    3.0582
    3.0958
    3.0566
    3.0566
    3.0342
    3.0533
    3.0368
    3.1173
    3.0776
    3.1695
