    1.1965
    0.8528
    0.6223
    0.7111
    1.1851
    1.7518
    1.1180
    0.6870
    0.9183
    1.0151
    0.9432
    0.9363
    0.8903
    1.0061
    1.1645
    1.2052
    1.3026
    1.3119
    1.3461
    1.3691
    1.4745
    1.5048
    1.5825
    1.6773
    1.9262
    2.0303
    2.1850
    2.2555
    2.4963
    2.6044
    2.7051
    2.7253
    2.9208
    3.0497
    2.6728
    2.5372
    2.7027
    2.9345
    2.9549
    2.9293
    2.8278
    2.6976
    2.7425
    3.4043
    3.0961
    2.6937
    2.8412
    2.4951
    2.3433
    2.4587
    2.1389
    2.3989
    2.5623
    2.5150
    2.3577
    2.2978
    2.2101
    2.2951
    2.1697
    2.3379
    2.3485
    2.4133
    2.5721
    2.6508
    2.6387
    2.5639
    2.2202
    2.3232
    2.2711
    2.3660
    2.3447
    2.1435
    2.1879
    1.9427
    1.9391
    1.9300
    2.0189
    1.7893
    1.7209
    1.7135
    1.6834
    1.6950
    1.7650
    1.7532
    1.8686
    1.8893
    1.9268
    1.9708
    2.0458
    2.1387
    2.1054
    2.1604
    2.2927
    2.3987
    2.2832
    2.2278
    2.2891
    2.4841
    2.4477
    2.4458
    2.5000
    2.6731
    2.7092
    2.5980
    2.5206
    2.5546
    2.4076
    2.4061
    2.3605
    2.4063
    2.2485
    2.1605
    2.2622
    2.1870
    2.2959
    2.2244
    2.1062
    2.0543
    1.9681
    1.8144
    1.7854
    1.7420
    1.7318
    1.6598
    1.6593
    1.6672
    1.5607
    1.4668
    1.4149
    1.4359
    1.4800
    1.4332
    1.3806
    1.3922
    1.3447
    1.3680
    1.3950
    1.3915
    1.4323
    1.5241
    1.5214
    1.5261
    1.5439
    1.5772
    1.5025
    1.5110
    1.5529
    1.6564
    1.6941
    1.7327
    1.8093
    1.8737
    1.7981
    1.7755
    1.7187
    1.6227
    1.6006
    1.6113
    1.6045
    1.6337
    1.7110
    1.7319
    1.7370
    1.7465
    1.7569
    1.7549
    1.7847
    1.7792
    1.7972
    1.8385
    1.7676
    1.7384
    1.7168
    1.6179
    1.5713
    1.5709
    1.5299
    1.5560
    1.5408
    1.5784
    1.5777
    1.5955
    1.5790
    1.6069
    1.5777
    1.5867
    1.5964
    1.6208
    1.6504
    1.6577
    1.6088
    1.6404
    1.6758
    1.6744
    1.7456
    1.8040
    1.8448
    1.8936
    1.8970
    1.9050
    1.9244
    1.9571
    1.9216
    1.9145
    1.8179
    1.8108
    1.8060
    1.8236
    1.8928
    1.9514
    1.9683
    1.9905
    2.0119
    2.0279
    2.0999
    2.1361
    2.1186
    2.1165
    2.1964
    2.1850
    2.2473
    2.2789
    2.3180
    2.3222
    2.3853
    2.3532
    2.3334
    2.3623
    2.3990
    2.4191
    2.4174
    2.3957
    2.4609
    2.3874
    2.3189
    2.3123
    2.3353
    2.3232
    2.3112
    2.3373
    2.3517
    2.3009
    2.2403
    2.2860
    2.2102
    2.1745
    2.1554
    2.1142
    2.1186
    2.1140
    2.1074
    2.0932
    2.0822
    2.0350
    2.0439
    2.0274
    1.9970
    2.0303
    2.0341
    2.0364
    2.0308
    1.9994
    1.9276
    1.8841
    1.8640
    1.8565
    1.8666
    1.8353
    1.8209
    1.8048
    1.7860
    1.7652
    1.7837
    1.7966
    1.8031
    1.8142
    1.7828
    1.7869
    1.7700
    1.7629
    1.7680
    1.7528
    1.7342
    1.7497
    1.7525
    1.7570
    1.7518
    1.7269
    1.7284
    1.7274
    1.7130
    1.7152
    1.6852
    1.6911
    1.7066
    1.7017
    1.7164
    1.6982
    1.6958
    1.6585
    1.6453
    1.6259
    1.6220
    1.6269
    1.6538
    1.6687
    1.6337
    1.6368
    1.6469
    1.6319
    1.6367
    1.6377
    1.6588
    1.6434
    1.6177
    1.6302
    1.6431
    1.6499
    1.6543
    1.6503
    1.6632
    1.6791
    1.6940
    1.6934
    1.6927
    1.6771
    1.6821
    1.6740
    1.6679
    1.6885
    1.7038
    1.7356
    1.7527
    1.7625
    1.7634
    1.7606
    1.7792
    1.7591
    1.7409
    1.7204
    1.7389
    1.7443
    1.7285
    1.7027
    1.7101
    1.7016
    1.6848
    1.6990
    1.7036
    1.6785
    1.6690
    1.6667
    1.6687
    1.6632
    1.6747
    1.6580
    1.6639
    1.6716
    1.6637
    1.6863
    1.6656
    1.6478
    1.6477
    1.6254
    1.6124
    1.6406
    1.6301
    1.6124
    1.6324
    1.6316
    1.6243
    1.6285
    1.6437
    1.6266
    1.6286
    1.6188
    1.6048
    1.6501
    1.6578
    1.6665
    1.6552
    1.6444
    1.6302
    1.6077
    1.6011
    1.5983
    1.6172
    1.6316
    1.6129
    1.6524
    1.6685
    1.6606
    1.6774
    1.6821
    1.6715
    1.6672
    1.6769
    1.6657
    1.6597
    1.6458
    1.6433
    1.6367
    1.6577
    1.6668
    1.6358
    1.6285
    1.6350
    1.6531
    1.6811
    1.7082
    1.6875
    1.6779
    1.6764
    1.7198
    1.7240
    1.6944
    1.6946
    1.6835
    1.6543
    1.6543
    1.6454
    1.6329
    1.6394
    1.6325
    1.6466
    1.6769
    1.6774
    1.6992
    1.6947
    1.6745
    1.6647
    1.6858
    1.7126
    1.7220
    1.7080
    1.7232
    1.7213
    1.7320
    1.7489
    1.7498
    1.7708
    1.7832
    1.7929
    1.7910
    1.7685
    1.7771
    1.7757
    1.7840
    1.7680
    1.7678
    1.7381
    1.7502
    1.7423
    1.7378
    1.7365
    1.7474
    1.7461
    1.7542
    1.7622
    1.7741
    1.7768
    1.7939
    1.8177
    1.8238
    1.8372
    1.8559
    1.8655
    1.8572
    1.8554
    1.8508
    1.8380
    1.8453
    1.8529
    1.8604
    1.8626
    1.8590
    1.8691
    1.8892
    1.8815
    1.8865
    1.9108
    1.9227
    1.9121
    1.9418
    1.9453
    1.9349
    1.9194
    1.9075
    1.9113
    1.9359
    1.9296
    1.9164
    1.8739
    1.8891
    1.8889
    1.8907
    1.8869
    1.8834
    1.8958
    1.8956
    1.8677
    1.8669
    1.8824
    1.8747
    1.8772
    1.8849
    1.9148
    1.9086
    1.8941
    1.9118
    1.8988
    1.8859
    1.8738
    1.8750
    1.8680
    1.8729
    1.8560
    1.8702
    1.8879
    1.8957
    1.8773
    1.8805
    1.8912
    1.9063
    1.9252
    1.9269
    1.9260
    1.9510
    1.9541
    1.9720
    1.9906
    1.9796
    1.9841
    1.9864
    1.9853
    1.9642
    1.9858
    2.0027
    2.0163
    2.0019
    1.9980
    2.0341
    2.0415
    2.0512
    2.0448
    2.0580
    2.0805
    2.0902
    2.0823
    2.0818
    2.1030
    2.1071
    2.0984
    2.1261
    2.1299
    2.1444
    2.1524
    2.1685
    2.1894
    2.1994
    2.2062
    2.2183
    2.2411
    2.2769
    2.2982
    2.3151
    2.3008
    2.3127
    2.3247
    2.3199
    2.2991
    2.2914
    2.3016
    2.3021
    2.3354
    2.3303
    2.3198
    2.2885
    2.3083
    2.3060
    2.2950
    2.2824
    2.2939
    2.2901
    2.2694
    2.2799
    2.2682
    2.2563
    2.2565
    2.2596
    2.2677
    2.2730
    2.2985
    2.3030
    2.3083
    2.3182
    2.3187
    2.3418
    2.3352
    2.3136
    2.3087
    2.3180
    2.3222
    2.3358
    2.3219
    2.3079
    2.3247
    2.3349
    2.3376
    2.3428
    2.3765
    2.4090
    2.4172
    2.4340
    2.4374
    2.4609
    2.4505
    2.4352
    2.4333
    2.4572
    2.4852
    2.4940
    2.4913
    2.4979
    2.4848
    2.5125
    2.5284
    2.5284
    2.5389
    2.5619
    2.5912
    2.5936
    2.5681
    2.5579
    2.5572
    2.5536
    2.5751
    2.5432
    2.5566
    2.5544
    2.5772
    2.5868
    2.5686
    2.5844
    2.5842
    2.5951
    2.5910
    2.5989
    2.6010
    2.5916
    2.5733
    2.5824
    2.5531
    2.5140
    2.5329
    2.5296
    2.5586
    2.5634
    2.5735
    2.5716
    2.5546
    2.5366
    2.5163
    2.5224
    2.5108
    2.4823
    2.5045
    2.5149
    2.5017
    2.4982
    2.5250
    2.5165
    2.5057
    2.5138
    2.5459
    2.5171
    2.5170
    2.4864
    2.4686
    2.4891
    2.4869
    2.5048
    2.4827
    2.4783
    2.4596
    2.4668
    2.4566
    2.4395
    2.4248
    2.4271
    2.4409
    2.4331
    2.4376
    2.4156
    2.4397
    2.4444
    2.4513
    2.4348
    2.4343
    2.4286
    2.3937
    2.3995
    2.4009
    2.4021
    2.3851
    2.3869
    2.3951
    2.3950
    2.3815
    2.3594
    2.3361
    2.3214
    2.3151
    2.3252
    2.3279
    2.3410
    2.3220
    2.3260
    2.3653
    2.3865
    2.3781
    2.3830
    2.3877
    2.3569
    2.3672
    2.3667
    2.3748
    2.4074
    2.4004
    2.3849
    2.3783
    2.4004
    2.4073
    2.4040
    2.4053
    2.4085
    2.4195
    2.4010
    2.4223
    2.4353
    2.4580
    2.4806
    2.4849
    2.5089
    2.4949
    2.4967
    2.5081
    2.5226
    2.5313
    2.5343
    2.5293
    2.5408
    2.5233
    2.5165
    2.5206
    2.5513
    2.5543
    2.5369
    2.5408
    2.5246
    2.5297
    2.5662
    2.5543
    2.5835
    2.5932
    2.5774
    2.5673
    2.5661
    2.5434
    2.5395
    2.5340
    2.5306
    2.5292
    2.5179
    2.5101
    2.4948
    2.5013
    2.5254
    2.5354
    2.5426
    2.5488
    2.5449
    2.5508
    2.5459
    2.5510
    2.5475
    2.5575
    2.5512
    2.5507
    2.5474
    2.5505
    2.5519
    2.5501
    2.5422
    2.5560
    2.5597
    2.5801
    2.5906
    2.5960
    2.6008
    2.6140
    2.6119
    2.6096
    2.6317
    2.6285
    2.6310
    2.6266
    2.6203
    2.6133
    2.6329
    2.6291
    2.6331
    2.6485
    2.6460
    2.6503
    2.6439
    2.6419
    2.6349
    2.6403
    2.6573
    2.6624
    2.6850
    2.6954
    2.7212
    2.7177
    2.7026
    2.7151
    2.6900
    2.6733
    2.6731
    2.6733
    2.6863
    2.6778
    2.7060
    2.7062
    2.7050
    2.7083
    2.7176
    2.7456
    2.7243
    2.7156
    2.7382
    2.7434
    2.7433
    2.7477
    2.7316
    2.7346
    2.7484
    2.7488
    2.7311
    2.7479
    2.7426
    2.7422
    2.7408
    2.7588
    2.7833
    2.7807
    2.8018
    2.7904
    2.7882
    2.8046
    2.8047
    2.8125
    2.8049
    2.8090
    2.8110
    2.8396
    2.8460
    2.8329
    2.8257
    2.8261
    2.8451
    2.8427
    2.8518
    2.8464
    2.8395
    2.8302
    2.8206
    2.8180
    2.8186
    2.8205
    2.8230
    2.8620
    2.8598
    2.8479
    2.8544
    2.8422
    2.8651
    2.8673
    2.8674
    2.8641
    2.8519
    2.8529
    2.8774
    2.8954
    2.9235
    2.9471
    2.9605
    2.9602
    2.9648
    2.9624
    2.9718
    3.0036
    2.9990
    3.0003
    2.9742
    2.9595
    2.9601
    2.9724
    2.9601
    2.9474
    2.9995
    2.9802
    3.0083
    3.0194
    3.0294
    3.0294
    3.0212
    2.9930
    3.0369
    3.0511
    3.0158
    3.0289
    3.0442
    3.0629
    3.0629
    3.0294
    3.0330
    3.0403
    3.0731
    3.0538
    3.0584
    2.9909
    2.9464
    2.9464
    2.9381
    2.9278
    2.9027
    2.9176
    2.9290
    2.8810
    2.8391
    2.8105
    2.7901
    2.7901
    2.8262
    2.8168
    2.7963
    2.8472
    2.8393
    2.8612
    2.8128
    2.8061
    2.8061
    2.8205
    2.8125
    2.8044
    2.8748
    2.8614
    2.7943
    2.8325
    2.7871
    2.7871
    2.7864
    2.8059
    2.8508
    2.8636
    2.8458
    2.8855
    2.9111
    2.8779
    2.8779
    2.9047
    2.9247
    2.9843
    3.0362
    3.0862
    3.1002
    3.1191
    3.0388
    3.0388
    3.0196
    3.0014
    2.9273
    2.9616
    2.9701
    2.9737
    3.0253
    3.0237
    3.0237
    3.0057
    2.9100
    2.7900
    2.7992
    2.9119
    2.9610
    2.9111
    2.9454
    2.9031
    2.9031
    2.9617
    2.8899
    2.8665
    2.8686
    2.7335
    2.7152
    2.6881
    2.6371
    2.6371
    2.5997
    2.5961
    2.5658
    2.5394
    2.5592
    2.5334
    2.5961
    2.5999
    2.5999
    2.6157
    2.5627
    2.5533
    2.4879
    2.6333
    2.6044
