    3.2475
    4.5416
    3.4222
    4.7254
    1.8559
    4.9079
    4.0439
    7.6139
    7.1553
    7.3376
    6.7155
    6.4194
    6.1370
    6.1488
    6.3134
    6.3522
    6.6908
    6.8375
    6.6192
    6.8371
    6.6843
    6.6192
    6.3548
    6.4878
    6.3320
    6.1847
    6.1233
    6.1173
    6.1351
    5.8040
    5.9570
    5.7790
    5.4935
    5.2878
    4.9240
    4.6493
    4.5326
    4.2111
    3.6127
    3.0470
    2.7987
    2.5692
    2.6602
    3.2053
    3.4456
    3.8907
    4.1128
    4.7831
    4.7920
    4.9822
    4.9547
    5.7164
    6.4254
    6.5357
    7.0385
    6.6245
    6.7314
    7.1152
    7.1507
    7.3095
    6.9813
    6.6341
    5.9936
    6.1014
    5.8712
    6.1362
    6.4031
    6.3807
    5.9052
    5.9108
    5.2314
    4.9241
    3.4091
    2.0666
    1.8526
    1.7543
    1.6515
    1.6005
    1.5893
    1.5123
    1.4668
    1.3773
    1.4418
    1.5000
    1.5172
    1.5225
    1.5256
    1.5900
    1.6009
    1.5886
    1.6971
    1.7168
    1.8567
    2.3173
    2.5014
    2.5998
    2.6506
    2.6740
    2.6207
    2.7411
    2.6048
    2.6058
    2.7171
    2.8120
    2.7705
    2.6838
    2.4964
    2.3880
    2.3468
    2.3495
    2.1930
    2.3128
    2.2299
    2.3172
    2.1725
    2.1792
    2.1303
    1.9553
    1.8002
    1.7673
    1.7549
    1.7447
    1.6319
    1.5468
    1.6231
    1.5968
    1.5829
    1.5368
    1.5101
    1.4180
    1.3386
    1.2933
    1.1935
    1.2346
    1.1783
    1.1852
    1.1298
    1.1500
    1.1195
    1.1991
    1.1291
    1.1876
    1.1253
    1.1520
    1.1387
    1.1410
    1.0881
    1.0785
    1.1049
    1.1089
    1.1390
    1.0895
    1.0852
    1.0905
    1.0893
    1.0989
    1.1055
    1.0880
    1.0985
    1.0904
    1.0316
    1.0259
    1.0464
    1.0633
    1.0324
    1.0398
    1.0834
    1.1313
    1.1204
    1.1455
    1.1486
    1.1780
    1.1709
    1.1710
    1.1688
    1.1329
    1.0759
    1.1001
    1.0755
    1.0956
    1.0273
    1.0375
    1.0143
    1.0107
    1.0054
    0.9964
    1.0205
    0.9814
    0.9697
    1.0272
    1.0774
    1.1197
    1.1378
    1.1453
    1.1212
    1.1504
    1.1580
    1.1369
    1.1887
    1.1705
    1.1995
    1.1722
    1.2016
    1.2599
    1.1986
    1.1904
    1.1734
    1.1879
    1.1806
    1.1866
    1.1835
    1.1936
    1.1843
    1.1981
    1.2160
    1.1996
    1.2453
    1.2449
    1.2097
    1.2352
    1.2605
    1.2706
    1.3285
    1.3218
    1.2830
    1.2840
    1.2768
    1.3003
    1.2877
    1.2752
    1.2893
    1.2841
    1.3127
    1.3397
    1.3334
    1.3604
    1.3712
    1.3896
    1.3866
    1.3451
    1.3301
    1.3072
    1.3077
    1.3068
    1.3332
    1.3367
    1.3250
    1.3004
    1.2941
    1.3267
    1.3028
    1.3226
    1.3162
    1.3037
    1.3034
    1.2920
    1.3074
    1.3169
    1.3451
    1.3586
    1.4058
    1.3872
    1.4165
    1.4189
    1.4427
    1.4543
    1.4478
    1.4670
    1.4624
    1.4309
    1.3974
    1.4084
    1.3690
    1.3936
    1.3990
    1.4338
    1.3962
    1.3757
    1.3615
    1.3731
    1.3405
    1.3625
    1.4124
    1.4361
    1.4703
    1.4733
    1.5015
    1.5492
    1.5333
    1.5532
    1.5506
    1.5352
    1.4946
    1.4809
    1.4728
    1.4414
    1.4507
    1.4466
    1.4749
    1.4397
    1.4627
    1.4847
    1.5124
    1.5097
    1.4883
    1.5018
    1.5129
    1.5331
    1.5307
    1.5270
    1.5265
    1.5346
    1.5690
    1.5652
    1.5309
    1.5266
    1.5155
    1.5164
    1.5684
    1.5711
    1.5565
    1.5656
    1.5651
    1.5479
    1.5619
    1.5523
    1.5375
    1.5410
    1.5641
    1.5519
    1.5779
    1.5293
    1.4995
    1.4929
    1.5163
    1.5373
    1.5280
    1.5034
    1.4847
    1.5102
    1.5095
    1.5150
    1.5123
    1.5153
    1.4863
    1.4897
    1.5010
    1.5350
    1.5475
    1.5426
    1.5517
    1.5591
    1.5911
    1.5813
    1.5701
    1.5767
    1.5770
    1.6020
    1.5659
    1.5926
    1.5854
    1.5749
    1.5663
    1.6034
    1.5844
    1.6127
    1.6220
    1.6513
    1.6274
    1.6362
    1.6353
    1.6395
    1.6795
    1.6558
    1.6917
    1.7049
    1.7144
    1.7276
    1.7325
    1.7211
    1.7212
    1.7265
    1.7368
    1.7749
    1.7867
    1.7756
    1.7657
    1.7335
    1.7074
    1.6970
    1.7197
    1.7646
    1.7604
    1.7609
    1.7924
    1.8054
    1.8350
    1.8185
    1.8252
    1.8149
    1.8639
    1.8198
    1.8280
    1.8242
    1.8131
    1.8366
    1.8615
    1.8478
    1.8073
    1.8098
    1.8581
    1.8740
    1.9152
    1.8992
    1.9031
    1.9268
    1.9434
    1.9735
    1.9611
    1.9315
    1.9145
    1.9150
    1.9309
    1.9151
    1.9492
    2.0011
    2.0505
    2.0602
    2.0948
    2.1068
    2.1138
    2.1103
    2.1153
    2.1114
    2.0917
    2.1086
    2.1218
    2.1018
    2.1036
    2.1190
    2.1285
    2.1259
    2.1448
    2.1558
    2.1401
    2.1641
    2.2114
    2.1826
    2.1845
    2.2054
    2.1902
    2.2040
    2.2216
    2.2070
    2.2025
    2.2209
    2.2123
    2.1983
    2.2100
    2.2509
    2.2290
    2.2176
    2.2111
    2.2096
    2.2738
    2.2434
    2.2591
    2.2533
    2.2326
    2.2023
    2.1995
    2.1814
    2.2087
    2.2105
    2.2140
    2.2317
    2.2527
    2.2603
    2.2730
    2.2163
    2.1895
    2.2080
    2.2319
    2.2650
    2.2671
    2.2709
    2.2533
    2.2638
    2.2486
    2.2495
    2.2769
    2.2846
    2.2585
    2.2570
    2.2752
    2.2729
    2.2655
    2.2824
    2.2969
    2.3016
    2.3085
    2.2822
    2.3590
    2.3215
    2.3231
    2.3407
    2.3592
    2.3695
    2.3633
    2.3804
    2.4197
    2.4503
    2.4813
    2.4871
    2.5588
    2.6023
    2.6250
    2.6168
    2.6476
    2.5983
    2.6004
    2.6180
    2.6106
    2.6323
    2.6341
    2.6435
    2.6433
    2.6560
    2.6864
    2.6772
    2.7023
    2.7077
    2.7362
    2.7435
    2.7583
    2.7232
    2.7202
    2.6943
    2.6550
    2.6900
    2.6675
    2.6914
    2.6940
    2.7096
    2.7258
    2.6869
    2.7205
    2.7469
    2.7731
    2.7822
    2.7671
    2.8102
    2.8082
    2.8251
    2.8288
    2.8073
    2.8538
    2.8308
    2.8191
    2.8115
    2.8200
    2.8611
    2.8070
    2.8458
    2.8709
    2.8443
    2.8634
    2.8968
    2.8940
    2.8965
    2.9140
    3.0131
    3.0270
    3.0217
    3.0749
    3.0821
    3.1083
    3.0688
    3.1082
    3.1040
    3.0829
    3.0977
    3.0941
    3.0971
    3.1091
    3.1121
    3.0836
    3.1256
    3.1504
    3.2099
    3.2290
    3.2757
    3.2949
    3.3333
    3.3586
    3.3337
    3.2967
    3.3265
    3.3136
    3.3133
    3.2927
    3.2905
    3.2832
    3.3008
    3.3406
    3.3905
    3.3982
    3.3834
    3.3802
    3.4086
    3.4375
    3.4252
    3.4742
    3.4866
    3.4789
    3.5053
    3.5075
    3.5105
    3.5273
    3.5005
    3.5311
    3.5907
    3.5715
    3.6074
    3.5959
    3.6046
    3.6005
    3.5461
    3.5240
    3.5237
    3.5436
    3.5982
    3.6051
    3.5658
    3.5765
    3.5528
    3.5686
    3.5687
    3.6361
    3.6896
    3.7190
    3.7580
    3.7928
    3.8109
    3.8039
    3.8297
    3.8189
    3.8125
    3.8446
    3.8234
    3.8322
    3.8274
    3.8401
    3.8474
    3.8837
    3.8929
    3.9012
    3.9060
    3.9227
    3.8949
    3.9260
    3.9216
    3.8983
    3.8906
    3.9090
    3.9461
    3.9624
    3.9784
    3.9522
    3.9349
    3.9420
    3.9114
    3.9357
    3.9548
    3.9591
    3.9570
    3.9726
    4.0184
    4.0226
    4.0955
    4.0998
    4.1664
    4.1584
    4.1454
    4.1556
    4.1515
    4.1732
    4.1645
    4.1382
    4.1735
    4.1574
    4.1382
    4.1489
    4.1862
    4.1832
    4.2003
    4.2216
    4.2348
    4.2862
    4.3347
    4.3416
    4.3627
    4.3735
    4.4087
    4.4349
    4.3967
    4.4166
    4.4211
    4.4711
    4.4820
    4.4632
    4.4554
    4.4972
    4.4994
    4.5109
    4.5236
    4.5563
    4.6224
    4.6006
    4.6118
    4.5725
    4.5793
    4.5450
    4.5277
    4.5653
    4.5630
    4.5820
    4.6442
    4.6144
    4.6101
    4.6570
    4.7127
    4.7242
    4.7434
    4.7378
    4.8622
    4.8190
    4.8480
    4.8715
    4.8592
    4.8937
    4.9012
    4.8959
    4.8822
    4.8767
    4.8376
    4.9025
    4.9195
    4.9026
    4.9180
    4.9231
    4.9473
    4.9867
    4.9756
    4.9853
    4.9825
    5.0110
    5.0411
    5.1297
    5.2158
    5.2614
    5.2752
    5.2831
    5.2830
    5.2987
    5.2615
    5.3044
    5.3498
    5.3673
    5.3992
    5.4520
    5.4475
    5.4485
    5.4669
    5.4874
    5.4943
    5.5501
    5.5690
    5.5734
    5.5637
    5.6435
    5.6768
    5.6862
    5.6860
    5.7123
    5.7098
    5.7643
    5.8084
    5.7790
    5.7791
    5.8369
    5.7864
    5.8536
    5.8724
    5.8978
    5.8995
    5.8963
    5.8790
    5.8884
    5.9076
    5.9291
    5.9243
    5.9168
    5.9432
    5.9195
    5.9053
    5.9047
    5.9126
    5.9002
    5.8884
    5.8690
    5.8739
    5.8726
    5.8847
    5.9198
    5.9263
    5.9619
    5.9641
    5.9793
    5.9824
    5.9936
    6.0124
    6.0223
    6.0458
    6.0514
    6.0493
    6.0693
    6.0724
    6.1045
    6.1207
    6.1700
    6.1462
    6.1563
    6.1992
    6.1971
    6.2379
    6.2674
    6.2869
    6.2909
    6.3288
    6.3343
    6.3717
    6.3922
    6.3915
    6.4221
    6.4370
    6.4678
    6.4699
    6.4602
    6.5014
    6.5101
    6.5256
    6.5235
    6.5238
    6.5280
    6.5338
    6.4856
    6.4788
    6.4416
    6.4527
    6.4928
    6.4914
    6.5126
    6.5351
    6.5390
    6.5696
    6.5997
    6.6410
    6.6188
    6.6493
    6.6461
    6.6664
    6.6549
    6.6397
    6.6631
    6.6464
    6.6439
    6.6395
    6.6218
    6.6195
    6.5906
    6.5721
    6.5729
    6.5378
    6.5896
    6.6263
    6.6128
    6.6231
    6.7058
    6.7031
    6.6953
    6.6709
    6.6758
    6.6640
    6.7091
    6.7531
    6.7792
    6.7646
    6.7585
    6.7660
    6.7726
    6.7544
    6.7469
    6.6922
    6.7879
    6.7552
    6.7380
    6.7347
    6.7797
    6.7899
    6.9161
    6.9597
    6.9278
    6.9973
    6.9801
    7.0127
    7.0127
    6.9810
    7.0024
    7.0310
    7.0330
    7.0318
    7.0491
    7.0399
    7.1189
    7.1189
    7.1603
    6.9294
    7.0669
    7.0566
    7.1204
    7.1999
    7.1737
    7.1657
    7.1657
    7.2320
    7.2198
    7.2711
    7.3673
    7.5189
    7.3913
    7.3421
    7.4185
    7.4698
    7.4698
    7.5359
    7.6414
    7.5403
    7.5879
    7.6435
    7.7707
    7.8534
    7.8684
    7.8684
    7.8325
    7.5807
    7.5140
    7.4239
    7.2902
    7.1935
    7.1863
    7.1911
    7.1911
    7.2346
    7.4921
    7.3703
    7.3717
    7.1644
    7.0505
    6.9174
    6.8245
    6.8245
    6.8378
    6.8844
    6.8726
    6.8870
    6.9754
    6.9976
    6.7822
    6.7659
    6.7659
    6.7270
    6.8199
    6.5605
    6.4161
    6.3849
    6.2903
    6.2022
    6.1511
    6.1511
    6.0601
    5.8485
    5.6408
    5.8347
    5.8133
    5.7605
    6.1302
    6.1981
    6.0367
    6.0367
    6.0706
    5.9312
    5.7837
    5.8465
    6.0051
    6.0320
    6.0257
    5.9844
    5.9844
    6.1629
    6.2640
    6.3113
    6.1624
    6.2272
    6.1051
    6.1182
    5.9516
    5.9516
    5.9566
    5.8389
    5.8064
    5.7352
    5.6146
    5.6756
