    1.0341
    1.1321
    1.2023
    0.5583
    2.1560
    2.7840
    1.6641
    0.8598
    1.9564
    2.4486
    2.1395
    2.9193
    3.0296
    2.9374
    2.7760
    1.8122
    2.1054
    2.4825
    2.7422
    3.2236
    4.3749
    3.5765
    3.5863
    3.4787
    2.9357
    2.4143
    2.4088
    2.5491
    2.2763
    1.9894
    1.9311
    1.9001
    1.8534
    1.6534
    1.3772
    1.3839
    1.3302
    1.2227
    1.1839
    1.1184
    1.0427
    1.0937
    1.1188
    1.1191
    1.1070
    1.1203
    1.2281
    1.3152
    1.6141
    1.7295
    1.6225
    1.6173
    1.6575
    1.6256
    1.5678
    1.6946
    1.6757
    1.8024
    1.7502
    1.7764
    1.7631
    1.5984
    1.5435
    1.7429
    1.7687
    1.5664
    1.4068
    1.4802
    1.5419
    1.4519
    1.4445
    1.3159
    1.1917
    1.1726
    1.1892
    1.1756
    1.1486
    1.1624
    1.1582
    1.0891
    1.1052
    1.1951
    1.1568
    1.2516
    1.3729
    1.2634
    1.2968
    1.2193
    1.2175
    1.3055
    1.4160
    1.4438
    1.4629
    1.4168
    1.4130
    1.4602
    1.4248
    1.4731
    1.5211
    1.5464
    1.4954
    1.4134
    1.4157
    1.3974
    1.4606
    1.4499
    1.4505
    1.4380
    1.3968
    1.3608
    1.3615
    1.4177
    1.4075
    1.3124
    1.2959
    1.2670
    1.2301
    1.2332
    1.1915
    1.1564
    1.1222
    1.1063
    1.1007
    1.1101
    1.1088
    1.0976
    1.0854
    1.0484
    1.0706
    1.0815
    1.0694
    1.0702
    1.0405
    1.0666
    1.0352
    1.0609
    1.0617
    1.0764
    1.0909
    1.1103
    1.0638
    1.1064
    1.1669
    1.1726
    1.1588
    1.1498
    1.1210
    1.1754
    1.1879
    1.2003
    1.2153
    1.1667
    1.1848
    1.2005
    1.2144
    1.2241
    1.2351
    1.2047
    1.2333
    1.2397
    1.2672
    1.2214
    1.2122
    1.2350
    1.2336
    1.2370
    1.2405
    1.2552
    1.2300
    1.2345
    1.2317
    1.2445
    1.2411
    1.2089
    1.1659
    1.1952
    1.2123
    1.2392
    1.2221
    1.2005
    1.1907
    1.1621
    1.1623
    1.1976
    1.2217
    1.2142
    1.1869
    1.1845
    1.1794
    1.1809
    1.2010
    1.2086
    1.2068
    1.1801
    1.2019
    1.1648
    1.1692
    1.1445
    1.1428
    1.1193
    1.1384
    1.1141
    1.0906
    1.1452
    1.1460
    1.1430
    1.1493
    1.1266
    1.0924
    1.1032
    1.0967
    1.0808
    1.0779
    1.0881
    1.0781
    1.0765
    1.0745
    1.0887
    1.0800
    1.0876
    1.1196
    1.1218
    1.1171
    1.1281
    1.1051
    1.0903
    1.1270
    1.1582
    1.1880
    1.1765
    1.1905
    1.1767
    1.1908
    1.1890
    1.2103
    1.1995
    1.1803
    1.1968
    1.1929
    1.1949
    1.2103
    1.1827
    1.1757
    1.1849
    1.1919
    1.1850
    1.2058
    1.2070
    1.1809
    1.1917
    1.2099
    1.2053
    1.2076
    1.2285
    1.2494
    1.2374
    1.2318
    1.2220
    1.2182
    1.2198
    1.2136
    1.2449
    1.2611
    1.2670
    1.2731
    1.2841
    1.2900
    1.2797
    1.2827
    1.2961
    1.3141
    1.3175
    1.3123
    1.3089
    1.3009
    1.3016
    1.3051
    1.2985
    1.2872
    1.2982
    1.3017
    1.3068
    1.3143
    1.3273
    1.3490
    1.3351
    1.3235
    1.3415
    1.3569
    1.3832
    1.3764
    1.3728
    1.3559
    1.3766
    1.3756
    1.3795
    1.3881
    1.4012
    1.4159
    1.4285
    1.4381
    1.4469
    1.4442
    1.4434
    1.4377
    1.4307
    1.4425
    1.4712
    1.4711
    1.4794
    1.4836
    1.4636
    1.4824
    1.4836
    1.4973
    1.5035
    1.5362
    1.5323
    1.5371
    1.5295
    1.5619
    1.5637
    1.5621
    1.5740
    1.5926
    1.5946
    1.6243
    1.6210
    1.6232
    1.6225
    1.6580
    1.6574
    1.6549
    1.6715
    1.7030
    1.7097
    1.7325
    1.7583
    1.7768
    1.7704
    1.7920
    1.7882
    1.8040
    1.7916
    1.8004
    1.8012
    1.8262
    1.8290
    1.8141
    1.8252
    1.8140
    1.8522
    1.8537
    1.8721
    1.8845
    1.8866
    1.8831
    1.8667
    1.8773
    1.8881
    1.8721
    1.8805
    1.8765
    1.8921
    1.8978
    1.9007
    1.9099
    1.9502
    1.9578
    1.9589
    1.9569
    1.9742
    1.9824
    1.9775
    1.9845
    1.9948
    2.0055
    1.9853
    1.9785
    1.9509
    1.9535
    1.9744
    1.9949
    2.0038
    2.0166
    2.0472
    2.0458
    2.0345
    2.0198
    2.0266
    2.0645
    2.0528
    2.0832
    2.0961
    2.0854
    2.0877
    2.0738
    2.0571
    2.0650
    2.1005
    2.0834
    2.0752
    2.0905
    2.0968
    2.0951
    2.1012
    2.0917
    2.0959
    2.0901
    2.0997
    2.1110
    2.0898
    2.0708
    2.0881
    2.0871
    2.1057
    2.0870
    2.1048
    2.1143
    2.1312
    2.1363
    2.1413
    2.1390
    2.1506
    2.1854
    2.1698
    2.1561
    2.1886
    2.2052
    2.2010
    2.1869
    2.2060
    2.2422
    2.2515
    2.2665
    2.2837
    2.2898
    2.3124
    2.3213
    2.3340
    2.3772
    2.4073
    2.4079
    2.3869
    2.3933
    2.4005
    2.4054
    2.4339
    2.4455
    2.4554
    2.4919
    2.5020
    2.5033
    2.5248
    2.5558
    2.5503
    2.5719
    2.5945
    2.5801
    2.6021
    2.5958
    2.6452
    2.6657
    2.6870
    2.6941
    2.7113
    2.7150
    2.7128
    2.7320
    2.7617
    2.7767
    2.7848
    2.7931
    2.8219
    2.8323
    2.8054
    2.8468
    2.8878
    2.9632
    2.9404
    2.9604
    2.9226
    2.9501
    2.9829
    2.9688
    3.0138
    3.0325
    3.0124
    3.0144
    3.0123
    3.0590
    3.0586
    3.0963
    3.1246
    3.1247
    3.1159
    3.1136
    3.1131
    3.1553
    3.1683
    3.2276
    3.2177
    3.1860
    3.1698
    3.2137
    3.2218
    3.2400
    3.2725
    3.2647
    3.2787
    3.2743
    3.2831
    3.2870
    3.2711
    3.2851
    3.2576
    3.2781
    3.2842
    3.3200
    3.3662
    3.3338
    3.3642
    3.3372
    3.3231
    3.3368
    3.3170
    3.3066
    3.2647
    3.2429
    3.2092
    3.1978
    3.2009
    3.2205
    3.2284
    3.2047
    3.2126
    3.2275
    3.2561
    3.1894
    3.1473
    3.1263
    3.1719
    3.1691
    3.1413
    3.0990
    3.0789
    3.0847
    3.0575
    3.0578
    3.0164
    2.9935
    2.9781
    3.0001
    2.9765
    2.9810
    2.9426
    2.9131
    2.9120
    2.9072
    2.8946
    2.8642
    2.8554
    2.8582
    2.8280
    2.8218
    2.8045
    2.7810
    2.7489
    2.7366
    2.6784
    2.6835
    2.6209
    2.5988
    2.6123
    2.5918
    2.5615
    2.5415
    2.5292
    2.5519
    2.4686
    2.4810
    2.4412
    2.4044
    2.3808
    2.3785
    2.3541
    2.3388
    2.2994
    2.2882
    2.2983
    2.2766
    2.2612
    2.2632
    2.2088
    2.2064
    2.2120
    2.1911
    2.1792
    2.1256
    2.1205
    2.0997
    2.0783
    2.0421
    2.0518
    1.9682
    1.9433
    1.9010
    1.8958
    1.8695
    1.8532
    1.8454
    1.7942
    1.7485
    1.7139
    1.6959
    1.6525
    1.6413
    1.6291
    1.6021
    1.5871
    1.5477
    1.5359
    1.5290
    1.5260
    1.5141
    1.4898
    1.4827
    1.4330
    1.3906
    1.3751
    1.3628
    1.3524
    1.3406
    1.3372
    1.3285
    1.2894
    1.2557
    1.2414
    1.2162
    1.1840
    1.1743
    1.1811
    1.1740
    1.1685
    1.1489
    1.1361
    1.1250
    1.1084
    1.1028
    1.1052
    1.0989
    1.0900
    1.0833
    1.0703
    1.0612
    1.0623
    1.0569
    1.0479
    1.0458
    1.0369
    1.0391
    1.0406
    1.0314
    1.0220
    1.0183
    1.0172
    1.0072
    1.0013
    0.9917
    1.0046
    1.0043
    1.0007
    0.9953
    1.0002
    0.9916
    0.9917
    0.9853
    0.9923
    0.9975
    1.0026
    1.0018
    1.0028
    0.9964
    1.0074
    1.0233
    1.0202
    1.0204
    1.0210
    1.0136
    1.0018
    0.9930
    0.9868
    0.9949
    0.9982
    1.0039
    0.9975
    1.0001
    0.9960
    0.9949
    1.0029
    1.0006
    0.9947
    0.9962
    1.0071
    1.0105
    1.0082
    1.0070
    1.0121
    1.0076
    1.0100
    1.0156
    1.0063
    1.0159
    1.0255
    1.0314
    1.0315
    1.0367
    1.0467
    1.0426
    1.0433
    1.0445
    1.0499
    1.0410
    1.0364
    1.0317
    1.0317
    1.0241
    1.0181
    1.0117
    1.0144
    1.0205
    1.0201
    1.0240
    1.0256
    1.0281
    1.0275
    1.0267
    1.0265
    1.0273
    1.0324
    1.0322
    1.0301
    1.0247
    1.0250
    1.0191
    1.0156
    1.0112
    1.0162
    1.0063
    1.0008
    0.9975
    0.9974
    0.9980
    0.9890
    0.9883
    0.9875
    0.9863
    0.9821
    0.9798
    0.9697
    0.9681
    0.9682
    0.9738
    0.9699
    0.9693
    0.9702
    0.9691
    0.9681
    0.9682
    0.9672
    0.9685
    0.9661
    0.9677
    0.9695
    0.9703
    0.9753
    0.9724
    0.9735
    0.9709
    0.9695
    0.9634
    0.9684
    0.9674
    0.9628
    0.9631
    0.9597
    0.9608
    0.9655
    0.9672
    0.9669
    0.9719
    0.9734
    0.9753
    0.9785
    0.9765
    0.9753
    0.9765
    0.9752
    0.9746
    0.9755
    0.9785
    0.9825
    0.9870
    0.9884
    0.9941
    1.0007
    1.0007
    1.0019
    0.9984
    0.9950
    0.9945
    0.9986
    1.0013
    1.0009
    1.0031
    1.0047
    1.0099
    1.0107
    1.0098
    1.0103
    1.0101
    1.0090
    1.0063
    1.0091
    1.0094
    1.0082
    1.0085
    1.0079
    1.0108
    1.0112
    1.0152
    1.0106
    1.0062
    1.0052
    1.0055
    1.0091
    1.0118
    1.0154
    1.0144
    1.0211
    1.0221
    1.0249
    1.0240
    1.0245
    1.0174
    1.0144
    1.0139
    1.0128
    1.0082
    1.0086
    1.0051
    1.0050
    1.0050
    1.0028
    0.9995
    0.9961
    0.9923
    0.9905
    0.9863
    0.9830
    0.9759
    0.9759
    0.9656
    0.9662
    0.9647
    0.9603
    0.9594
    0.9618
    0.9637
    0.9649
    0.9651
    0.9676
    0.9643
    0.9618
    0.9559
    0.9530
    0.9545
    0.9522
    0.9531
    0.9533
    0.9519
    0.9459
    0.9456
    0.9469
    0.9416
    0.9421
    0.9325
    0.9273
    0.9289
    0.9291
    0.9303
    0.9232
    0.9234
    0.9160
    0.9052
    0.9093
    0.9115
    0.8987
    0.8988
    0.8903
    0.8847
    0.8839
    0.8780
    0.8699
    0.8651
    0.8669
    0.8646
    0.8649
    0.8624
    0.8553
    0.8550
    0.8582
    0.8607
    0.8581
    0.8588
    0.8633
    0.8633
    0.8669
    0.8650
    0.8670
    0.8559
    0.8509
    0.8430
    0.8377
    0.8328
    0.8328
    0.8282
    0.8243
    0.8206
    0.8182
    0.8131
    0.8070
    0.8020
    0.7973
    0.7973
    0.8029
    0.8006
    0.7889
    0.7932
    0.7926
    0.7921
    0.7911
    0.8013
    0.8026
    0.8026
    0.8037
    0.7942
    0.7987
    0.7951
    0.8085
    0.8155
    0.8166
    0.8129
    0.8129
    0.8209
    0.8256
    0.8293
    0.8400
    0.8422
    0.8494
    0.8468
    0.8580
    0.8580
    0.8697
    0.8682
    0.8716
    0.8718
    0.8686
    0.8713
    0.8731
    0.8821
    0.8821
    0.8864
    0.8904
    0.9014
    0.9129
    0.9072
    0.9130
    0.9211
    0.9184
    0.9184
    0.9359
    0.9452
    0.9902
    0.9758
    0.9817
    0.9801
    1.0212
    1.0143
    1.0143
    1.0479
    1.0694
    1.0509
    1.0307
    1.0370
    1.0603
    1.0746
    1.0888
    1.1519
    1.1519
    1.1412
    1.1400
    1.1930
    1.2312
    1.2667
    1.2508
    1.2415
    1.2793
    1.2793
    1.3105
    1.3215
    1.3315
    1.3306
    1.3012
    1.2942
    1.3025
    1.3246
    1.3246
    1.3286
    1.3502
    1.4284
    1.4199
    1.4082
    1.4020
