    0.7305
    0.5937
    0.8271
    0.8614
    1.0375
    0.6417
    0.6683
    0.8506
    1.0015
    0.9690
    0.8312
    0.7599
    0.6980
    0.7590
    0.7209
    0.7197
    0.7299
    0.7518
    0.7519
    0.7523
    0.7445
    0.7423
    0.7298
    0.7269
    0.7336
    0.7174
    0.7324
    0.7345
    0.7608
    0.7660
    0.7721
    0.7703
    0.7860
    0.7733
    0.7813
    0.7855
    0.7908
    0.8129
    0.8036
    0.8104
    0.8012
    0.8132
    0.8215
    0.8159
    0.8109
    0.8070
    0.8017
    0.7835
    0.7826
    0.7818
    0.7769
    0.7855
    0.8148
    0.8930
    0.9131
    0.9603
    0.9375
    0.9815
    0.9737
    1.0143
    1.0185
    1.0086
    1.0301
    1.0336
    1.0238
    0.9862
    0.9603
    0.8879
    0.8879
    0.8444
    0.8451
    0.8148
    0.8144
    0.8945
    0.9385
    0.8776
    0.8613
    0.8791
    0.8994
    0.9135
    0.8759
    0.8765
    0.8841
    0.9105
    0.9062
    0.9271
    0.9299
    0.8871
    0.9085
    0.9380
    0.9212
    0.9258
    0.8793
    0.9284
    0.9274
    0.9685
    0.9631
    0.9572
    0.8946
    0.8925
    0.8903
    0.8987
    0.9099
    0.9222
    0.9144
    0.9053
    0.8978
    0.8894
    0.9066
    0.9161
    0.9391
    0.9632
    0.9339
    0.9450
    0.9193
    0.9109
    0.9309
    0.9051
    0.8781
    0.9375
    0.9544
    0.9760
    1.0587
    1.1132
    1.1387
    1.1744
    1.2901
    1.3894
    1.3649
    1.3615
    1.3788
    1.4031
    1.4255
    1.4417
    1.4369
    1.4372
    1.3980
    1.3653
    1.3243
    1.3220
    1.2924
    1.3023
    1.3142
    1.3631
    1.3747
    1.3567
    1.3229
    1.3137
    1.3085
    1.3208
    1.2884
    1.2413
    1.2512
    1.2023
    1.1859
    1.1677
    1.1261
    1.1387
    1.1204
    1.0582
    0.9969
    1.0094
    1.0098
    1.0008
    1.0096
    1.0147
    1.0190
    1.0154
    1.0154
    1.0352
    1.0318
    1.0433
    1.0539
    1.0723
    1.0674
    1.1064
    1.1183
    1.1377
    1.1637
    1.1832
    1.2086
    1.2065
    1.2432
    1.2418
    1.2622
    1.2656
    1.2623
    1.2285
    1.2335
    1.2534
    1.2831
    1.3067
    1.2862
    1.3317
    1.3377
    1.3286
    1.3623
    1.3742
    1.3698
    1.4045
    1.4127
    1.4274
    1.4842
    1.5243
    1.6006
    1.5759
    1.5739
    1.5687
    1.5821
    1.6155
    1.6034
    1.6460
    1.6839
    1.6849
    1.6753
    1.6885
    1.6605
    1.6604
    1.6967
    1.6850
    1.6734
    1.6686
    1.6637
    1.6618
    1.6168
    1.6327
    1.6885
    1.7379
    1.6994
    1.7049
    1.7287
    1.7662
    1.7709
    1.8364
    1.8456
    1.9041
    1.9531
    2.0064
    2.0467
    2.0177
    2.0368
    2.0395
    2.0703
    2.0234
    1.9877
    1.9823
    1.9967
    2.0064
    1.9925
    2.0177
    2.0526
    2.0581
    2.0831
    2.0905
    2.0676
    2.0478
    2.0677
    2.0227
    2.0225
    2.0345
    1.9929
    2.0802
    2.0812
    2.0584
    2.0621
    2.0438
    2.0445
    2.0231
    2.0579
    2.0308
    1.9967
    2.0367
    2.0306
    2.0292
    1.9829
    1.9645
    1.9688
    1.9952
    1.9794
    1.9692
    2.0379
    2.0813
    2.1199
    2.1099
    2.1430
    2.0871
    2.0713
    2.0816
    2.1108
    2.0876
    2.1162
    2.1223
    2.0969
    2.1347
    2.1089
    2.1095
    2.0809
    2.1225
    2.1297
    2.1214
    2.1534
    2.1680
    2.2301
    2.2356
    2.2679
    2.2888
    2.3663
    2.3728
    2.4032
    2.4517
    2.4811
    2.4836
    2.4812
    2.4773
    2.4773
    2.4777
    2.4810
    2.4570
    2.4569
    2.4753
    2.5162
    2.5203
    2.5786
    2.6111
    2.6465
    2.6591
    2.7220
    2.7627
    2.7538
    2.8053
    2.8411
    2.8684
    2.8847
    2.9023
    2.8686
    2.8814
    2.8948
    2.8645
    2.9137
    2.9248
    2.8601
    2.8889
    2.8567
    2.8700
    2.8546
    2.8466
    2.8948
    2.8977
    2.9269
    2.9373
    2.9319
    2.9280
    2.9707
    2.9397
    2.9344
    2.9820
    3.0354
    3.0338
    3.0656
    3.0319
    3.0462
    3.0395
    3.0558
    3.0242
    3.0654
    3.0509
    3.0596
    3.1117
    3.1325
    3.1085
    3.1083
    3.1336
    3.0995
    3.1165
    3.0248
    3.0365
    3.0234
    3.0317
    2.9829
    3.0172
    2.9962
    3.0288
    3.0277
    3.0154
    3.0611
    3.0623
    3.0181
    3.0551
    3.0494
    3.0543
    3.0642
    2.9584
    2.9496
    2.9747
    2.9418
    3.0103
    2.9866
    2.9703
    2.9625
    3.0026
    2.9919
    3.0003
    2.9893
    2.9682
    3.0011
    3.0082
    3.0157
    2.9677
    3.0109
    3.0003
    2.9798
    3.0186
    3.0270
    3.0241
    3.0323
    2.9875
    2.9570
    2.9695
    2.9977
    3.0356
    3.0209
    3.0026
    2.9660
    2.9682
    2.9589
    2.9995
    3.0030
    2.9971
    3.0600
    3.0074
    2.9368
    2.8907
    2.8312
    2.8533
    2.8196
    2.8376
    2.8711
    2.8421
    2.8079
    2.7773
    2.8025
    2.7775
    2.7353
    2.6826
    2.6413
    2.6230
    2.5658
    2.5577
    2.5077
    2.5298
    2.5142
    2.4779
    2.4868
    2.4988
    2.5097
    2.5066
    2.4900
    2.5216
    2.4772
    2.4864
    2.4689
    2.4520
    2.4524
    2.4546
    2.4183
    2.4436
    2.4413
    2.4369
    2.3977
    2.3959
    2.3890
    2.3929
    2.3802
    2.3303
    2.3426
    2.3416
    2.3269
    2.3308
    2.3389
    2.3259
    2.2917
    2.1932
    2.1946
    2.1854
    2.1720
    2.1515
    2.1334
    2.1349
    2.1223
    2.0878
    2.0778
    2.0442
    2.0642
    2.0711
    2.0755
    2.0661
    2.0301
    2.0070
    2.0046
    2.0241
    2.0054
    1.9950
    1.9947
    1.9575
    1.9462
    1.9471
    1.9540
    1.9524
    1.9224
    1.9143
    1.9165
    1.9166
    1.9250
    1.9246
    1.9185
    1.9195
    1.9016
    1.8957
    1.8607
    1.8405
    1.8336
    1.8174
    1.8223
    1.8177
    1.8176
    1.8143
    1.8042
    1.7890
    1.7772
    1.7779
    1.7792
    1.7822
    1.7804
    1.7767
    1.7685
    1.7577
    1.7631
    1.7681
    1.7493
    1.7469
    1.7569
    1.7502
    1.7519
    1.7576
    1.7705
    1.7646
    1.7311
    1.7480
    1.7425
    1.7364
    1.7224
    1.7424
    1.7531
    1.7504
    1.7519
    1.7471
    1.7654
    1.7853
    1.8022
    1.7957
    1.8025
    1.8008
    1.8151
    1.7981
    1.7988
    1.7964
    1.7696
    1.7680
    1.7631
    1.7648
    1.7701
    1.7754
    1.7683
    1.7579
    1.7639
    1.7586
    1.7588
    1.7644
    1.7909
    1.7709
    1.7640
    1.7723
    1.7477
    1.7497
    1.7539
    1.7459
    1.7445
    1.7447
    1.7504
    1.7558
    1.7656
    1.7588
    1.7734
    1.7838
    1.7907
    1.7821
    1.7932
    1.8042
    1.8123
    1.8126
    1.8287
    1.8165
    1.8064
    1.8031
    1.8179
    1.8273
    1.8458
    1.8677
    1.8429
    1.8506
    1.8541
    1.8654
    1.8941
    1.8964
    1.8984
    1.8940
    1.8951
    1.9045
    1.8924
    1.9055
    1.9126
    1.9106
    1.9069
    1.9008
    1.9016
    1.9144
    1.9326
    1.9266
    1.9206
    1.9130
    1.9290
    1.9331
    1.9279
    1.9163
    1.9320
    1.9484
    1.9801
    1.9753
    1.9839
    1.9767
    2.0069
    2.0159
    2.0088
    2.0081
    2.0062
    2.0211
    2.0302
    2.0328
    2.0184
    2.0129
    2.0053
    2.0144
    1.9872
    1.9971
    2.0158
    2.0208
    2.0338
    2.0223
    2.0174
    2.0213
    2.0198
    1.9859
    1.9893
    1.9755
    1.9631
    1.9691
    1.9807
    1.9682
    1.9775
    1.9677
    1.9649
    1.9669
    1.9884
    1.9917
    1.9869
    1.9802
    1.9725
    1.9731
    1.9645
    1.9410
    1.9606
    1.9397
    1.9313
    1.9348
    1.9360
    1.9345
    1.9508
    1.9429
    1.9635
    1.9697
    1.9397
    1.9164
    1.9209
    1.9233
    1.9310
    1.9122
    1.9230
    1.9338
    1.9377
    1.9157
    1.9103
    1.8875
    1.8792
    1.8744
    1.9000
    1.9177
    1.9103
    1.9225
    1.9339
    1.9285
    1.9555
    1.9675
    1.9639
    1.9818
    1.9819
    1.9912
    2.0124
    2.0186
    2.0345
    2.0334
    2.0371
    2.0371
    2.0210
    2.0204
    2.0282
    2.0265
    2.0183
    2.0009
    1.9982
    2.0016
    2.0113
    2.0204
    2.0202
    2.0195
    2.0262
    2.0267
    2.0384
    2.0282
    2.0390
    2.0366
    2.0430
    2.0090
    2.0171
    1.9989
    2.0040
    2.0175
    2.0066
    1.9937
    2.0016
    2.0033
    1.9945
    1.9906
    1.9931
    2.0008
    2.0064
    2.0062
    1.9886
    2.0056
    2.0005
    1.9986
    2.0001
    2.0003
    2.0111
    2.0123
    2.0074
    2.0105
    2.0286
    2.0322
    2.0313
    2.0420
    2.0383
    2.0514
    2.0432
    2.0294
    2.0291
    2.0252
    2.0170
    2.0192
    2.0282
    2.0351
    2.0418
    2.0439
    2.0461
    2.0517
    2.0416
    2.0506
    2.0633
    2.0560
    2.0562
    2.0543
    2.0627
    2.0787
    2.0655
    2.0704
    2.0661
    2.0692
    2.0767
    2.0776
    2.0831
    2.0830
    2.0800
    2.0759
    2.0685
    2.0638
    2.0584
    2.0659
    2.0631
    2.0606
    2.0593
    2.0643
    2.0584
    2.0600
    2.0506
    2.0507
    2.0471
    2.0453
    2.0416
    2.0461
    2.0506
    2.0583
    2.0649
    2.0819
    2.0856
    2.0874
    2.0910
    2.0863
    2.0863
    2.0864
    2.0953
    2.0965
    2.0946
    2.0993
    2.1228
    2.1236
    2.1261
    2.1243
    2.1352
    2.1512
    2.1475
    2.1402
    2.1452
    2.1470
    2.1524
    2.1529
    2.1577
    2.1599
    2.1640
    2.1500
    2.1531
    2.1615
    2.1606
    2.1612
    2.1626
    2.1688
    2.1753
    2.1837
    2.2066
    2.1874
    2.2049
    2.2179
    2.2202
    2.2212
    2.2226
    2.2203
    2.2208
    2.2185
    2.2296
    2.2269
    2.2238
    2.2511
    2.2520
    2.2779
    2.2823
    2.2827
    2.2723
    2.2685
    2.2829
    2.2750
    2.2707
    2.2716
    2.2720
    2.2953
    2.3043
    2.3260
    2.3385
    2.3366
    2.3429
    2.3224
    2.3041
    2.3049
    2.3197
    2.3120
    2.3034
    2.3107
    2.3148
    2.3007
    2.2957
    2.3047
    2.3066
    2.3000
    2.3040
    2.3003
    2.2819
    2.2820
    2.2533
    2.2593
    2.2755
    2.2767
    2.2628
    2.2681
    2.3051
    2.3051
    2.2960
    2.2901
    2.2996
    2.3149
    2.3149
    2.3439
    2.3348
    2.3427
    2.3373
    2.3361
    2.3306
    2.3349
    2.3500
    2.3500
    2.3578
    2.3517
    2.3386
    2.3680
    2.3538
    2.3641
    2.3578
    2.4230
    2.4230
    2.4146
    2.4040
    2.4678
    2.4662
    2.4584
    2.4750
    2.5024
    2.4828
    2.5008
    2.5008
    2.5247
    2.5378
    2.5546
    2.5601
    2.5460
    2.5124
    2.5224
    2.5624
    2.5624
    2.5343
    2.5604
    2.5682
    2.6141
    2.6192
    2.5992
    2.5735
    2.5744
    2.5744
    2.6023
    2.5984
    2.5840
    2.5775
    2.5825
    2.5868
    2.5497
    2.5720
    2.5720
    2.5029
    2.5225
    2.5967
    2.6173
    2.6283
    2.7009
    2.7939
    2.7902
    2.7902
    2.8093
    2.7785
    2.7587
    2.7460
    2.7206
    2.7190
    2.7350
    2.8532
    2.8532
    2.8509
    2.7763
    2.8859
    2.9108
    2.9440
    2.9143
    2.8651
    2.9550
    3.0173
    3.0173
    2.9802
    3.0237
    3.0249
    2.9919
    3.0200
    3.0411
    3.1115
    3.0804
    3.0804
    3.1862
    3.1975
    3.1949
    3.3343
    3.3991
    3.3666
    3.4639
    3.4700
    3.4700
    3.4620
    3.5116
    3.5134
    3.6536
    3.6107
    3.7663
