    8.0000
    4.4668
    9.5400
   10.0685
    2.4350
    5.4292
    0.6792
    2.1252
    1.7294
    1.7804
    2.6357
    1.3870
    1.5196
    1.6520
    1.3806
    1.3767
    1.3279
    1.8250
    1.7461
    1.5439
    1.2826
    1.6130
    1.5083
    1.6600
    1.3660
    1.6352
    1.7283
    1.7785
    1.6353
    1.5057
    1.4614
    1.2897
    0.9586
    0.9878
    1.0029
    1.0140
    1.0994
    1.0728
    1.0160
    1.0689
    1.4050
    1.6047
    1.4966
    1.4030
    1.3365
    1.3078
    1.3255
    1.4777
    1.3164
    1.3244
    1.4451
    1.4696
    1.3782
    1.4459
    1.4880
    1.6780
    1.8389
    1.7450
    1.7585
    1.6764
    1.9036
    2.0336
    1.9430
    1.7849
    1.8225
    1.6789
    1.7198
    1.7786
    1.6968
    1.6310
    1.5058
    1.6006
    1.5969
    1.5788
    1.4911
    1.5129
    1.5546
    1.6162
    1.7359
    1.8819
    1.8943
    1.9814
    1.9774
    1.9986
    2.0275
    1.9526
    2.0823
    2.1945
    2.2619
    2.3255
    2.2514
    2.2608
    2.3036
    2.4021
    2.4361
    2.4510
    2.3864
    2.1693
    2.1607
    2.0905
    2.1881
    2.0578
    1.9041
    1.8958
    1.7478
    1.7092
    1.5661
    1.5430
    1.6293
    1.5414
    1.5298
    1.5964
    1.5080
    1.4958
    1.6197
    1.6731
    1.6671
    1.6185
    1.5899
    1.5888
    1.5649
    1.5829
    1.7506
    1.7837
    1.7967
    1.8058
    1.7240
    1.8250
    1.8527
    1.9467
    2.0325
    2.2327
    2.3545
    2.5479
    2.6310
    2.7587
    2.7007
    2.6622
    2.8194
    2.8598
    2.8541
    3.1356
    3.1549
    3.2102
    3.2207
    3.2361
    3.2561
    3.2535
    3.3746
    3.3185
    3.3148
    3.3466
    3.3307
    3.3738
    3.4084
    3.3235
    3.2309
    3.1490
    3.0332
    3.0519
    3.1018
    3.0766
    3.0305
    3.0367
    3.0158
    3.0460
    2.9339
    2.9162
    2.8296
    2.8876
    2.8348
    2.9545
    2.9448
    2.9735
    2.9604
    2.9620
    2.8382
    2.8461
    2.7837
    2.8465
    2.8465
    2.7917
    2.7969
    2.7891
    2.8085
    2.8181
    2.7954
    2.7501
    2.9164
    2.9841
    3.0675
    3.0219
    3.0218
    3.0067
    2.9500
    2.9970
    2.9221
    2.9088
    2.8813
    2.9274
    2.8624
    2.8660
    2.7790
    2.9841
    3.0441
    2.9845
    2.8979
    2.9276
    3.0144
    3.0916
    3.1495
    3.2258
    3.2758
    3.2612
    3.3430
    3.1708
    3.2305
    3.2196
    3.1314
    3.1603
    3.1117
    3.1718
    3.1769
    3.0985
    3.0373
    3.0251
    3.0331
    2.9789
    2.8995
    2.9398
    2.8811
    2.9536
    2.8755
    2.9682
    3.0036
    3.0613
    3.1631
    3.1365
    3.0577
    3.0893
    3.0895
    3.1225
    3.1154
    3.1788
    3.0875
    3.1118
    3.1355
    3.1221
    3.1343
    3.1547
    3.1294
    3.1460
    3.1290
    3.0861
    3.0962
    3.0256
    3.0304
    2.9854
    3.0225
    3.0486
    3.0055
    2.8888
    2.8250
    2.7815
    2.7548
    2.7382
    2.7333
    2.7270
    2.6714
    2.5920
    2.5184
    2.5204
    2.4409
    2.3805
    2.4022
    2.4236
    2.3463
    2.2960
    2.2782
    2.2264
    2.2176
    2.2325
    2.2420
    2.2380
    2.2397
    2.2713
    2.2709
    2.2872
    2.2878
    2.2742
    2.2573
    2.2226
    2.2486
    2.2740
    2.2501
    2.2312
    2.1972
    2.1804
    2.1611
    2.1683
    2.1359
    2.0613
    2.1053
    2.0696
    2.0786
    2.0697
    2.0388
    2.0178
    2.0542
    2.0352
    1.9978
    2.0017
    1.9821
    1.9849
    1.9786
    2.0039
    2.0249
    2.0795
    2.1278
    2.1592
    2.2079
    2.2123
    2.2214
    2.2300
    2.2311
    2.2061
    2.1863
    2.2074
    2.2294
    2.2735
    2.3007
    2.3424
    2.3351
    2.2739
    2.3115
    2.3021
    2.3165
    2.3462
    2.3314
    2.3531
    2.4169
    2.4492
    2.4963
    2.4816
    2.5138
    2.5387
    2.5200
    2.6070
    2.5963
    2.6156
    2.6379
    2.7042
    2.7707
    2.7889
    2.7806
    2.7680
    2.7928
    2.8054
    2.7769
    2.7331
    2.7177
    2.6809
    2.6707
    2.6154
    2.6262
    2.5980
    2.6290
    2.5906
    2.6063
    2.5951
    2.5893
    2.5897
    2.5850
    2.5626
    2.5534
    2.5383
    2.5173
    2.5102
    2.5757
    2.5574
    2.5205
    2.4858
    2.5104
    2.4955
    2.5309
    2.5384
    2.5468
    2.5763
    2.5677
    2.5556
    2.5453
    2.6240
    2.6485
    2.6979
    2.7056
    2.6960
    2.6890
    2.6917
    2.6694
    2.6229
    2.6459
    2.5802
    2.5620
    2.5915
    2.6120
    2.6155
    2.6025
    2.6036
    2.6462
    2.6700
    2.6868
    2.6929
    2.6544
    2.6444
    2.6522
    2.6398
    2.6370
    2.6263
    2.6857
    2.7339
    2.7301
    2.7367
    2.7321
    2.7447
    2.7524
    2.7731
    2.8061
    2.7916
    2.7792
    2.8000
    2.8050
    2.8216
    2.8047
    2.8461
    2.8577
    2.8249
    2.8213
    2.8064
    2.7908
    2.7774
    2.8261
    2.8299
    2.8419
    2.8026
    2.7907
    2.7790
    2.7991
    2.7970
    2.7951
    2.7961
    2.8017
    2.7900
    2.7639
    2.7920
    2.7840
    2.7971
    2.8068
    2.8351
    2.8223
    2.8355
    2.8668
    2.8603
    2.9233
    2.9305
    2.9178
    2.9268
    2.9066
    2.9122
    2.9098
    2.9077
    2.9226
    2.9401
    2.9477
    2.9073
    2.8952
    2.8867
    2.8831
    2.8535
    2.8612
    2.8975
    2.9041
    2.8926
    2.8651
    2.8778
    2.8379
    2.8393
    2.8174
    2.8079
    2.7892
    2.7932
    2.7946
    2.8103
    2.8039
    2.7966
    2.7774
    2.7720
    2.7622
    2.7597
    2.7727
    2.7861
    2.7756
    2.7951
    2.8154
    2.7936
    2.7874
    2.7992
    2.8907
    2.8894
    2.8713
    2.8483
    2.8485
    2.8605
    2.8719
    2.8689
    2.8703
    2.8834
    2.8828
    2.9342
    2.9192
    2.9686
    2.9580
    2.9773
    3.0209
    3.0233
    3.0072
    3.0304
    3.0236
    2.9682
    2.9558
    2.9361
    2.9287
    2.9297
    2.9255
    2.9029
    2.9052
    2.9130
    2.8865
    2.9001
    2.8740
    2.8721
    2.8653
    2.8394
    2.8282
    2.8004
    2.8145
    2.8014
    2.8025
    2.7965
    2.7998
    2.8144
    2.8144
    2.8163
    2.8423
    2.8532
    2.8382
    2.7822
    2.7747
    2.7728
    2.7777
    2.7710
    2.7641
    2.7784
    2.7728
    2.7900
    2.7646
    2.7540
    2.7487
    2.7229
    2.7134
    2.7389
    2.7504
    2.7295
    2.7406
    2.7550
    2.7453
    2.7600
    2.7387
    2.7243
    2.7120
    2.6745
    2.6721
    2.6527
    2.6283
    2.6019
    2.5895
    2.5491
    2.5383
    2.5340
    2.5107
    2.5064
    2.4871
    2.5025
    2.4862
    2.4474
    2.4225
    2.3974
    2.3764
    2.3746
    2.3664
    2.3697
    2.3397
    2.3323
    2.3486
    2.3039
    2.2573
    2.2396
    2.2068
    2.1947
    2.1953
    2.1576
    2.1446
    2.1061
    2.0846
    2.0718
    2.0503
    2.0318
    2.0140
    1.9971
    2.0115
    1.9751
    1.9054
    1.8850
    1.8656
    1.8649
    1.8405
    1.8152
    1.7990
    1.7642
    1.7477
    1.7321
    1.7290
    1.7132
    1.7046
    1.6787
    1.6747
    1.6586
    1.6242
    1.5942
    1.5589
    1.5583
    1.5384
    1.5312
    1.5109
    1.4936
    1.4732
    1.4362
    1.4276
    1.4224
    1.4157
    1.3981
    1.3810
    1.3713
    1.3383
    1.3274
    1.3039
    1.2892
    1.2752
    1.2622
    1.2353
    1.2286
    1.2189
    1.2117
    1.1879
    1.1881
    1.1880
    1.1874
    1.1926
    1.1849
    1.1811
    1.1783
    1.1695
    1.1603
    1.1491
    1.1342
    1.1238
    1.1175
    1.1071
    1.1067
    1.1024
    1.0903
    1.0863
    1.0851
    1.0853
    1.0864
    1.0862
    1.0837
    1.0867
    1.0858
    1.0784
    1.0792
    1.0757
    1.0687
    1.0610
    1.0540
    1.0513
    1.0458
    1.0453
    1.0471
    1.0453
    1.0482
    1.0488
    1.0501
    1.0534
    1.0478
    1.0491
    1.0555
    1.0531
    1.0470
    1.0387
    1.0312
    1.0241
    1.0244
    1.0187
    1.0126
    1.0157
    1.0166
    1.0196
    1.0176
    1.0157
    1.0164
    1.0155
    1.0100
    1.0094
    1.0074
    1.0083
    1.0046
    1.0052
    1.0032
    1.0106
    1.0084
    1.0054
    1.0050
    1.0063
    1.0068
    1.0033
    1.0013
    1.0033
    1.0095
    1.0105
    1.0088
    1.0089
    1.0148
    1.0159
    1.0122
    1.0109
    1.0050
    1.0076
    1.0108
    1.0152
    1.0171
    1.0174
    1.0213
    1.0193
    1.0217
    1.0249
    1.0269
    1.0309
    1.0319
    1.0319
    1.0403
    1.0462
    1.0537
    1.0645
    1.0702
    1.0721
    1.0791
    1.0783
    1.0922
    1.0953
    1.0980
    1.1028
    1.1034
    1.1053
    1.1080
    1.1135
    1.1197
    1.1240
    1.1291
    1.1270
    1.1282
    1.1337
    1.1388
    1.1534
    1.1557
    1.1661
    1.1680
    1.1733
    1.1811
    1.1857
    1.1869
    1.2001
    1.2028
    1.2092
    1.2125
    1.2146
    1.2176
    1.2204
    1.2209
    1.2290
    1.2279
    1.2368
    1.2450
    1.2504
    1.2568
    1.2671
    1.2683
    1.2715
    1.2812
    1.2883
    1.2966
    1.3040
    1.3151
    1.3205
    1.3350
    1.3403
    1.3405
    1.3403
    1.3410
    1.3398
    1.3588
    1.3620
    1.3692
    1.3699
    1.3810
    1.3832
    1.3953
    1.4152
    1.4206
    1.4297
    1.4476
    1.4591
    1.4625
    1.4648
    1.4692
    1.4707
    1.4855
    1.4819
    1.4844
    1.4801
    1.4734
    1.4801
    1.4836
    1.4865
    1.4872
    1.4942
    1.4980
    1.5150
    1.5286
    1.5475
    1.5549
    1.5656
    1.5656
    1.5658
    1.5622
    1.5630
    1.5746
    1.6031
    1.6023
    1.6046
    1.6024
    1.6033
    1.6035
    1.6022
    1.6062
    1.6094
    1.6022
    1.6078
    1.6175
    1.6141
    1.6107
    1.6107
    1.6142
    1.6178
    1.6264
    1.6305
    1.6277
    1.6423
    1.6508
    1.6509
    1.6510
    1.6587
    1.6586
    1.6564
    1.6552
    1.6419
    1.6581
    1.6709
    1.6667
    1.6497
    1.6497
    1.6550
    1.6592
    1.6709
    1.6832
    1.6935
    1.7007
    1.6938
    1.7189
    1.7189
    1.7344
    1.7361
    1.7498
    1.7400
    1.7380
    1.7569
    1.7691
    1.7735
    1.7736
    1.7841
    1.8070
    1.8103
    1.8086
    1.8206
    1.8070
    1.8172
    1.8414
    1.8414
    1.8570
    1.8311
    1.8396
    1.8916
    1.8809
    1.8937
    1.9086
    1.9244
    1.9244
    1.9325
    1.9608
    1.9525
    1.9643
    1.9793
    2.0198
    2.0055
    1.9913
    1.9913
    2.0120
    2.0596
    2.0786
    2.1358
    2.1272
    2.1572
    2.1593
    2.1545
    2.1439
    2.1439
    2.1773
    2.1834
    2.1791
    2.2323
    2.2568
    2.2663
    2.2348
    2.2812
    2.2812
    2.2891
    2.2901
    2.3157
    2.3328
    2.3201
    2.2818
    2.2395
    2.2125
    2.2125
    2.2379
    2.1847
    2.1927
    2.1845
    2.1434
    2.1968
    2.1836
    2.2336
    2.2336
    2.2382
    2.2844
    2.3444
    2.3667
    2.4019
    2.3762
    2.3797
    2.3803
    2.3803
    2.3168
    2.3292
    2.3622
    2.3820
    2.4088
    2.4766
    2.5557
    2.5446
    2.5446
    2.4814
    2.5110
    2.5083
    2.4673
    2.5474
    2.4969
    2.5073
    2.5147
    2.5059
    2.5059
    2.5664
    2.5018
    2.4195
    2.4532
    2.5141
    2.4554
    2.4764
    2.4236
    2.4236
    2.3956
    2.3798
    2.4373
    2.5162
    2.4193
    2.3827
    2.3501
    2.3848
    2.3848
    2.3944
    2.3521
    2.4804
    2.5203
    2.5800
    2.7439
