    0.5340
    0.6338
    0.4852
    0.5842
    0.6046
    0.7536
    1.0771
    1.5822
    1.7489
    1.7960
    2.3408
    2.0249
    1.6894
    1.5934
    1.3808
    1.2934
    0.7516
    0.7589
    0.8988
    0.8539
    1.0830
    1.1607
    1.3764
    1.2217
    1.1003
    0.9582
    1.1396
    1.2911
    1.2811
    1.2519
    1.3988
    1.2665
    1.1516
    0.8645
    0.7527
    0.5996
    0.6671
    0.6478
    0.7810
    0.7797
    0.7204
    0.7443
    0.8357
    0.8030
    1.0136
    1.0854
    0.9697
    1.0452
    0.7603
    0.7586
    0.8399
    0.8072
    0.8106
    0.7755
    0.7659
    0.7954
    0.7862
    0.8754
    0.9914
    0.9562
    1.0546
    1.0291
    1.0205
    1.0349
    0.9921
    0.9730
    0.9529
    0.9880
    1.0362
    1.0104
    1.0276
    0.9080
    0.9735
    0.9785
    0.8920
    0.9366
    0.9367
    0.9969
    1.0872
    1.1212
    1.2173
    1.2023
    1.1656
    1.2509
    1.2184
    1.1238
    1.0623
    1.0161
    0.9554
    1.0309
    0.9362
    0.9563
    0.9401
    0.9133
    0.9353
    0.9052
    0.8622
    0.8689
    0.8207
    0.7622
    0.7621
    0.7310
    0.7280
    0.7311
    0.7242
    0.7085
    0.7007
    0.7630
    0.8047
    0.8135
    0.8410
    0.8674
    0.8835
    0.9175
    0.9121
    0.9259
    0.9490
    0.9597
    0.9311
    0.9675
    0.9620
    0.9762
    0.9751
    1.0135
    1.0154
    1.0284
    0.9978
    1.0096
    0.9934
    0.9496
    0.9627
    0.9862
    1.0036
    0.9915
    1.0124
    1.0167
    0.9984
    1.0065
    1.0133
    1.0367
    1.0355
    1.0100
    0.9941
    0.9945
    1.0164
    0.9731
    0.9350
    0.9419
    0.9558
    0.9704
    0.9708
    0.9869
    1.0145
    1.0396
    1.0337
    1.0269
    0.9992
    0.9704
    1.0139
    1.0276
    0.9965
    0.9958
    1.0360
    1.0503
    1.0846
    1.0834
    1.0635
    1.0547
    1.0922
    1.1067
    1.0974
    1.0677
    1.1260
    1.1374
    1.1785
    1.1513
    1.1426
    1.1570
    1.1586
    1.1595
    1.1314
    1.1103
    1.1054
    1.0733
    1.0779
    1.1165
    1.1194
    1.0790
    1.1028
    1.0854
    1.0639
    1.0335
    1.0404
    1.0493
    1.0366
    1.0810
    1.0770
    1.0962
    1.1211
    1.1008
    1.1031
    1.1194
    1.1404
    1.1306
    1.1388
    1.1490
    1.1459
    1.1482
    1.1468
    1.1646
    1.1703
    1.1670
    1.1705
    1.1949
    1.1854
    1.1965
    1.2396
    1.2337
    1.1977
    1.1860
    1.1832
    1.1909
    1.2051
    1.2010
    1.2331
    1.2322
    1.2448
    1.2648
    1.2445
    1.2546
    1.2565
    1.3049
    1.2900
    1.2954
    1.3047
    1.3411
    1.3154
    1.2826
    1.3005
    1.3089
    1.3347
    1.3497
    1.3458
    1.3231
    1.3125
    1.3134
    1.2754
    1.2538
    1.2175
    1.2082
    1.2185
    1.2273
    1.2328
    1.2195
    1.2268
    1.2165
    1.2237
    1.2312
    1.2418
    1.2562
    1.2568
    1.2274
    1.1922
    1.1962
    1.1874
    1.1975
    1.2006
    1.2104
    1.2089
    1.1844
    1.1820
    1.2029
    1.1948
    1.1757
    1.1596
    1.1664
    1.1868
    1.2209
    1.2172
    1.2069
    1.2273
    1.2579
    1.2356
    1.2631
    1.2429
    1.2380
    1.2257
    1.2080
    1.2049
    1.1975
    1.1966
    1.1922
    1.2108
    1.1765
    1.1560
    1.1732
    1.1487
    1.1412
    1.1626
    1.1782
    1.1595
    1.1472
    1.1337
    1.1121
    1.1167
    1.1001
    1.1045
    1.0935
    1.0980
    1.0853
    1.0884
    1.0858
    1.1012
    1.1392
    1.1689
    1.1456
    1.1598
    1.1706
    1.1838
    1.1864
    1.2056
    1.1868
    1.2008
    1.2010
    1.1937
    1.2023
    1.1714
    1.1514
    1.1521
    1.1349
    1.1294
    1.1495
    1.1366
    1.1479
    1.1448
    1.1450
    1.1382
    1.1326
    1.1379
    1.1195
    1.1315
    1.1443
    1.1215
    1.1214
    1.1211
    1.1227
    1.1440
    1.1458
    1.1498
    1.1374
    1.1140
    1.1232
    1.1373
    1.1339
    1.1049
    1.1125
    1.1178
    1.1263
    1.1231
    1.0967
    1.0847
    1.0857
    1.1155
    1.0984
    1.0900
    1.1026
    1.1118
    1.1212
    1.1288
    1.1495
    1.1261
    1.1273
    1.1174
    1.1282
    1.1279
    1.1339
    1.1201
    1.1097
    1.0940
    1.1134
    1.1208
    1.1460
    1.1260
    1.0916
    1.0674
    1.0753
    1.0859
    1.1027
    1.1003
    1.1064
    1.0974
    1.0839
    1.0750
    1.0669
    1.0612
    1.0447
    1.0306
    1.0318
    1.0209
    0.9960
    0.9827
    0.9906
    0.9840
    0.9716
    0.9638
    0.9619
    0.9699
    0.9666
    0.9690
    0.9616
    0.9587
    0.9575
    0.9648
    0.9770
    0.9724
    0.9775
    0.9675
    0.9753
    0.9722
    0.9377
    0.9401
    0.9320
    0.9403
    0.9392
    0.9428
    0.9376
    0.9276
    0.9256
    0.9168
    0.9122
    0.9030
    0.8909
    0.8805
    0.8749
    0.8737
    0.8656
    0.8551
    0.8424
    0.8351
    0.8278
    0.8302
    0.8417
    0.8391
    0.8428
    0.8328
    0.8206
    0.8300
    0.8170
    0.8093
    0.7997
    0.7949
    0.7921
    0.7937
    0.8016
    0.8071
    0.7961
    0.7878
    0.7898
    0.7990
    0.8092
    0.7919
    0.7924
    0.7984
    0.7982
    0.7857
    0.7916
    0.7828
    0.7782
    0.7795
    0.7739
    0.7818
    0.7789
    0.7680
    0.7619
    0.7673
    0.7672
    0.7712
    0.7819
    0.7769
    0.7776
    0.7732
    0.7775
    0.7810
    0.7871
    0.7930
    0.7939
    0.7964
    0.7870
    0.7836
    0.7854
    0.7818
    0.7818
    0.7893
    0.8023
    0.8020
    0.8050
    0.8125
    0.8080
    0.8156
    0.8168
    0.8224
    0.8206
    0.8255
    0.8195
    0.8193
    0.8125
    0.8031
    0.7962
    0.8008
    0.7963
    0.7895
    0.7903
    0.7886
    0.7776
    0.7806
    0.7792
    0.7804
    0.7754
    0.7761
    0.7722
    0.7697
    0.7776
    0.7694
    0.7770
    0.7772
    0.7847
    0.7842
    0.7862
    0.8004
    0.7917
    0.7953
    0.8002
    0.7997
    0.8008
    0.7996
    0.7868
    0.7954
    0.7868
    0.7896
    0.7867
    0.7849
    0.7828
    0.7763
    0.7833
    0.7865
    0.7934
    0.7944
    0.7917
    0.7909
    0.7859
    0.7860
    0.7925
    0.7985
    0.7969
    0.7780
    0.7676
    0.7636
    0.7601
    0.7567
    0.7572
    0.7616
    0.7640
    0.7593
    0.7639
    0.7569
    0.7608
    0.7613
    0.7593
    0.7569
    0.7611
    0.7528
    0.7475
    0.7472
    0.7568
    0.7605
    0.7628
    0.7603
    0.7585
    0.7541
    0.7498
    0.7524
    0.7459
    0.7420
    0.7381
    0.7348
    0.7254
    0.7253
    0.7205
    0.7182
    0.7254
    0.7168
    0.7076
    0.7058
    0.6973
    0.6991
    0.6945
    0.6744
    0.6727
    0.6652
    0.6715
    0.6695
    0.6690
    0.6620
    0.6604
    0.6621
    0.6585
    0.6554
    0.6553
    0.6558
    0.6551
    0.6558
    0.6489
    0.6398
    0.6325
    0.6327
    0.6321
    0.6350
    0.6276
    0.6246
    0.6183
    0.6107
    0.6028
    0.5994
    0.6041
    0.6076
    0.6126
    0.6150
    0.6080
    0.6119
    0.6084
    0.6066
    0.6039
    0.6028
    0.6060
    0.6058
    0.6041
    0.6045
    0.6032
    0.6062
    0.6096
    0.6095
    0.6075
    0.6017
    0.6081
    0.6085
    0.5975
    0.6018
    0.6025
    0.5957
    0.5928
    0.5949
    0.5916
    0.5944
    0.5954
    0.5948
    0.5952
    0.5902
    0.5857
    0.5868
    0.5850
    0.5857
    0.5804
    0.5770
    0.5754
    0.5771
    0.5767
    0.5729
    0.5725
    0.5754
    0.5807
    0.5761
    0.5783
    0.5764
    0.5733
    0.5787
    0.5761
    0.5768
    0.5790
    0.5783
    0.5767
    0.5802
    0.5793
    0.5763
    0.5723
    0.5699
    0.5624
    0.5592
    0.5620
    0.5572
    0.5537
    0.5482
    0.5496
    0.5507
    0.5516
    0.5518
    0.5480
    0.5499
    0.5518
    0.5577
    0.5614
    0.5623
    0.5664
    0.5572
    0.5555
    0.5556
    0.5603
    0.5612
    0.5658
    0.5721
    0.5729
    0.5679
    0.5708
    0.5665
    0.5705
    0.5680
    0.5710
    0.5730
    0.5713
    0.5754
    0.5778
    0.5768
    0.5674
    0.5622
    0.5575
    0.5563
    0.5537
    0.5586
    0.5551
    0.5506
    0.5527
    0.5515
    0.5509
    0.5536
    0.5509
    0.5577
    0.5600
    0.5571
    0.5575
    0.5593
    0.5621
    0.5624
    0.5605
    0.5591
    0.5608
    0.5645
    0.5670
    0.5673
    0.5756
    0.5754
    0.5674
    0.5698
    0.5712
    0.5770
    0.5778
    0.5832
    0.5815
    0.5840
    0.5842
    0.5861
    0.5876
    0.5838
    0.5897
    0.5906
    0.5929
    0.5962
    0.5994
    0.5970
    0.6024
    0.5997
    0.5991
    0.6048
    0.6048
    0.6060
    0.6041
    0.6037
    0.6031
    0.5991
    0.5991
    0.5991
    0.5964
    0.6009
    0.6001
    0.6018
    0.6041
    0.6046
    0.6020
    0.6004
    0.5984
    0.5991
    0.5981
    0.6027
    0.6004
    0.6028
    0.6063
    0.6051
    0.6092
    0.6071
    0.6057
    0.6061
    0.6077
    0.6105
    0.6125
    0.6127
    0.6141
    0.6144
    0.6143
    0.6158
    0.6168
    0.6190
    0.6208
    0.6191
    0.6184
    0.6212
    0.6251
    0.6242
    0.6245
    0.6231
    0.6263
    0.6274
    0.6267
    0.6279
    0.6284
    0.6262
    0.6281
    0.6297
    0.6304
    0.6301
    0.6307
    0.6334
    0.6341
    0.6356
    0.6336
    0.6342
    0.6377
    0.6378
    0.6391
    0.6392
    0.6382
    0.6383
    0.6423
    0.6432
    0.6402
    0.6383
    0.6386
    0.6385
    0.6405
    0.6382
    0.6391
    0.6413
    0.6393
    0.6400
    0.6410
    0.6411
    0.6428
    0.6399
    0.6413
    0.6426
    0.6401
    0.6407
    0.6433
    0.6484
    0.6485
    0.6504
    0.6530
    0.6574
    0.6597
    0.6579
    0.6621
    0.6652
    0.6723
    0.6724
    0.6729
    0.6726
    0.6718
    0.6746
    0.6731
    0.6777
    0.6767
    0.6759
    0.6760
    0.6741
    0.6715
    0.6734
    0.6685
    0.6777
    0.6814
    0.6847
    0.6844
    0.6796
    0.6798
    0.6782
    0.6732
    0.6660
    0.6667
    0.6719
    0.6728
    0.6714
    0.6765
    0.6766
    0.6727
    0.6775
    0.6738
    0.6721
    0.6733
    0.6679
    0.6713
    0.6700
    0.6702
    0.6713
    0.6866
    0.6953
    0.7044
    0.7085
    0.7155
    0.7095
    0.7105
    0.7105
    0.7195
    0.7303
    0.7279
    0.7306
    0.7328
    0.7298
    0.7384
    0.7255
    0.7255
    0.7258
    0.7222
    0.7332
    0.7392
    0.7352
    0.7276
    0.7291
    0.7415
    0.7415
    0.7465
    0.7486
    0.7407
    0.7381
    0.7409
    0.7391
    0.7231
    0.7251
    0.7601
    0.7601
    0.7600
    0.7576
    0.7596
    0.7605
    0.7622
    0.7525
    0.7533
    0.7475
    0.7475
    0.7468
    0.7463
    0.7575
    0.7484
    0.7691
    0.7480
    0.7459
    0.7387
    0.7387
    0.7319
    0.7206
    0.7335
    0.7314
    0.7128
    0.7258
    0.7316
    0.7144
    0.7144
    0.7209
    0.7285
    0.7602
    0.7636
    0.7522
    0.7726
    0.7983
    0.8161
    0.8161
    0.8320
    0.8603
    0.8473
    0.8735
    0.8829
    0.8719
    0.9054
    0.9197
    0.9197
    0.9353
    0.9430
    0.9489
    0.9504
    0.9768
    0.9563
    0.9780
    0.9821
    0.9692
    0.9692
    0.9486
    0.9870
    0.9618
    1.0338
    1.0977
    1.0717
    1.0695
    1.0526
    1.0526
    1.0617
    1.0566
    1.0642
    1.0476
    1.0287
    1.0219
    0.9991
    0.9783
    0.9783
    0.9529
    0.9697
    1.0212
    1.0277
    1.0315
    1.0053
