    3.0334
    2.9536
    1.6737
    4.7852
    2.0281
    3.2673
    5.9164
    1.7727
    1.8408
    2.4935
    3.5453
    4.0649
    2.6250
    2.4591
    2.6732
    4.9540
    3.1753
    2.8601
    3.1007
    2.9940
    1.9412
    2.7918
    2.9162
    3.2656
    3.0417
    4.4850
    3.4391
    3.1003
    2.7502
    2.0191
    2.0413
    1.9447
    1.7800
    1.7527
    1.5331
    1.5316
    1.3382
    1.4282
    1.3217
    1.3688
    1.4380
    1.3631
    1.3912
    1.6277
    1.4910
    1.5343
    1.5252
    1.4922
    1.2926
    1.2255
    1.2884
    1.3095
    1.3806
    1.3874
    1.3920
    1.3546
    1.3642
    1.4051
    1.4915
    1.4385
    1.6908
    1.8145
    1.8742
    1.6126
    1.5546
    1.6400
    1.6387
    1.5934
    1.5635
    1.6111
    1.5716
    1.4712
    1.5048
    1.6530
    1.6335
    1.6149
    1.5349
    1.5034
    1.4152
    1.6375
    1.7145
    1.7123
    1.7416
    1.7076
    1.7267
    1.7369
    1.7153
    1.6309
    1.6474
    1.7890
    1.7157
    1.7067
    1.7300
    1.7141
    1.7213
    1.8111
    1.7124
    1.6735
    1.7101
    1.6107
    1.6044
    1.5863
    1.5690
    1.5873
    1.5232
    1.5128
    1.5310
    1.5039
    1.6170
    1.6341
    1.6501
    1.7398
    1.7519
    1.6950
    1.7495
    1.7729
    1.7256
    1.6500
    1.5839
    1.6239
    1.6287
    1.6875
    1.7316
    1.8024
    1.9456
    1.9170
    1.9274
    1.9754
    1.8979
    1.8952
    1.8928
    1.8729
    1.8039
    1.7422
    1.6716
    1.6870
    1.6247
    1.6141
    1.7257
    1.7301
    1.7010
    1.7404
    1.6364
    1.6021
    1.6499
    1.6298
    1.5062
    1.4119
    1.4547
    1.5216
    1.4732
    1.3175
    1.3283
    1.2430
    1.2631
    1.2590
    1.2936
    1.2431
    1.2363
    1.1999
    1.1869
    1.1882
    1.1842
    1.2152
    1.2248
    1.2252
    1.2344
    1.2599
    1.2715
    1.2564
    1.2421
    1.2207
    1.2150
    1.1607
    1.1666
    1.1638
    1.1836
    1.1748
    1.1410
    1.1727
    1.1520
    1.1356
    1.1682
    1.2045
    1.2342
    1.2639
    1.3010
    1.3034
    1.2959
    1.2651
    1.3143
    1.3007
    1.2789
    1.3145
    1.2920
    1.3458
    1.3466
    1.3128
    1.3314
    1.3398
    1.4023
    1.3926
    1.3867
    1.3952
    1.3583
    1.3463
    1.3528
    1.3458
    1.3619
    1.3789
    1.4024
    1.4091
    1.4422
    1.4863
    1.5127
    1.5370
    1.5496
    1.5564
    1.5858
    1.6220
    1.6230
    1.5978
    1.5581
    1.5647
    1.6335
    1.6253
    1.6466
    1.6582
    1.5862
    1.5975
    1.5265
    1.4868
    1.4531
    1.4185
    1.4275
    1.4187
    1.4451
    1.4184
    1.4182
    1.4552
    1.4846
    1.5020
    1.5386
    1.5671
    1.5794
    1.5627
    1.5569
    1.5464
    1.5394
    1.5451
    1.5509
    1.5366
    1.5045
    1.5385
    1.5672
    1.5910
    1.6186
    1.6514
    1.6929
    1.6602
    1.6551
    1.6531
    1.6260
    1.6499
    1.6183
    1.6269
    1.5556
    1.5309
    1.4899
    1.4656
    1.4677
    1.4756
    1.4655
    1.4917
    1.5060
    1.5264
    1.4866
    1.4983
    1.4791
    1.5143
    1.5289
    1.5277
    1.5079
    1.5195
    1.5260
    1.4978
    1.5273
    1.5448
    1.5760
    1.5460
    1.5907
    1.5619
    1.5846
    1.5646
    1.5443
    1.5051
    1.4882
    1.4980
    1.4773
    1.4900
    1.4873
    1.4874
    1.4504
    1.4305
    1.4260
    1.4102
    1.4151
    1.4163
    1.3824
    1.3725
    1.3596
    1.3862
    1.3962
    1.3967
    1.3706
    1.3765
    1.3871
    1.4150
    1.3909
    1.3814
    1.3850
    1.3662
    1.3702
    1.3459
    1.3534
    1.3282
    1.3335
    1.3330
    1.3338
    1.3547
    1.3491
    1.3497
    1.3201
    1.3276
    1.3343
    1.3656
    1.3272
    1.3645
    1.3434
    1.3413
    1.3564
    1.3462
    1.3240
    1.3430
    1.3250
    1.3226
    1.3163
    1.3276
    1.3299
    1.3031
    1.3177
    1.3128
    1.3188
    1.3296
    1.3405
    1.3264
    1.3268
    1.3447
    1.3455
    1.3324
    1.3231
    1.3236
    1.3218
    1.3576
    1.3780
    1.3584
    1.3658
    1.3809
    1.3788
    1.3661
    1.3910
    1.4274
    1.4371
    1.4220
    1.4055
    1.4181
    1.4079
    1.3887
    1.3724
    1.3978
    1.4426
    1.4433
    1.4604
    1.4562
    1.4524
    1.4458
    1.4631
    1.4938
    1.5145
    1.5225
    1.5331
    1.5369
    1.5351
    1.5338
    1.5403
    1.5371
    1.5530
    1.5652
    1.5645
    1.5700
    1.6109
    1.6103
    1.6032
    1.5975
    1.5867
    1.5745
    1.5764
    1.5794
    1.5771
    1.6018
    1.6037
    1.6154
    1.6229
    1.6157
    1.6227
    1.6069
    1.6392
    1.6586
    1.6648
    1.6827
    1.6814
    1.6936
    1.7420
    1.7679
    1.8379
    1.8245
    1.8504
    1.8578
    1.8401
    1.8237
    1.7940
    1.8178
    1.8303
    1.7930
    1.7832
    1.7823
    1.7608
    1.7640
    1.7605
    1.7696
    1.7638
    1.7432
    1.7375
    1.7625
    1.7525
    1.7447
    1.7234
    1.7456
    1.7422
    1.7626
    1.7718
    1.7867
    1.7911
    1.8179
    1.8654
    1.8506
    1.8555
    1.8519
    1.8594
    1.8557
    1.8643
    1.8573
    1.8652
    1.8842
    1.8717
    1.9215
    1.9138
    1.9123
    1.9012
    1.9078
    1.9248
    1.9444
    1.9241
    1.9115
    1.9226
    1.9402
    1.9301
    1.9672
    1.9471
    1.9594
    1.9452
    1.8950
    1.8900
    1.8886
    1.8789
    1.8784
    1.8953
    1.8904
    1.8471
    1.8467
    1.8455
    1.8436
    1.8569
    1.8420
    1.8446
    1.8341
    1.8265
    1.8302
    1.8458
    1.8500
    1.8423
    1.8603
    1.8305
    1.8250
    1.8163
    1.8122
    1.8224
    1.8310
    1.8475
    1.8452
    1.8745
    1.8705
    1.8608
    1.8533
    1.8489
    1.8386
    1.8288
    1.8452
    1.8391
    1.8438
    1.8413
    1.8550
    1.8728
    1.8997
    1.8878
    1.8931
    1.8735
    1.8618
    1.8496
    1.8465
    1.8178
    1.8156
    1.7967
    1.7855
    1.7816
    1.7598
    1.7605
    1.7566
    1.7693
    1.7773
    1.7595
    1.7830
    1.8061
    1.7893
    1.8248
    1.8197
    1.8428
    1.8520
    1.8643
    1.8763
    1.9104
    1.9087
    1.9258
    1.9444
    1.9602
    1.9696
    1.9760
    1.9777
    1.9774
    1.9744
    1.9880
    1.9821
    2.0018
    2.0225
    2.0191
    2.0276
    2.0233
    2.0081
    2.0087
    2.0034
    1.9986
    1.9944
    1.9812
    2.0081
    2.0018
    2.0037
    1.9953
    2.0060
    2.0101
    2.0239
    2.0366
    2.0464
    2.0443
    2.0281
    2.0462
    2.0278
    2.0212
    1.9956
    2.0027
    2.0063
    2.0003
    2.0068
    2.0049
    1.9988
    1.9870
    1.9857
    2.0089
    2.0271
    2.0329
    2.0588
    2.0484
    2.0532
    2.0542
    2.0347
    2.0471
    2.0487
    2.0716
    2.0949
    2.1196
    2.1165
    2.1356
    2.1448
    2.1607
    2.1444
    2.1538
    2.2009
    2.2201
    2.2126
    2.2416
    2.2508
    2.2701
    2.2851
    2.3002
    2.3125
    2.3180
    2.3419
    2.3482
    2.3579
    2.3603
    2.3756
    2.4004
    2.3888
    2.4015
    2.4378
    2.4370
    2.4623
    2.4647
    2.4483
    2.4596
    2.4625
    2.4926
    2.4597
    2.4437
    2.4588
    2.4754
    2.5070
    2.5219
    2.5100
    2.5306
    2.5473
    2.5525
    2.5643
    2.5676
    2.5682
    2.5664
    2.5543
    2.5504
    2.5428
    2.5425
    2.5622
    2.5275
    2.5310
    2.5472
    2.5645
    2.5974
    2.6136
    2.6218
    2.6188
    2.6282
    2.6301
    2.6422
    2.6836
    2.7117
    2.7335
    2.7628
    2.7651
    2.7808
    2.8131
    2.8307
    2.8368
    2.8643
    2.9007
    2.9061
    2.8806
    2.9120
    2.8982
    2.9107
    2.9073
    2.9484
    2.9326
    2.9385
    2.9071
    2.9024
    2.8819
    2.8844
    2.8856
    2.8934
    2.8906
    2.9000
    2.9257
    2.9346
    2.9541
    2.9844
    2.9769
    3.0104
    3.0176
    2.9983
    2.9926
    2.9659
    2.9294
    2.9422
    2.9282
    2.9065
    2.8815
    2.8661
    2.8880
    2.8937
    2.8812
    2.9112
    2.9302
    2.9041
    2.9007
    2.8936
    2.9210
    2.9092
    2.9039
    2.9033
    2.8988
    2.9111
    2.9332
    2.9447
    2.9427
    2.9433
    2.9669
    3.0001
    3.0335
    3.0502
    3.0908
    3.1328
    3.1349
    3.1877
    3.2016
    3.2109
    3.2165
    3.1605
    3.1977
    3.2214
    3.2255
    3.2485
    3.2538
    3.2576
    3.2723
    3.2703
    3.2799
    3.2918
    3.2823
    3.3114
    3.3119
    3.3127
    3.3383
    3.3462
    3.3543
    3.3564
    3.3659
    3.3687
    3.3746
    3.3638
    3.3735
    3.3711
    3.3654
    3.3748
    3.3784
    3.3798
    3.3986
    3.4039
    3.3883
    3.3791
    3.3833
    3.3818
    3.3873
    3.3839
    3.3734
    3.3575
    3.3580
    3.3585
    3.3507
    3.3499
    3.3420
    3.3379
    3.3330
    3.3179
    3.3323
    3.3273
    3.3250
    3.3145
    3.3237
    3.3095
    3.3141
    3.3077
    3.3100
    3.3187
    3.3131
    3.3047
    3.3298
    3.3271
    3.3344
    3.3334
    3.3147
    3.3469
    3.3782
    3.3679
    3.3655
    3.3648
    3.3687
    3.3679
    3.3698
    3.3870
    3.3788
    3.3752
    3.3767
    3.3744
    3.3739
    3.3787
    3.3921
    3.3947
    3.4012
    3.4343
    3.4416
    3.4520
    3.4482
    3.4352
    3.4600
    3.4710
    3.4665
    3.4669
    3.4545
    3.4579
    3.4468
    3.4426
    3.4406
    3.4553
    3.4736
    3.4800
    3.4793
    3.4880
    3.4915
    3.4628
    3.4384
    3.4315
    3.4208
    3.4260
    3.4276
    3.4282
    3.4169
    3.4068
    3.3942
    3.3851
    3.3689
    3.3634
    3.3675
    3.4025
    3.4026
    3.3898
    3.4116
    3.4029
    3.4077
    3.4136
    3.3750
    3.3924
    3.4074
    3.4067
    3.4429
    3.4459
    3.4651
    3.4840
    3.4767
    3.4730
    3.4638
    3.4493
    3.4488
    3.4433
    3.4233
    3.4311
    3.4198
    3.3991
    3.4040
    3.4144
    3.3877
    3.3810
    3.3812
    3.4078
    3.4472
    3.4901
    3.5406
    3.5346
    3.5324
    3.5732
    3.6134
    3.6136
    3.6770
    3.7181
    3.6921
    3.6981
    3.7285
    3.7103
    3.7094
    3.6826
    3.6816
    3.7403
    3.7650
    3.7612
    3.7286
    3.7661
    3.7972
    3.8406
    3.8521
    3.8521
    3.8612
    3.8435
    3.8002
    3.7809
    3.7982
    3.8145
    3.7630
    3.7835
    3.7835
    3.7198
    3.6923
    3.6414
    3.5741
    3.5042
    3.5289
    3.4293
    3.3932
    3.3932
    3.3710
    3.3405
    3.3645
    3.5972
    3.4770
    3.4325
    3.4520
    3.4390
    3.4539
    3.4539
    3.4281
    3.4353
    3.3814
    3.4125
    3.3804
    3.3604
    3.3527
    3.3185
    3.3185
    3.2980
    3.3513
    3.3960
    3.3300
    3.2979
    3.2618
    3.2504
    3.2473
    3.2473
    3.2192
    3.2010
    3.2008
    3.1988
    3.2106
    3.2317
    3.2533
    3.2136
    3.2136
    3.1807
    3.1700
    3.1462
    3.0905
    3.0431
    3.0866
    3.0972
    3.1269
    3.1269
    3.0468
    3.0055
    3.0233
    3.0827
    3.1147
    3.0809
    3.1113
    3.0462
    3.0462
    3.0508
    3.0490
    3.0611
    3.0880
    3.1014
    3.2066
    3.1941
    3.1416
    3.2043
    3.2043
    3.1713
    3.1674
    3.1750
    3.2851
    3.2281
    3.1993
    3.2476
    3.1355
    3.1355
    3.0317
    3.2285
    3.3167
    3.1800
    3.2246
    3.1893
    3.1985
    3.1731
    3.1731
    3.2374
    3.1811
    3.2151
    3.1939
    3.1400
    3.0807
