    1.2070
    1.3190
    2.4381
    6.7357
    1.4132
    1.4839
    0.8671
    0.8719
    1.4485
    1.8233
    2.4784
    2.5683
    2.4902
    1.6675
    1.4910
    1.2016
    1.2207
    1.6505
    1.5999
    1.7081
    1.7274
    2.0200
    1.7810
    1.9519
    2.1918
    1.8907
    1.9943
    2.1479
    1.7980
    1.7528
    1.7249
    1.8310
    2.1718
    2.1291
    1.8189
    2.0057
    2.0777
    2.4394
    2.1596
    1.9306
    1.7570
    1.5905
    1.4494
    1.4709
    1.3455
    1.4403
    1.3868
    0.9730
    0.9695
    0.8973
    0.9368
    0.8339
    0.9493
    1.0591
    1.0201
    1.0299
    0.9315
    1.0456
    1.0461
    1.0363
    1.0667
    1.0061
    1.0341
    0.9593
    0.9403
    1.0888
    0.9857
    0.9075
    0.9316
    0.8609
    0.9360
    0.8932
    0.8050
    0.8057
    0.8243
    0.8697
    0.8517
    0.8631
    0.9005
    1.0040
    1.0560
    1.0390
    1.0456
    0.9867
    1.0173
    1.0319
    1.0487
    1.1728
    1.1862
    1.2197
    1.2408
    1.1638
    1.0823
    1.1244
    1.1103
    1.1306
    1.1865
    1.2062
    1.1961
    1.1659
    1.1595
    1.1165
    1.1601
    1.1733
    1.2028
    1.1693
    1.1605
    1.1412
    1.1167
    1.1410
    1.0603
    1.0388
    1.0728
    1.0784
    1.1221
    1.1475
    1.1955
    1.1732
    1.1817
    1.1947
    1.2139
    1.1556
    1.1442
    1.1452
    1.1617
    1.0962
    1.0950
    1.1319
    1.0578
    1.0500
    0.9828
    0.9267
    0.9343
    0.9185
    0.9512
    0.9801
    0.9616
    0.9449
    0.9224
    0.9269
    0.8996
    0.8382
    0.8237
    0.8028
    0.8022
    0.8183
    0.8095
    0.7980
    0.7935
    0.7832
    0.7475
    0.7551
    0.7700
    0.7888
    0.7760
    0.7680
    0.7867
    0.7593
    0.7635
    0.7530
    0.7605
    0.7818
    0.7836
    0.7740
    0.7617
    0.7719
    0.8041
    0.8264
    0.8483
    0.8262
    0.8158
    0.8437
    0.8502
    0.8580
    0.8497
    0.8369
    0.8369
    0.8502
    0.8562
    0.8819
    0.8728
    0.8988
    0.8973
    0.8974
    0.8911
    0.9078
    0.9076
    0.9366
    0.9400
    0.9480
    0.9245
    0.9191
    0.9149
    0.8863
    0.8735
    0.8638
    0.8918
    0.8837
    0.8797
    0.8950
    0.9180
    0.9177
    0.9258
    0.9277
    0.9021
    0.9290
    0.9184
    0.9158
    0.9344
    0.9179
    0.9183
    0.9149
    0.8901
    0.8965
    0.8981
    0.8853
    0.8904
    0.9051
    0.8998
    0.8954
    0.9057
    0.8981
    0.9130
    0.9044
    0.9024
    0.8694
    0.8826
    0.8901
    0.8639
    0.8583
    0.8431
    0.8377
    0.8308
    0.8198
    0.8246
    0.8058
    0.8085
    0.8053
    0.8030
    0.8196
    0.8408
    0.8358
    0.8417
    0.8571
    0.8759
    0.8751
    0.8930
    0.8714
    0.8561
    0.8564
    0.8558
    0.8585
    0.8607
    0.8782
    0.8531
    0.8435
    0.8304
    0.8328
    0.8615
    0.8671
    0.8638
    0.8591
    0.8483
    0.8533
    0.8632
    0.8633
    0.8509
    0.8568
    0.8663
    0.8858
    0.9007
    0.8994
    0.8941
    0.8922
    0.8925
    0.8872
    0.8800
    0.8957
    0.9213
    0.9470
    0.9443
    0.9413
    0.9520
    0.9757
    0.9703
    0.9728
    0.9710
    0.9691
    0.9770
    0.9878
    1.0070
    1.0194
    1.0315
    1.0109
    1.0121
    1.0171
    1.0383
    1.0458
    1.0453
    1.0358
    1.0453
    1.0419
    1.0471
    1.0385
    1.0506
    1.0476
    1.0264
    1.0098
    1.0217
    1.0276
    1.0211
    1.0185
    1.0240
    1.0386
    1.0311
    1.0327
    1.0141
    0.9856
    0.9685
    0.9742
    0.9786
    0.9893
    0.9914
    0.9924
    0.9883
    0.9783
    0.9550
    0.9680
    0.9647
    0.9693
    0.9837
    0.9829
    0.9832
    0.9757
    0.9905
    1.0147
    1.0214
    1.0054
    1.0081
    1.0084
    1.0131
    1.0059
    1.0028
    1.0162
    1.0209
    1.0254
    1.0216
    1.0251
    1.0344
    1.0439
    1.0338
    1.0087
    0.9921
    0.9946
    1.0157
    1.0175
    1.0063
    1.0069
    0.9986
    0.9796
    0.9703
    0.9682
    0.9647
    0.9725
    0.9682
    0.9720
    0.9819
    0.9680
    0.9672
    0.9586
    0.9743
    0.9881
    0.9842
    0.9887
    0.9855
    0.9922
    0.9941
    1.0089
    1.0037
    1.0005
    1.0023
    0.9877
    0.9779
    0.9408
    0.9392
    0.9394
    0.9434
    0.9468
    0.9398
    0.9469
    0.9351
    0.9267
    0.9295
    0.9344
    0.9368
    0.9401
    0.9348
    0.9373
    0.9474
    0.9685
    0.9812
    0.9920
    0.9811
    0.9848
    0.9840
    0.9816
    0.9857
    0.9930
    1.0021
    0.9909
    0.9916
    0.9912
    0.9932
    0.9878
    0.9770
    0.9756
    0.9933
    0.9977
    0.9980
    1.0082
    1.0092
    1.0121
    1.0142
    1.0249
    1.0119
    1.0144
    1.0162
    1.0208
    1.0096
    1.0151
    1.0179
    1.0171
    1.0291
    1.0232
    1.0162
    1.0088
    1.0327
    1.0370
    1.0397
    1.0383
    1.0500
    1.0466
    1.0623
    1.0600
    1.0705
    1.0710
    1.0661
    1.0743
    1.0760
    1.0904
    1.0900
    1.1045
    1.1106
    1.1083
    1.1151
    1.1110
    1.1130
    1.1299
    1.1375
    1.1366
    1.1324
    1.1319
    1.1361
    1.1378
    1.1392
    1.1700
    1.1735
    1.1746
    1.1669
    1.1670
    1.1721
    1.1750
    1.1806
    1.1784
    1.1734
    1.1710
    1.1563
    1.1591
    1.1585
    1.1522
    1.1649
    1.1890
    1.2067
    1.2229
    1.2352
    1.2378
    1.2463
    1.2463
    1.2371
    1.2483
    1.2545
    1.2713
    1.2767
    1.2794
    1.2992
    1.2971
    1.2974
    1.2950
    1.2930
    1.3064
    1.3170
    1.3187
    1.3083
    1.3040
    1.3143
    1.3125
    1.3183
    1.3243
    1.3314
    1.3228
    1.3206
    1.3326
    1.3419
    1.3404
    1.3346
    1.3420
    1.3502
    1.3549
    1.3676
    1.3747
    1.3672
    1.3864
    1.3809
    1.4025
    1.4047
    1.4024
    1.4012
    1.4052
    1.4039
    1.4166
    1.4149
    1.4262
    1.4280
    1.4244
    1.4328
    1.4570
    1.4715
    1.4702
    1.4658
    1.4778
    1.4836
    1.4796
    1.4799
    1.4768
    1.4824
    1.4929
    1.5105
    1.5108
    1.5092
    1.5030
    1.4903
    1.5029
    1.4887
    1.4941
    1.4942
    1.4951
    1.5061
    1.5050
    1.5223
    1.5285
    1.5327
    1.5554
    1.5452
    1.5548
    1.5568
    1.5598
    1.5517
    1.5544
    1.5550
    1.5537
    1.5489
    1.5529
    1.5570
    1.5813
    1.5958
    1.5926
    1.5837
    1.5907
    1.5935
    1.6150
    1.6203
    1.6203
    1.6274
    1.6386
    1.6348
    1.6298
    1.6321
    1.6354
    1.6368
    1.6424
    1.6419
    1.6569
    1.6496
    1.6488
    1.6616
    1.6632
    1.6776
    1.6817
    1.6782
    1.6803
    1.7063
    1.7047
    1.6942
    1.7164
    1.7281
    1.7375
    1.7389
    1.7299
    1.7318
    1.7322
    1.7313
    1.7382
    1.7353
    1.7479
    1.7469
    1.7529
    1.7697
    1.7736
    1.7693
    1.7536
    1.7772
    1.8003
    1.7882
    1.7841
    1.7997
    1.7977
    1.8030
    1.8253
    1.8237
    1.8309
    1.8295
    1.8245
    1.8286
    1.8380
    1.8485
    1.8535
    1.8473
    1.8503
    1.8467
    1.8510
    1.8448
    1.8492
    1.8577
    1.8767
    1.8753
    1.8786
    1.8860
    1.8917
    1.8846
    1.8859
    1.9012
    1.9048
    1.9219
    1.9255
    1.9228
    1.9403
    1.9550
    1.9691
    1.9854
    1.9870
    1.9540
    1.9597
    1.9488
    1.9587
    1.9665
    1.9644
    1.9648
    1.9820
    1.9867
    1.9970
    1.9921
    2.0011
    1.9937
    2.0144
    2.0156
    2.0165
    2.0349
    2.0548
    2.0651
    2.0688
    2.0632
    2.0679
    2.0630
    2.0641
    2.0714
    2.0742
    2.0595
    2.0686
    2.0522
    2.0692
    2.0695
    2.0956
    2.1049
    2.1091
    2.1122
    2.1289
    2.1395
    2.1498
    2.1463
    2.1727
    2.1652
    2.1703
    2.1839
    2.1681
    2.1981
    2.2088
    2.2013
    2.2029
    2.2254
    2.2594
    2.2442
    2.2658
    2.2697
    2.2762
    2.2741
    2.2870
    2.2761
    2.2734
    2.2848
    2.2857
    2.2894
    2.3069
    2.2916
    2.2862
    2.2755
    2.2804
    2.2823
    2.2807
    2.2965
    2.2929
    2.2914
    2.2943
    2.2758
    2.2863
    2.2901
    2.2972
    2.3077
    2.2985
    2.2978
    2.3051
    2.3059
    2.3164
    2.3119
    2.3081
    2.3042
    2.3083
    2.3163
    2.3114
    2.3188
    2.2916
    2.2819
    2.2794
    2.2682
    2.2594
    2.2635
    2.2694
    2.2554
    2.2499
    2.2777
    2.2934
    2.2929
    2.2737
    2.2785
    2.2758
    2.2782
    2.2743
    2.2709
    2.2840
    2.2896
    2.2792
    2.2782
    2.2840
    2.2905
    2.2827
    2.2805
    2.2913
    2.2958
    2.2766
    2.2806
    2.2842
    2.3033
    2.2966
    2.2918
    2.2669
    2.2627
    2.2677
    2.2638
    2.2714
    2.2644
    2.2612
    2.2510
    2.2494
    2.2393
    2.2351
    2.2337
    2.2455
    2.2370
    2.2329
    2.2297
    2.2247
    2.2134
    2.2223
    2.2237
    2.2264
    2.2347
    2.2369
    2.2408
    2.2487
    2.2424
    2.2464
    2.2360
    2.2346
    2.2303
    2.2284
    2.2265
    2.2254
    2.2273
    2.2347
    2.2359
    2.2224
    2.2267
    2.2162
    2.2173
    2.2193
    2.2208
    2.2274
    2.2287
    2.2144
    2.2031
    2.1986
    2.1983
    2.2192
    2.2121
    2.2079
    2.2088
    2.2231
    2.2190
    2.2153
    2.2182
    2.2115
    2.2063
    2.2058
    2.1995
    2.1995
    2.2001
    2.1996
    2.1943
    2.1998
    2.1869
    2.1760
    2.1742
    2.1614
    2.1609
    2.1611
    2.1486
    2.1394
    2.1409
    2.1492
    2.1445
    2.1552
    2.1569
    2.1569
    2.1611
    2.1594
    2.1623
    2.1757
    2.1667
    2.1748
    2.1607
    2.1665
    2.1665
    2.1565
    2.1614
    2.1628
    2.1635
    2.1543
    2.1546
    2.1422
    2.1339
    2.1338
    2.1328
    2.1197
    2.1211
    2.1144
    2.1146
    2.0975
    2.1068
    2.0701
    2.0545
    2.0546
    2.0637
    2.0427
    2.0304
    1.9910
    1.9877
    2.0010
    1.9804
    1.9706
    1.9711
    1.9744
    1.9728
    1.9607
    1.9773
    1.9773
    1.9836
    1.9728
    1.9742
    1.9742
    1.9799
    1.9637
    1.9774
    1.9801
    1.9922
    1.9942
    1.9769
    2.0025
    2.0025
    1.9969
    1.9685
    1.9649
    1.9570
    1.9559
    1.9881
    1.9651
    1.9755
    1.9755
    1.9475
    1.9296
    1.9264
    1.9319
    1.9335
    1.9195
    1.9182
    1.8976
    1.8976
    1.9035
    1.8751
    1.9023
    1.9171
    1.8908
    1.8883
    1.8964
    1.8565
    1.9223
    1.9223
    1.9395
    1.9529
    1.9265
    1.9384
    1.9626
    1.9751
    1.9647
    1.9878
    1.9878
    2.0282
    1.9880
    1.9376
    1.8872
    1.8808
    1.8945
    1.9105
    1.8928
    1.8928
    1.8810
    1.9247
    1.9552
    1.9475
    1.8827
    1.8513
    1.8838
    1.8664
    1.8664
    1.8645
    1.8498
    1.8803
    1.8891
    1.8405
    1.8509
    1.7912
    1.8501
    1.8501
    1.8380
    1.8101
    1.7977
    1.8047
    1.7760
    1.8159
    1.8214
    1.8498
    1.8498
    1.8465
    1.8386
    1.8249
    1.8564
    1.8905
    1.8646
    1.8934
    1.9327
    1.9667
    1.9667
    1.9847
    2.0049
    1.9906
    2.0576
    2.1015
    2.1270
    2.1641
    2.2044
    2.2044
    2.2133
    2.2578
    2.2476
    2.2360
    2.1627
    2.1841
    2.1170
    2.1604
    2.1604
    2.2252
    2.2284
    2.2869
    2.3636
    2.4323
    2.4445
