    0.8944
    0.8491
    0.9560
    1.4413
    2.9319
    0.9520
    0.7053
    3.4021
    3.0877
    2.2354
    1.6784
    1.2815
    1.5111
    2.1318
    2.7826
    4.5827
    5.4024
    6.2136
    6.5665
    7.6747
    8.8789
    9.5714
    9.7125
    9.9006
    7.0462
    7.2781
    7.1107
    5.4032
    5.2798
    3.8244
    2.8987
    2.6851
    2.3387
    2.1223
    1.9409
    1.8979
    1.6457
    1.4439
    1.4333
    1.3503
    1.2032
    1.1857
    1.1078
    1.1048
    1.0395
    1.0076
    0.9471
    0.7550
    0.6229
    0.6960
    0.7362
    0.7304
    0.7512
    0.7588
    0.7967
    0.8397
    0.8761
    0.9034
    0.9081
    1.0101
    1.1017
    1.2216
    1.1527
    1.0164
    1.1334
    1.0953
    1.1026
    1.0489
    1.0423
    0.9559
    0.9563
    0.9376
    0.9334
    0.9671
    1.0012
    1.0524
    1.0562
    1.0860
    1.0685
    1.1075
    1.0569
    1.0090
    1.0115
    1.0379
    0.9927
    1.0257
    1.0570
    1.1397
    1.1254
    1.0984
    1.1487
    1.1360
    1.1007
    1.0733
    1.0525
    1.0062
    0.9833
    1.0052
    0.9997
    1.0696
    1.0491
    1.0010
    1.0560
    1.0973
    1.0738
    1.0542
    1.0986
    1.0793
    1.0071
    0.9736
    0.9654
    0.9570
    0.9673
    1.0045
    1.0122
    1.0124
    0.9902
    1.0636
    1.0556
    1.0805
    1.1418
    1.1271
    1.1300
    1.1422
    1.1649
    1.1690
    1.1600
    1.1768
    1.1696
    1.1891
    1.1615
    1.1703
    1.2216
    1.1928
    1.2041
    1.1838
    1.2589
    1.2762
    1.2942
    1.2981
    1.2963
    1.2854
    1.2984
    1.2628
    1.1829
    1.1281
    1.1385
    1.1239
    1.0708
    1.1035
    1.0723
    1.0278
    0.9917
    0.9653
    0.9851
    1.0192
    0.9752
    0.9524
    0.9006
    0.9544
    0.9558
    0.9580
    0.9442
    0.9968
    0.9833
    0.9750
    0.9772
    0.9786
    0.9738
    0.9776
    0.9738
    0.9640
    0.9538
    0.9674
    0.9694
    0.9553
    0.9419
    0.9436
    0.9680
    0.9462
    0.9635
    1.0010
    1.0295
    1.0410
    0.9910
    0.9999
    0.9930
    1.0036
    0.9914
    0.9995
    1.0044
    1.0249
    1.0344
    1.0170
    1.0088
    0.9822
    1.0051
    1.0316
    1.0478
    1.0145
    1.0032
    1.0081
    0.9964
    1.0044
    0.9746
    0.9630
    0.9606
    0.9414
    0.9440
    0.9384
    0.9270
    0.9324
    0.8958
    0.8859
    0.8980
    0.9076
    0.8872
    0.8858
    0.8534
    0.8385
    0.8817
    0.8823
    0.8875
    0.9016
    0.8776
    0.8850
    0.8850
    0.8512
    0.8447
    0.8467
    0.8599
    0.8644
    0.8589
    0.8601
    0.8704
    0.8703
    0.8697
    0.8560
    0.8742
    0.8488
    0.8345
    0.8377
    0.8428
    0.8508
    0.8416
    0.8331
    0.8459
    0.8236
    0.8193
    0.8256
    0.8154
    0.8439
    0.8237
    0.7985
    0.7868
    0.7737
    0.7640
    0.7683
    0.7610
    0.7534
    0.7399
    0.7532
    0.7498
    0.7540
    0.7563
    0.7625
    0.7686
    0.7610
    0.7815
    0.7884
    0.8034
    0.7961
    0.7989
    0.8158
    0.8144
    0.8251
    0.8476
    0.8705
    0.8728
    0.8931
    0.8946
    0.8831
    0.9045
    0.9096
    0.9058
    0.9017
    0.9218
    0.9194
    0.9131
    0.9097
    0.9111
    0.9106
    0.9209
    0.9330
    0.9463
    0.9501
    0.9626
    0.9762
    0.9857
    1.0000
    1.0006
    1.0171
    1.0340
    1.0719
    1.0756
    1.0564
    1.0551
    1.0769
    1.0785
    1.1071
    1.1129
    1.1229
    1.1407
    1.1395
    1.1342
    1.1507
    1.1597
    1.1855
    1.2418
    1.2725
    1.2790
    1.3093
    1.3240
    1.3232
    1.3466
    1.3644
    1.3822
    1.4116
    1.3975
    1.4090
    1.4281
    1.4097
    1.4021
    1.4031
    1.4057
    1.3995
    1.4164
    1.4245
    1.4406
    1.4384
    1.4388
    1.4465
    1.4834
    1.4965
    1.4826
    1.4995
    1.4904
    1.4873
    1.4753
    1.4834
    1.4445
    1.4515
    1.4378
    1.4208
    1.4438
    1.4426
    1.4573
    1.4650
    1.4883
    1.5085
    1.5311
    1.5314
    1.5547
    1.5519
    1.5496
    1.5620
    1.5726
    1.5713
    1.5711
    1.5653
    1.5663
    1.5532
    1.5683
    1.5376
    1.5293
    1.5259
    1.5139
    1.5216
    1.5303
    1.5537
    1.5689
    1.5723
    1.5483
    1.5435
    1.5471
    1.5714
    1.5799
    1.5676
    1.5871
    1.5789
    1.5806
    1.5914
    1.5776
    1.5855
    1.5794
    1.5723
    1.5670
    1.5772
    1.5530
    1.5608
    1.5601
    1.5509
    1.5445
    1.5430
    1.5418
    1.5375
    1.5519
    1.5773
    1.5542
    1.5670
    1.5511
    1.5718
    1.5451
    1.5546
    1.5600
    1.5501
    1.5676
    1.5854
    1.6040
    1.6144
    1.6316
    1.6312
    1.6277
    1.6383
    1.6533
    1.6406
    1.6360
    1.6534
    1.6635
    1.6435
    1.6353
    1.6198
    1.6502
    1.6643
    1.6576
    1.6463
    1.6823
    1.6795
    1.6916
    1.7050
    1.7029
    1.7041
    1.7219
    1.7301
    1.7325
    1.7458
    1.7223
    1.7014
    1.7085
    1.7029
    1.7093
    1.7133
    1.7238
    1.7340
    1.7236
    1.7137
    1.7323
    1.7000
    1.6958
    1.7097
    1.6891
    1.6901
    1.6881
    1.7024
    1.7078
    1.6642
    1.6420
    1.6654
    1.6640
    1.6539
    1.6714
    1.6817
    1.7046
    1.7260
    1.7380
    1.7454
    1.7525
    1.7308
    1.7180
    1.6948
    1.6798
    1.6789
    1.6922
    1.6995
    1.6909
    1.7014
    1.6735
    1.6568
    1.6409
    1.6150
    1.6020
    1.6064
    1.5757
    1.5881
    1.5849
    1.5987
    1.6048
    1.6090
    1.6072
    1.6331
    1.6209
    1.6221
    1.6189
    1.6173
    1.6104
    1.5827
    1.5912
    1.5943
    1.5889
    1.5720
    1.5584
    1.5641
    1.5671
    1.5751
    1.5831
    1.5861
    1.5857
    1.5971
    1.5893
    1.5872
    1.5900
    1.5889
    1.5755
    1.5805
    1.5783
    1.5688
    1.5623
    1.5562
    1.5594
    1.5580
    1.5479
    1.5585
    1.5653
    1.5575
    1.5584
    1.5553
    1.5665
    1.5743
    1.5614
    1.5356
    1.5339
    1.5362
    1.5389
    1.5302
    1.5261
    1.5305
    1.5362
    1.5487
    1.5682
    1.5541
    1.5436
    1.5323
    1.5383
    1.5269
    1.5246
    1.5285
    1.5300
    1.5204
    1.5028
    1.5014
    1.5083
    1.5125
    1.5192
    1.5132
    1.4927
    1.4907
    1.4931
    1.4741
    1.4720
    1.4582
    1.4480
    1.4542
    1.4486
    1.4569
    1.4429
    1.4476
    1.4526
    1.4426
    1.4467
    1.4467
    1.4383
    1.4400
    1.4371
    1.4341
    1.4485
    1.4564
    1.4638
    1.4648
    1.4935
    1.4707
    1.4800
    1.4883
    1.4883
    1.4821
    1.4719
    1.4881
    1.5070
    1.5065
    1.5196
    1.5093
    1.5163
    1.5391
    1.5296
    1.5297
    1.5348
    1.5386
    1.5294
    1.5541
    1.5463
    1.5465
    1.5428
    1.5488
    1.5732
    1.5830
    1.6205
    1.6451
    1.6479
    1.6628
    1.6954
    1.6883
    1.7017
    1.6963
    1.7205
    1.7108
    1.7242
    1.7231
    1.7320
    1.7254
    1.7022
    1.6966
    1.7145
    1.7194
    1.7170
    1.7226
    1.7320
    1.7577
    1.7734
    1.7819
    1.7829
    1.7812
    1.7848
    1.8117
    1.8388
    1.8539
    1.8578
    1.8855
    1.8812
    1.9056
    1.9048
    1.9076
    1.9058
    1.9050
    1.8867
    1.8889
    1.8998
    1.9014
    1.8930
    1.9015
    1.9080
    1.8995
    1.9145
    1.9474
    1.9555
    1.9678
    1.9686
    1.9695
    1.9691
    1.9933
    2.0041
    2.0109
    1.9962
    2.0076
    2.0299
    2.0393
    2.0632
    2.0735
    2.0827
    2.1035
    2.1089
    2.1141
    2.1351
    2.1312
    2.1461
    2.1604
    2.1690
    2.1726
    2.1684
    2.1751
    2.1760
    2.1935
    2.1901
    2.1772
    2.1918
    2.1889
    2.2113
    2.2156
    2.1984
    2.2044
    2.2156
    2.2344
    2.2374
    2.2462
    2.2635
    2.2625
    2.2825
    2.2915
    2.2852
    2.2941
    2.2968
    2.3168
    2.3659
    2.3899
    2.3925
    2.4163
    2.4074
    2.4375
    2.4554
    2.4735
    2.5056
    2.5363
    2.5241
    2.5133
    2.4982
    2.5279
    2.5206
    2.5376
    2.5427
    2.5642
    2.5770
    2.5818
    2.5674
    2.5670
    2.5706
    2.5430
    2.5408
    2.5366
    2.5393
    2.5588
    2.5620
    2.5711
    2.6058
    2.5922
    2.5926
    2.6180
    2.6165
    2.5983
    2.6140
    2.6360
    2.6509
    2.6509
    2.6366
    2.6553
    2.6441
    2.6428
    2.6362
    2.6491
    2.6536
    2.6453
    2.6572
    2.6716
    2.6847
    2.7061
    2.7185
    2.7127
    2.7157
    2.7039
    2.7199
    2.7165
    2.7424
    2.7364
    2.7363
    2.7417
    2.7433
    2.7495
    2.7217
    2.6955
    2.6826
    2.6828
    2.6697
    2.6687
    2.6713
    2.6777
    2.6800
    2.6974
    2.6734
    2.6808
    2.6590
    2.6592
    2.6517
    2.6474
    2.6635
    2.6747
    2.6973
    2.7050
    2.7045
    2.7027
    2.7104
    2.7075
    2.6986
    2.6979
    2.6847
    2.6812
    2.6875
    2.6782
    2.6740
    2.6767
    2.6736
    2.6810
    2.6609
    2.6537
    2.6543
    2.6498
    2.6277
    2.6282
    2.6290
    2.6304
    2.6144
    2.6141
    2.6190
    2.6228
    2.6229
    2.6458
    2.6494
    2.6529
    2.6539
    2.6603
    2.6548
    2.6732
    2.6765
    2.6834
    2.6970
    2.6881
    2.6816
    2.6669
    2.6667
    2.6662
    2.6693
    2.6797
    2.6800
    2.6814
    2.6741
    2.6679
    2.6722
    2.6730
    2.6716
    2.6850
    2.6746
    2.6579
    2.6464
    2.6283
    2.6176
    2.6099
    2.6102
    2.6078
    2.6082
    2.6055
    2.6008
    2.6022
    2.6146
    2.6022
    2.5945
    2.5949
    2.5985
    2.5957
    2.6027
    2.6103
    2.6041
    2.6012
    2.5930
    2.5974
    2.5978
    2.6078
    2.6099
    2.6188
    2.6164
    2.6095
    2.6044
    2.6320
    2.6394
    2.6396
    2.6378
    2.6249
    2.6234
    2.6255
    2.6170
    2.6173
    2.6410
    2.6270
    2.6161
    2.6164
    2.6236
    2.6146
    2.6149
    2.5983
    2.5804
    2.5620
    2.5520
    2.5517
    2.5524
    2.5278
    2.5427
    2.5323
    2.5166
    2.5104
    2.4887
    2.4741
    2.4532
    2.4536
    2.4565
    2.4873
    2.5096
    2.4817
    2.4937
    2.4837
    2.4908
    2.4828
    2.4828
    2.4767
    2.4598
    2.4714
    2.4980
    2.5326
    2.5317
    2.5868
    2.6151
    2.6151
    2.6157
    2.6348
    2.6223
    2.6005
    2.5947
    2.5810
    2.5366
    2.5455
    2.5455
    2.5441
    2.5605
    2.5276
    2.5161
    2.5470
    2.5261
    2.4867
    2.4717
    2.4440
    2.4440
    2.4516
    2.4058
    2.3943
    2.4356
    2.4477
    2.4534
    2.4425
    2.4185
    2.4185
    2.4199
    2.4333
    2.4403
    2.4153
    2.3697
    2.3304
    2.3218
    2.3497
    2.3497
    2.3722
    2.3892
    2.3653
    2.3692
    2.3960
    2.3479
    2.3599
    2.3314
    2.3314
    2.3248
    2.3032
    2.2705
    2.2760
    2.2583
    2.3485
    2.4278
    2.4505
    2.4505
    2.4359
    2.4330
    2.4810
    2.4740
    2.4935
    2.4498
    2.3846
    2.4292
    2.4292
    2.4637
    2.5442
    2.5240
    2.5902
    2.5863
    2.5696
    2.6255
    2.6552
    2.6433
    2.6433
    2.5701
    2.5127
    2.6265
    2.6532
    2.6890
    2.7722
    2.7348
    2.7474
    2.7474
    2.7243
    2.8354
    2.8056
    2.9627
    2.9991
    3.0935
    3.1780
    3.2407
    3.2407
    3.3090
    3.3431
    3.2375
    3.2128
    3.2327
    3.3441
