    1.4895
    2.6034
    1.2807
    0.3198
    1.5606
    0.7897
    0.6108
    2.5207
    1.8072
    1.5502
    1.4907
    1.5016
    1.2512
    0.9051
    0.5250
    0.7245
    1.2691
    1.8529
    1.6456
    1.7709
    1.3854
    1.1774
    1.3068
    2.1303
    1.9055
    2.0479
    1.7803
    1.8664
    1.6299
    1.6354
    1.7969
    1.4792
    1.6799
    1.5556
    1.5459
    1.7140
    1.7014
    1.8648
    2.0075
    2.1351
    2.0719
    1.9449
    1.8939
    1.8421
    1.7805
    1.8246
    1.8970
    1.7990
    1.8407
    1.9001
    2.1932
    2.0053
    1.9007
    1.9124
    1.9040
    1.7567
    1.8554
    1.8380
    1.8273
    1.8779
    1.8911
    2.0309
    2.0713
    2.0670
    2.0657
    2.3726
    2.5262
    2.8111
    2.9265
    3.4110
    3.4362
    3.9138
    4.1616
    4.1717
    3.9058
    3.6642
    3.8500
    3.6449
    3.8232
    4.2317
    4.5542
    4.7841
    4.9742
    4.8490
    4.7939
    4.3875
    4.0266
    4.2632
    4.5940
    4.4723
    4.4677
    4.3419
    4.5059
    4.1613
    4.2941
    4.4576
    4.3189
    4.4327
    4.3404
    4.1698
    3.9558
    3.8514
    3.8197
    3.8902
    3.6465
    3.4704
    3.5299
    3.7259
    3.9041
    3.8863
    3.7892
    3.7461
    3.6930
    3.8424
    3.7134
    3.6518
    3.4461
    3.5157
    3.4142
    3.4858
    3.3220
    3.2728
    3.0032
    2.9839
    3.0703
    3.0931
    3.1834
    3.1363
    3.2202
    3.1421
    3.2177
    3.2274
    3.2781
    3.3906
    3.4191
    3.4054
    3.2881
    3.2539
    3.2237
    3.1237
    2.9928
    2.9238
    2.8502
    2.8842
    2.8456
    2.9381
    2.8604
    2.9191
    2.8726
    2.9494
    2.9526
    2.9733
    2.9020
    2.9895
    3.1277
    3.2261
    3.2619
    3.1899
    3.1552
    3.1280
    3.1537
    3.1936
    3.1714
    3.1607
    3.2086
    3.1685
    3.2430
    3.2773
    3.2023
    3.2353
    3.2243
    3.2480
    3.3251
    3.2884
    3.3447
    3.3666
    3.4594
    3.4777
    3.5335
    3.4708
    3.4678
    3.5490
    3.6770
    3.7053
    3.8021
    3.7879
    3.8016
    3.8025
    3.8781
    3.8301
    3.9498
    3.9791
    4.0176
    3.9616
    3.8413
    3.7180
    3.6822
    3.7295
    3.7694
    3.6538
    3.5403
    3.5177
    3.5738
    3.5527
    3.4494
    3.5541
    3.6240
    3.5712
    3.6111
    3.5338
    3.5949
    3.5643
    3.6571
    3.5932
    3.5605
    3.6895
    3.6357
    3.5926
    3.5181
    3.4785
    3.4141
    3.3571
    3.2754
    3.1627
    3.1912
    3.2030
    3.1071
    3.0864
    2.9485
    2.8630
    2.7930
    2.7790
    2.6515
    2.6047
    2.5822
    2.5620
    2.5801
    2.5304
    2.5219
    2.5649
    2.5051
    2.5040
    2.5565
    2.5108
    2.4644
    2.3410
    2.3210
    2.2823
    2.2099
    2.1332
    2.1405
    2.0889
    2.1159
    1.9928
    1.9643
    1.9833
    1.9889
    1.9731
    1.9897
    1.9527
    1.9425
    1.9106
    1.8691
    1.8348
    1.7962
    1.7705
    1.7012
    1.6936
    1.6414
    1.6286
    1.6469
    1.6404
    1.6772
    1.6608
    1.6852
    1.7145
    1.7207
    1.7124
    1.6837
    1.6585
    1.7053
    1.7220
    1.7362
    1.6877
    1.6979
    1.6897
    1.7156
    1.7568
    1.7415
    1.7474
    1.7650
    1.7354
    1.7826
    1.8186
    1.7647
    1.7275
    1.7279
    1.7312
    1.7272
    1.7226
    1.7402
    1.7447
    1.7656
    1.7678
    1.7722
    1.7528
    1.7699
    1.7794
    1.7702
    1.7800
    1.8294
    1.8387
    1.8275
    1.8616
    1.8913
    1.8655
    1.8513
    1.8678
    1.8612
    1.8718
    1.8761
    1.8722
    1.8311
    1.7828
    1.7775
    1.7749
    1.7498
    1.7476
    1.7611
    1.7818
    1.7960
    1.8051
    1.8098
    1.8403
    1.8711
    1.9020
    1.8977
    1.9394
    1.9397
    1.9566
    1.9628
    1.9637
    1.9460
    1.9472
    1.9437
    1.9467
    1.9271
    1.8934
    1.9109
    1.9086
    1.9076
    1.9260
    1.9532
    1.9292
    1.9231
    1.9158
    1.9664
    1.9656
    1.9665
    1.9643
    1.9950
    1.9764
    1.9850
    1.9997
    1.9976
    1.9776
    1.9840
    1.9813
    1.9464
    1.9132
    1.9033
    1.9668
    1.9956
    1.9780
    1.9416
    1.9208
    1.9218
    1.9188
    1.9191
    1.9091
    1.9175
    1.8932
    1.8959
    1.8865
    1.8949
    1.8794
    1.8805
    1.8903
    1.9184
    1.9546
    1.9652
    1.9289
    1.9104
    1.9150
    1.9357
    1.9581
    1.9654
    1.9914
    2.0320
    2.0381
    2.0491
    2.0431
    2.0576
    2.0367
    2.0238
    2.0340
    2.0383
    2.0590
    2.0831
    2.0865
    2.0853
    2.0816
    2.0829
    2.0911
    2.0703
    2.0687
    2.0405
    2.0213
    2.0132
    2.0164
    2.0255
    2.0244
    2.0138
    2.0328
    2.0355
    2.0445
    2.0399
    2.0281
    2.0495
    2.0510
    2.0600
    2.0657
    2.0743
    2.0154
    2.0199
    2.0131
    2.0134
    2.0236
    1.9777
    1.9670
    1.9618
    1.9531
    1.9446
    1.9287
    1.8901
    1.8804
    1.8622
    1.8246
    1.8171
    1.7998
    1.7751
    1.7725
    1.7563
    1.7505
    1.7346
    1.7329
    1.7006
    1.6983
    1.6820
    1.6817
    1.6729
    1.6421
    1.6116
    1.6024
    1.5926
    1.5950
    1.5996
    1.6073
    1.5907
    1.5869
    1.6001
    1.6202
    1.6383
    1.6406
    1.6343
    1.6212
    1.6281
    1.6250
    1.6291
    1.6293
    1.6297
    1.6384
    1.6250
    1.6182
    1.6157
    1.6192
    1.6159
    1.6183
    1.6203
    1.6131
    1.5969
    1.5855
    1.5777
    1.5772
    1.5869
    1.5909
    1.6040
    1.5941
    1.5787
    1.5646
    1.5674
    1.5608
    1.5500
    1.5411
    1.5293
    1.5312
    1.5395
    1.5443
    1.5559
    1.5643
    1.5671
    1.5711
    1.5720
    1.5829
    1.5797
    1.5776
    1.5771
    1.5671
    1.5733
    1.5691
    1.5625
    1.5534
    1.5570
    1.5499
    1.5656
    1.5608
    1.5728
    1.5626
    1.5499
    1.5404
    1.5560
    1.5430
    1.5314
    1.4982
    1.4902
    1.4845
    1.4840
    1.4788
    1.4710
    1.4708
    1.4721
    1.4602
    1.4434
    1.4340
    1.4290
    1.4294
    1.4439
    1.4474
    1.4422
    1.4282
    1.4299
    1.4363
    1.4596
    1.4559
    1.4560
    1.4668
    1.4766
    1.4776
    1.4798
    1.4732
    1.4717
    1.4554
    1.4589
    1.4559
    1.4566
    1.4668
    1.4697
    1.4831
    1.4747
    1.4756
    1.4834
    1.4741
    1.4779
    1.4756
    1.4818
    1.4757
    1.4818
    1.4876
    1.4919
    1.4814
    1.4841
    1.4795
    1.4898
    1.4969
    1.4970
    1.5005
    1.4993
    1.4760
    1.4701
    1.4541
    1.4664
    1.4775
    1.4736
    1.4645
    1.4678
    1.4689
    1.4754
    1.4713
    1.4625
    1.4783
    1.4698
    1.4626
    1.4609
    1.4551
    1.4604
    1.4660
    1.4736
    1.4732
    1.4998
    1.5187
    1.5212
    1.5293
    1.5175
    1.5079
    1.5140
    1.5158
    1.5085
    1.5126
    1.5207
    1.5252
    1.5243
    1.5195
    1.5108
    1.5076
    1.5183
    1.5057
    1.5091
    1.4981
    1.4577
    1.4601
    1.4418
    1.4531
    1.4530
    1.4523
    1.4530
    1.4594
    1.4676
    1.4549
    1.4437
    1.4472
    1.4431
    1.4381
    1.4479
    1.4338
    1.4284
    1.4313
    1.4198
    1.4280
    1.4188
    1.4070
    1.4150
    1.4247
    1.4248
    1.4277
    1.4276
    1.4214
    1.4305
    1.4182
    1.4107
    1.4109
    1.4054
    1.3833
    1.3837
    1.3843
    1.3910
    1.3821
    1.3758
    1.3804
    1.3723
    1.3639
    1.3764
    1.3910
    1.4005
    1.3824
    1.3850
    1.3795
    1.3681
    1.3473
    1.3439
    1.3378
    1.3341
    1.3328
    1.3424
    1.3369
    1.3378
    1.3268
    1.3313
    1.3284
    1.3122
    1.3116
    1.3194
    1.3264
    1.3312
    1.3324
    1.3283
    1.3148
    1.3127
    1.3136
    1.3104
    1.3109
    1.2968
    1.2985
    1.3004
    1.3039
    1.3075
    1.3176
    1.3271
    1.3292
    1.3284
    1.3299
    1.3190
    1.3100
    1.3138
    1.3048
    1.3135
    1.3018
    1.3017
    1.2841
    1.2779
    1.2713
    1.2724
    1.2682
    1.2745
    1.2773
    1.2793
    1.2737
    1.2863
    1.2804
    1.2799
    1.2873
    1.2998
    1.3099
    1.3109
    1.3040
    1.3091
    1.3045
    1.3036
    1.3099
    1.3007
    1.3121
    1.3131
    1.3114
    1.3121
    1.3137
    1.3106
    1.3148
    1.3176
    1.3127
    1.3068
    1.3032
    1.3042
    1.2989
    1.2995
    1.3096
    1.3188
    1.3142
    1.3237
    1.3250
    1.3232
    1.3206
    1.3222
    1.3179
    1.3217
    1.3113
    1.3082
    1.3056
    1.3016
    1.3037
    1.2990
    1.2949
    1.2856
    1.2946
    1.2974
    1.2972
    1.2927
    1.2871
    1.2844
    1.2882
    1.2887
    1.2943
    1.2945
    1.2929
    1.2948
    1.2943
    1.2932
    1.2956
    1.2875
    1.2926
    1.2905
    1.2867
    1.2970
    1.3063
    1.3176
    1.3145
    1.3194
    1.3130
    1.3114
    1.3092
    1.3120
    1.3146
    1.3140
    1.3124
    1.3131
    1.3145
    1.3155
    1.3082
    1.3101
    1.3102
    1.3122
    1.3042
    1.3085
    1.3074
    1.3025
    1.3057
    1.3090
    1.3064
    1.2978
    1.3005
    1.3074
    1.3002
    1.2914
    1.2916
    1.2899
    1.2889
    1.2863
    1.2848
    1.2864
    1.2854
    1.2897
    1.2948
    1.2941
    1.2983
    1.3071
    1.3079
    1.3085
    1.3077
    1.3024
    1.3019
    1.3072
    1.3121
    1.3040
    1.3046
    1.3112
    1.3111
    1.3104
    1.3061
    1.2974
    1.3007
    1.3156
    1.3132
    1.3131
    1.3224
    1.3223
    1.3252
    1.3397
    1.3426
    1.3498
    1.3500
    1.3500
    1.3437
    1.3532
    1.3530
    1.3539
    1.3492
    1.3626
    1.3566
    1.3598
    1.3779
    1.3750
    1.3684
    1.3687
    1.3614
    1.3641
    1.3607
    1.3578
    1.3639
    1.3709
    1.3737
    1.3768
    1.3770
    1.3797
    1.3765
    1.3914
    1.3827
    1.3831
    1.3809
    1.3795
    1.3792
    1.3664
    1.3663
    1.3623
    1.3700
    1.3732
    1.3809
    1.3985
    1.3987
    1.4097
    1.4004
    1.4003
    1.4109
    1.3987
    1.4160
    1.4249
    1.4534
    1.4486
    1.4682
    1.4847
    1.4849
    1.4922
    1.5019
    1.4924
    1.4909
    1.4890
    1.5039
    1.4776
    1.4776
    1.4776
    1.4877
    1.4920
    1.4782
    1.4600
    1.4363
    1.4524
    1.4713
    1.4726
    1.4726
    1.4666
    1.4788
    1.4933
    1.4817
    1.5108
    1.5021
    1.4986
    1.5032
    1.5032
    1.5036
    1.5036
    1.5177
    1.5168
    1.4902
    1.4808
    1.5040
    1.5154
    1.5294
    1.5294
    1.5172
    1.5447
    1.5480
    1.5317
    1.4958
    1.4743
    1.4787
    1.4425
    1.4425
    1.4417
    1.4320
    1.4353
    1.4515
    1.4472
    1.4437
    1.4411
    1.4861
    1.4861
    1.4790
    1.4722
    1.4406
    1.3964
    1.3947
    1.4055
    1.4331
    1.4591
    1.4591
    1.4367
    1.4166
    1.4232
    1.4325
    1.4119
    1.4528
    1.4671
    1.4197
    1.4197
    1.4030
    1.3619
    1.3339
    1.3283
    1.3371
    1.3265
    1.3626
    1.3715
    1.3715
    1.3578
    1.3791
    1.3469
    1.3726
    1.3856
    1.3574
    1.3161
    1.2870
    1.2905
    1.2905
    1.3115
    1.3125
    1.3204
    1.3358
    1.3647
    1.3187
    1.2876
    1.2688
    1.2688
    1.2859
    1.2664
    1.2183
    1.2423
    1.2997
    1.3516
    1.3154
    1.3117
    1.3117
    1.3049
    1.3149
    1.2919
    1.3111
    1.3735
    1.3930
