    8.6165
    8.0400
    3.9932
    5.8974
    2.4793
    1.5843
    5.6040
    1.3357
    1.6458
    2.1399
    1.8366
    1.6871
    1.0053
    0.8603
    1.0836
    1.1033
    1.3822
    1.0765
    0.7729
    0.7169
    0.5988
    0.7324
    0.9234
    1.7674
    2.8337
    3.7397
    3.5210
    3.0228
    3.1530
    2.2356
    1.7226
    1.9382
    1.8685
    2.0220
    2.1316
    2.4936
    2.2651
    2.5841
    2.9717
    2.9351
    2.8148
    2.6166
    2.4119
    2.1567
    1.7855
    1.7198
    1.6707
    1.7039
    1.3330
    1.3120
    1.2613
    1.2953
    1.2866
    1.1902
    1.2207
    1.3104
    1.3268
    1.2942
    1.2923
    1.3054
    1.4999
    1.4217
    1.3675
    1.3501
    1.3934
    1.3673
    1.4466
    1.6046
    1.6271
    1.6116
    1.6507
    1.6998
    1.7553
    1.8279
    1.9279
    1.8437
    1.8130
    1.8897
    2.0591
    2.3104
    2.4113
    2.7877
    2.6627
    2.7826
    2.7883
    2.5393
    2.5567
    2.4421
    2.4235
    2.2831
    2.1974
    2.2033
    2.1068
    1.9937
    1.9786
    2.0720
    2.1523
    2.3243
    2.4491
    2.5780
    2.6124
    2.7530
    2.7937
    2.9803
    3.0681
    3.0390
    2.9974
    3.0049
    3.0481
    2.9934
    3.0654
    3.0993
    3.0879
    3.2116
    3.1966
    3.1819
    3.2239
    3.4498
    3.4623
    3.4669
    3.4303
    3.4265
    3.2037
    3.1772
    2.8943
    2.6312
    2.6440
    2.3295
    2.2404
    2.0384
    1.8591
    1.7625
    1.7588
    1.7629
    1.7004
    1.6874
    1.7220
    1.7934
    1.8351
    1.8344
    1.8047
    1.7932
    1.7613
    1.8376
    1.8394
    1.7771
    1.7909
    1.7230
    1.7223
    1.7197
    1.7581
    1.7182
    1.7215
    1.6965
    1.7451
    1.7252
    1.7621
    1.7266
    1.7561
    1.7766
    1.8666
    1.9317
    1.8473
    1.7465
    1.7767
    1.7254
    1.7238
    1.7648
    1.7176
    1.6834
    1.6788
    1.7586
    1.6941
    1.7839
    1.7601
    1.7347
    1.7086
    1.7097
    1.7308
    1.6865
    1.6406
    1.6367
    1.6845
    1.7166
    1.7422
    1.7739
    1.8845
    1.8332
    1.7657
    1.7350
    1.7467
    1.7292
    1.7303
    1.7494
    1.6857
    1.6890
    1.7066
    1.6796
    1.7093
    1.7207
    1.7263
    1.7915
    1.7801
    1.7815
    1.9097
    1.9359
    1.9896
    1.9992
    2.0331
    2.0457
    2.0629
    2.0863
    2.1162
    2.1485
    2.1765
    2.1811
    2.1228
    2.1642
    2.1600
    2.1726
    2.2173
    2.2123
    2.2645
    2.2710
    2.2744
    2.2911
    2.3336
    2.3108
    2.2601
    2.2248
    2.2643
    2.2294
    2.2207
    2.1872
    2.1602
    2.1411
    2.1147
    2.1451
    2.1565
    2.1555
    2.1985
    2.2050
    2.2065
    2.2006
    2.2409
    2.2468
    2.2603
    2.2635
    2.2618
    2.2759
    2.2699
    2.2593
    2.2455
    2.2403
    2.2737
    2.2950
    2.2810
    2.2873
    2.2690
    2.2641
    2.2621
    2.2670
    2.2657
    2.2919
    2.2608
    2.2769
    2.2402
    2.2426
    2.2413
    2.2164
    2.2224
    2.2216
    2.2413
    2.2341
    2.2186
    2.2084
    2.1873
    2.1258
    2.0929
    2.0897
    2.0483
    1.9943
    1.9551
    1.9578
    1.9480
    1.9033
    1.9154
    1.8992
    1.9203
    1.9532
    1.8952
    1.8891
    1.8818
    1.8622
    1.8696
    1.8453
    1.8750
    1.8696
    1.9002
    1.8883
    1.8607
    1.8445
    1.8128
    1.7700
    1.7851
    1.7595
    1.7434
    1.7123
    1.6955
    1.6712
    1.6451
    1.6619
    1.6581
    1.6237
    1.6014
    1.5828
    1.5854
    1.5770
    1.5551
    1.5303
    1.5232
    1.4830
    1.4398
    1.4450
    1.4147
    1.3802
    1.3721
    1.3537
    1.3488
    1.3402
    1.3238
    1.3123
    1.2916
    1.3010
    1.2574
    1.2584
    1.2437
    1.2379
    1.2424
    1.2336
    1.2342
    1.2418
    1.2915
    1.2961
    1.2913
    1.2917
    1.2915
    1.3026
    1.3084
    1.3225
    1.3284
    1.3375
    1.3336
    1.3194
    1.3132
    1.3231
    1.3048
    1.2900
    1.2736
    1.2592
    1.2234
    1.2151
    1.2126
    1.1881
    1.1837
    1.1824
    1.1697
    1.1581
    1.1416
    1.1176
    1.1265
    1.1045
    1.1041
    1.0912
    1.1081
    1.1154
    1.1215
    1.1188
    1.1211
    1.1322
    1.1280
    1.1292
    1.1187
    1.1103
    1.1091
    1.1093
    1.1163
    1.1225
    1.1323
    1.1241
    1.1206
    1.1218
    1.0958
    1.0854
    1.0818
    1.0794
    1.0749
    1.0788
    1.0650
    1.0645
    1.0536
    1.0526
    1.0539
    1.0360
    1.0351
    1.0392
    1.0462
    1.0405
    1.0474
    1.0547
    1.0492
    1.0486
    1.0523
    1.0492
    1.0464
    1.0482
    1.0613
    1.0637
    1.0526
    1.0616
    1.0628
    1.0571
    1.0669
    1.0627
    1.0669
    1.0642
    1.0545
    1.0609
    1.0460
    1.0446
    1.0509
    1.0298
    1.0130
    0.9928
    0.9820
    0.9752
    0.9772
    0.9623
    0.9583
    0.9482
    0.9344
    0.9254
    0.9209
    0.9165
    0.9103
    0.9257
    0.9336
    0.9343
    0.9415
    0.9377
    0.9364
    0.9466
    0.9563
    0.9588
    0.9736
    0.9815
    0.9796
    0.9853
    0.9916
    0.9840
    0.9805
    0.9765
    0.9660
    0.9680
    0.9682
    0.9739
    0.9691
    0.9702
    0.9836
    0.9892
    1.0005
    1.0004
    1.0072
    1.0240
    1.0185
    1.0210
    1.0291
    1.0393
    1.0493
    1.0654
    1.0893
    1.1166
    1.1288
    1.1508
    1.1722
    1.1820
    1.1952
    1.2005
    1.2013
    1.2077
    1.2192
    1.2231
    1.2326
    1.2385
    1.2478
    1.2694
    1.2750
    1.2893
    1.3093
    1.3245
    1.3224
    1.3292
    1.3330
    1.3377
    1.3406
    1.3490
    1.3878
    1.4015
    1.4434
    1.4574
    1.4632
    1.4722
    1.4860
    1.5053
    1.5413
    1.5476
    1.5579
    1.5796
    1.5843
    1.6079
    1.6363
    1.6449
    1.6562
    1.6664
    1.6636
    1.6856
    1.6941
    1.7100
    1.7455
    1.7807
    1.8510
    1.8732
    1.8876
    1.9101
    1.9299
    1.9930
    2.0450
    2.0854
    2.1329
    2.1677
    2.2091
    2.2408
    2.2652
    2.2742
    2.3115
    2.3220
    2.3572
    2.4001
    2.4348
    2.4489
    2.4476
    2.5016
    2.5073
    2.5367
    2.5456
    2.5838
    2.6242
    2.6622
    2.6916
    2.6935
    2.7106
    2.7105
    2.7313
    2.7557
    2.7488
    2.7697
    2.7833
    2.8174
    2.8248
    2.8113
    2.8086
    2.7967
    2.8128
    2.8133
    2.8568
    2.8594
    2.8725
    2.8748
    2.8848
    2.9132
    2.9482
    2.9927
    3.0443
    3.0992
    3.1382
    3.1872
    3.1846
    3.1969
    3.2098
    3.2288
    3.2704
    3.3043
    3.2952
    3.2668
    3.2936
    3.2766
    3.2716
    3.2810
    3.3002
    3.3104
    3.3072
    3.2962
    3.3163
    3.2733
    3.2456
    3.2186
    3.2183
    3.1897
    3.1718
    3.1711
    3.1776
    3.1637
    3.1224
    3.1255
    3.1152
    3.1114
    3.1188
    3.1271
    3.1196
    3.1053
    3.0955
    3.0988
    3.0901
    3.0727
    3.0639
    3.0663
    3.0494
    3.0480
    2.9918
    2.9871
    2.9953
    3.0076
    3.0043
    3.0168
    2.9974
    2.9887
    2.9878
    2.9622
    2.9319
    2.9263
    2.9037
    2.8893
    2.8626
    2.8505
    2.8422
    2.7990
    2.7650
    2.7183
    2.7182
    2.7288
    2.7249
    2.7072
    2.6811
    2.6638
    2.6475
    2.6201
    2.6132
    2.6262
    2.6303
    2.6317
    2.6035
    2.5878
    2.5594
    2.5551
    2.5424
    2.5029
    2.4728
    2.4530
    2.4174
    2.4297
    2.4135
    2.3960
    2.3717
    2.3547
    2.3198
    2.2442
    2.2297
    2.1771
    2.1596
    2.1480
    2.1317
    2.0765
    2.0353
    2.0065
    2.0028
    1.9592
    1.9592
    1.9402
    1.9217
    1.8992
    1.8911
    1.8762
    1.8553
    1.8475
    1.8017
    1.7899
    1.7979
    1.8099
    1.8153
    1.8064
    1.8054
    1.7977
    1.8031
    1.7892
    1.7808
    1.7728
    1.7724
    1.7800
    1.7668
    1.7617
    1.7403
    1.7432
    1.7501
    1.7584
    1.7552
    1.7751
    1.7745
    1.7933
    1.8223
    1.8308
    1.8299
    1.8164
    1.8425
    1.8596
    1.8807
    1.8855
    1.9075
    1.9128
    1.9337
    1.9455
    1.9685
    1.9709
    1.9624
    1.9589
    1.9577
    1.9610
    1.9632
    1.9711
    1.9704
    1.9620
    1.9729
    1.9842
    1.9855
    1.9744
    1.9633
    1.9617
    1.9658
    1.9862
    1.9864
    1.9852
    1.9941
    1.9954
    1.9929
    1.9914
    1.9736
    1.9693
    1.9531
    1.9453
    1.9334
    1.9182
    1.9134
    1.8969
    1.8927
    1.8996
    1.8822
    1.8870
    1.8962
    1.8926
    1.8822
    1.8715
    1.8668
    1.8760
    1.8689
    1.8644
    1.8419
    1.8332
    1.8322
    1.8266
    1.8217
    1.8160
    1.8153
    1.8069
    1.8136
    1.8096
    1.8096
    1.8051
    1.8121
    1.8140
    1.8122
    1.8070
    1.8077
    1.8153
    1.8265
    1.8210
    1.8164
    1.8133
    1.8167
    1.8135
    1.8062
    1.8055
    1.8109
    1.8077
    1.8091
    1.8087
    1.8145
    1.8164
    1.8177
    1.8238
    1.8265
    1.8351
    1.8312
    1.8307
    1.8437
    1.8394
    1.8455
    1.8474
    1.8517
    1.8489
    1.8427
    1.8431
    1.8479
    1.8509
    1.8527
    1.8614
    1.8626
    1.8635
    1.8645
    1.8643
    1.8538
    1.8493
    1.8471
    1.8575
    1.8664
    1.8641
    1.8639
    1.8645
    1.8624
    1.8634
    1.8618
    1.8627
    1.8553
    1.8569
    1.8521
    1.8519
    1.8455
    1.8396
    1.8384
    1.8444
    1.8397
    1.8271
    1.8393
    1.8278
    1.8276
    1.8271
    1.8291
    1.8406
    1.8438
    1.8440
    1.8510
    1.8583
    1.8574
    1.8574
    1.8637
    1.8641
    1.8726
    1.8690
    1.8854
    1.8906
    1.9005
    1.8962
    1.8964
    1.8938
    1.8960
    1.9039
    1.9243
    1.9275
    1.9318
    1.9239
    1.9083
    1.9083
    1.8992
    1.9020
    1.8973
    1.8972
    1.8878
    1.8816
    1.8894
    1.8950
    1.9056
    1.9055
    1.9056
    1.9023
    1.9037
    1.9025
    1.9101
    1.9213
    1.9258
    1.9159
    1.9158
    1.9108
    1.9159
    1.8953
    1.8847
    1.8750
    1.8659
    1.8379
    1.8295
    1.8295
    1.8379
    1.8490
    1.8224
    1.7957
    1.7654
    1.7574
    1.7296
    1.7278
    1.7278
    1.7122
    1.6718
    1.6489
    1.6158
    1.6050
    1.6074
    1.6042
    1.5954
    1.5954
    1.5846
    1.5611
    1.5535
    1.5272
    1.5148
    1.5118
    1.4922
    1.4866
    1.4866
    1.4759
    1.4654
    1.4751
    1.4879
    1.4784
    1.4688
    1.4478
    1.4380
    1.4416
    1.4416
    1.4210
    1.4072
    1.4069
    1.4076
    1.4183
    1.4314
    1.4279
    1.4615
    1.4615
    1.4788
    1.4926
    1.4913
    1.5296
    1.5392
    1.5664
    1.5875
    1.5710
    1.5710
    1.5917
    1.5951
    1.5770
    1.5720
    1.5534
    1.5573
    1.5906
    1.6202
    1.6202
    1.5882
    1.6190
    1.6068
    1.7193
    1.7635
    1.7705
    1.7519
    1.7457
    1.7457
    1.7923
    1.8359
    1.8426
    1.8184
    1.8282
    1.8571
    1.8284
    1.8055
    1.8055
    1.8806
    1.8413
    1.8016
    1.8210
    1.8503
    1.8379
    1.8377
    1.8465
    1.8385
    1.8385
    1.9233
    1.9921
    1.9696
    1.9085
    1.9610
    2.0091
    2.1170
    2.1120
    2.1120
    2.0986
    2.0749
    2.0624
    2.0300
    2.0519
    1.9762
    1.9501
    1.8013
    1.8013
    1.8135
    1.8246
    1.7987
    1.8692
    1.8203
    1.8181
