    0.5256
    1.0532
    2.3856
    3.1036
    7.7722
    2.7338
    1.9614
    2.1905
    3.2293
    3.0020
    2.1223
    2.7111
    1.9533
    1.7707
    1.5011
    1.8477
    2.1793
    2.5432
    2.8575
    2.4453
    2.6951
    2.2218
    2.1625
    1.8207
    2.4212
    2.5304
    3.1584
    3.2630
    3.2642
    2.9677
    2.5762
    1.8912
    1.6651
    1.5829
    1.5862
    1.4868
    1.6176
    1.4791
    1.5544
    1.6712
    1.6781
    1.6009
    1.6023
    1.6206
    1.6649
    1.7312
    1.7532
    1.7839
    1.7111
    1.7815
    1.7313
    2.0596
    1.9460
    2.0066
    2.0308
    1.9555
    1.9539
    1.7742
    1.7492
    1.8362
    1.7660
    1.8265
    1.7228
    1.6561
    1.5849
    1.5836
    1.5631
    1.6068
    1.5947
    1.6112
    1.5416
    1.5754
    1.4056
    1.4376
    1.4961
    1.4737
    1.4562
    1.4193
    1.4405
    1.4837
    1.5615
    1.4839
    1.5009
    1.4960
    1.5699
    1.5097
    1.5131
    1.5405
    1.6017
    1.7866
    1.9663
    1.9325
    1.9812
    1.9612
    1.7515
    1.6884
    1.8151
    1.7845
    1.8783
    1.8177
    1.8585
    1.7466
    1.7322
    1.7562
    1.7429
    1.8586
    1.9029
    1.8843
    1.8593
    1.8417
    1.8108
    1.8510
    1.7920
    1.7304
    1.7391
    1.7187
    1.6993
    1.7764
    1.8163
    1.8445
    1.9068
    1.8689
    1.9462
    1.9649
    1.8604
    1.8552
    1.8314
    1.8522
    1.8429
    1.7998
    1.8056
    1.7377
    1.6387
    1.5432
    1.5663
    1.5814
    1.6123
    1.5886
    1.4997
    1.5442
    1.5040
    1.5223
    1.5777
    1.5974
    1.6156
    1.5955
    1.5619
    1.5238
    1.4805
    1.4592
    1.4202
    1.4273
    1.3989
    1.3739
    1.4015
    1.4228
    1.4164
    1.4485
    1.4276
    1.3993
    1.4063
    1.4496
    1.4748
    1.4970
    1.4740
    1.4316
    1.4139
    1.4177
    1.4393
    1.3761
    1.3672
    1.3257
    1.3686
    1.3903
    1.4317
    1.4346
    1.3973
    1.4147
    1.4132
    1.4059
    1.4202
    1.4137
    1.3985
    1.4012
    1.3835
    1.4009
    1.4054
    1.4626
    1.4825
    1.5264
    1.5325
    1.5950
    1.6106
    1.6117
    1.6011
    1.5827
    1.6222
    1.5246
    1.5308
    1.5667
    1.5505
    1.5239
    1.4987
    1.4744
    1.4212
    1.4524
    1.4494
    1.4552
    1.4501
    1.4452
    1.4516
    1.4314
    1.4348
    1.4314
    1.4470
    1.4605
    1.4646
    1.4606
    1.4613
    1.4830
    1.4635
    1.4687
    1.4626
    1.4668
    1.4644
    1.4954
    1.4775
    1.4516
    1.4584
    1.4523
    1.4523
    1.4348
    1.4628
    1.4366
    1.4627
    1.4465
    1.4795
    1.4647
    1.4693
    1.4617
    1.4538
    1.4278
    1.4172
    1.3849
    1.3697
    1.3418
    1.3593
    1.3139
    1.2834
    1.2924
    1.2351
    1.2358
    1.2284
    1.2369
    1.2444
    1.2402
    1.2335
    1.2432
    1.2505
    1.2497
    1.2442
    1.2584
    1.2302
    1.2451
    1.2233
    1.2294
    1.2342
    1.2142
    1.2080
    1.1647
    1.1739
    1.1736
    1.1866
    1.1807
    1.1680
    1.1911
    1.1729
    1.1576
    1.1641
    1.0990
    1.1148
    1.1208
    1.1345
    1.1251
    1.1325
    1.1186
    1.1109
    1.1081
    1.1222
    1.1588
    1.1925
    1.2163
    1.2268
    1.2630
    1.2818
    1.2523
    1.2488
    1.2385
    1.2160
    1.2088
    1.2185
    1.1965
    1.2275
    1.2172
    1.2146
    1.2076
    1.2099
    1.2227
    1.2386
    1.2575
    1.2487
    1.2600
    1.2941
    1.3017
    1.3114
    1.3314
    1.3168
    1.3359
    1.3442
    1.3525
    1.3491
    1.3360
    1.3468
    1.3608
    1.3888
    1.4107
    1.4165
    1.4060
    1.4202
    1.4170
    1.3997
    1.4178
    1.4166
    1.4254
    1.4205
    1.4259
    1.4364
    1.4338
    1.4323
    1.4402
    1.4744
    1.4733
    1.4728
    1.4777
    1.4992
    1.5244
    1.5339
    1.5439
    1.5195
    1.5354
    1.5193
    1.5083
    1.5455
    1.5288
    1.5207
    1.5130
    1.5245
    1.5336
    1.5373
    1.5718
    1.5960
    1.6071
    1.5849
    1.5511
    1.5105
    1.4677
    1.4464
    1.4394
    1.4396
    1.4395
    1.4151
    1.3885
    1.4065
    1.4078
    1.4127
    1.3983
    1.3970
    1.3914
    1.3896
    1.4188
    1.4264
    1.4190
    1.4405
    1.4571
    1.4515
    1.4518
    1.4391
    1.4208
    1.3928
    1.3946
    1.4110
    1.4111
    1.4039
    1.4131
    1.3973
    1.3938
    1.4323
    1.4327
    1.4434
    1.4498
    1.4597
    1.4593
    1.4635
    1.4787
    1.4825
    1.4958
    1.4926
    1.4868
    1.4661
    1.4491
    1.4466
    1.4510
    1.4563
    1.4639
    1.4453
    1.4416
    1.4557
    1.4514
    1.4634
    1.4663
    1.4632
    1.4684
    1.4766
    1.4769
    1.4838
    1.5012
    1.5079
    1.5014
    1.5024
    1.4912
    1.4835
    1.4851
    1.4706
    1.4640
    1.4560
    1.4513
    1.4410
    1.4538
    1.4701
    1.4719
    1.4789
    1.4793
    1.4809
    1.4973
    1.5116
    1.5211
    1.5272
    1.5222
    1.5245
    1.5319
    1.5251
    1.5225
    1.5164
    1.5106
    1.4959
    1.4971
    1.5194
    1.5364
    1.5306
    1.5400
    1.5604
    1.5834
    1.5782
    1.5836
    1.5787
    1.5880
    1.6111
    1.6124
    1.6328
    1.6189
    1.6161
    1.6097
    1.6085
    1.6148
    1.6177
    1.6345
    1.6389
    1.6478
    1.6431
    1.6475
    1.6383
    1.6265
    1.6202
    1.6155
    1.6226
    1.6212
    1.6224
    1.6473
    1.6588
    1.6863
    1.6747
    1.6616
    1.6705
    1.6819
    1.6934
    1.7157
    1.7110
    1.7510
    1.7760
    1.7376
    1.7501
    1.7384
    1.7157
    1.7072
    1.7080
    1.7189
    1.7388
    1.7450
    1.7258
    1.7350
    1.7489
    1.7650
    1.7771
    1.7893
    1.8233
    1.8428
    1.8483
    1.8532
    1.8632
    1.8708
    1.8870
    1.9196
    1.9239
    1.9375
    1.9317
    1.9345
    1.9561
    1.9378
    1.9435
    1.9578
    1.9633
    1.9717
    1.9811
    1.9855
    1.9875
    1.9977
    1.9880
    1.9763
    1.9468
    1.9349
    1.9253
    1.9364
    1.9521
    1.9555
    1.9731
    1.9727
    1.9746
    1.9892
    1.9930
    1.9993
    2.0071
    1.9913
    1.9934
    1.9942
    1.9838
    1.9642
    1.9846
    1.9913
    1.9766
    1.9881
    1.9894
    2.0022
    2.0084
    2.0339
    2.0307
    2.0403
    2.0437
    2.0572
    2.0684
    2.0890
    2.1078
    2.1387
    2.1820
    2.2054
    2.2220
    2.2489
    2.2711
    2.2907
    2.3162
    2.3719
    2.4000
    2.4185
    2.4309
    2.4577
    2.4738
    2.4882
    2.5006
    2.5047
    2.5066
    2.5125
    2.5305
    2.5724
    2.6040
    2.6400
    2.6726
    2.6898
    2.7222
    2.7523
    2.7774
    2.7842
    2.8071
    2.7895
    2.7910
    2.7906
    2.8075
    2.8277
    2.8495
    2.8732
    2.8933
    2.9055
    2.9124
    2.9147
    2.9257
    2.9301
    2.9373
    2.9710
    2.9968
    3.0142
    3.0422
    3.0530
    3.0516
    3.0546
    3.0291
    3.0070
    2.9796
    2.9543
    2.9464
    2.9306
    2.9265
    2.9460
    2.9539
    2.9824
    2.9963
    3.0045
    2.9963
    2.9917
    2.9392
    2.9181
    2.9166
    2.9147
    2.9172
    2.9121
    2.9159
    2.9190
    2.9086
    2.8830
    2.8554
    2.8340
    2.7916
    2.7687
    2.7468
    2.7387
    2.7240
    2.7061
    2.6961
    2.6741
    2.6502
    2.6401
    2.6263
    2.6107
    2.6111
    2.6099
    2.6256
    2.6213
    2.6205
    2.6034
    2.5752
    2.5592
    2.5357
    2.5163
    2.5052
    2.5054
    2.5112
    2.5200
    2.5143
    2.5164
    2.5139
    2.5242
    2.5186
    2.5382
    2.5565
    2.5709
    2.5896
    2.5834
    2.5967
    2.6315
    2.6427
    2.6372
    2.6238
    2.5977
    2.5741
    2.5615
    2.5597
    2.5671
    2.5971
    2.6222
    2.6260
    2.6487
    2.6650
    2.6643
    2.6682
    2.6698
    2.6733
    2.6721
    2.6639
    2.6445
    2.6253
    2.6131
    2.5901
    2.5768
    2.5657
    2.5756
    2.5680
    2.5690
    2.5721
    2.5640
    2.5468
    2.5202
    2.4874
    2.4541
    2.4192
    2.3887
    2.3690
    2.3500
    2.3457
    2.3186
    2.2590
    2.2235
    2.1900
    2.1582
    2.1236
    2.0977
    2.0751
    2.0602
    2.0560
    2.0415
    2.0275
    2.0136
    1.9995
    1.9725
    1.9658
    1.9457
    1.9265
    1.8885
    1.8758
    1.8663
    1.8589
    1.8550
    1.8517
    1.8361
    1.8217
    1.7944
    1.7743
    1.7508
    1.7314
    1.7117
    1.6813
    1.6707
    1.6558
    1.6475
    1.6439
    1.6251
    1.6136
    1.6071
    1.5869
    1.5662
    1.5496
    1.5373
    1.5277
    1.5256
    1.5240
    1.5213
    1.5092
    1.4922
    1.4718
    1.4576
    1.4378
    1.4159
    1.4063
    1.4012
    1.3892
    1.3840
    1.3743
    1.3701
    1.3754
    1.3814
    1.3843
    1.3871
    1.3857
    1.3810
    1.3784
    1.3757
    1.3704
    1.3644
    1.3605
    1.3573
    1.3481
    1.3509
    1.3509
    1.3489
    1.3475
    1.3528
    1.3573
    1.3604
    1.3594
    1.3572
    1.3597
    1.3639
    1.3695
    1.3701
    1.3692
    1.3682
    1.3712
    1.3738
    1.3755
    1.3750
    1.3762
    1.3793
    1.3828
    1.3866
    1.3906
    1.3947
    1.3932
    1.3931
    1.3932
    1.3931
    1.3981
    1.4018
    1.4040
    1.4082
    1.4127
    1.4133
    1.4121
    1.4136
    1.4136
    1.4066
    1.4023
    1.4028
    1.4061
    1.4123
    1.4150
    1.4202
    1.4216
    1.4210
    1.4170
    1.4151
    1.4054
    1.3979
    1.3878
    1.3810
    1.3802
    1.3830
    1.3833
    1.3861
    1.3800
    1.3803
    1.3826
    1.3822
    1.3773
    1.3694
    1.3705
    1.3706
    1.3645
    1.3529
    1.3448
    1.3391
    1.3364
    1.3420
    1.3467
    1.3521
    1.3522
    1.3498
    1.3421
    1.3301
    1.3127
    1.3014
    1.2856
    1.2760
    1.2591
    1.2592
    1.2495
    1.2484
    1.2501
    1.2486
    1.2466
    1.2486
    1.2489
    1.2433
    1.2442
    1.2442
    1.2431
    1.2337
    1.2358
    1.2342
    1.2314
    1.2320
    1.2199
    1.2164
    1.2166
    1.2052
    1.1953
    1.1892
    1.1876
    1.1861
    1.1859
    1.1792
    1.1819
    1.1820
    1.1896
    1.1893
    1.1866
    1.1845
    1.1832
    1.1883
    1.1995
    1.2101
    1.2101
    1.2187
    1.2331
    1.2379
    1.2499
    1.2552
    1.2582
    1.2681
    1.2613
    1.2613
    1.2603
    1.2536
    1.2555
    1.2589
    1.2590
    1.2746
    1.2703
    1.2817
    1.2817
    1.3015
    1.3180
    1.3421
    1.3509
    1.3496
    1.3462
    1.3402
    1.3344
    1.3384
    1.3384
    1.3400
    1.3624
    1.3815
    1.3988
    1.4170
    1.4315
    1.4517
    1.4880
    1.4880
    1.5089
    1.5227
    1.5264
    1.5183
    1.5229
    1.5438
    1.5635
    1.5591
    1.5591
    1.5908
    1.6252
    1.6537
    1.6640
    1.6751
    1.6846
    1.6955
    1.6792
    1.6792
    1.6657
    1.6751
    1.7150
    1.7651
    1.8131
    1.7795
    1.8306
    1.9141
    1.9141
    1.9202
    1.9713
    2.0236
    2.0095
    2.0851
    2.1852
    2.1783
    2.1920
    2.1920
    2.1822
    2.1877
    2.1810
    2.2330
    2.2659
    2.2574
    2.2665
    2.3204
    2.3129
    2.3129
    2.2935
    2.2823
    2.2367
    2.2647
    2.2774
    2.2697
    2.3354
    2.3583
    2.3583
    2.4318
    2.4036
    2.4152
    2.4213
    2.3949
    2.3141
    2.2871
    2.1918
    2.1918
    2.1348
    2.0335
    1.9617
    1.8771
    1.8533
    1.8276
