    0.3500
    0.2852
    0.2835
    2.5105
    1.6432
    1.0826
    1.1808
    9.3689
    0.8910
    1.0800
    1.1089
    1.1432
    1.1204
    1.3126
    1.5012
    1.4804
    1.3486
    1.4834
    1.8290
    2.3366
    3.4127
    5.2540
    5.9266
    2.4986
    2.2935
    2.1082
    1.6493
    1.3863
    0.9780
    1.1625
    0.9938
    0.9285
    0.8494
    0.7574
    0.8231
    0.9182
    0.8347
    0.7329
    0.7558
    0.7900
    0.8118
    0.7177
    0.7416
    0.7319
    0.7206
    0.7892
    0.8346
    0.9042
    1.0215
    0.9194
    1.0588
    1.0806
    1.2442
    1.3446
    1.4035
    1.5848
    1.5974
    1.5068
    1.5206
    1.6082
    1.5140
    1.6801
    1.8261
    1.6628
    1.6986
    1.8410
    1.7293
    1.6200
    1.7327
    1.4992
    1.5139
    1.6125
    1.7575
    1.9656
    2.0311
    1.9464
    1.9526
    1.8501
    1.7455
    1.7703
    1.8140
    1.7851
    1.8030
    1.8302
    1.8571
    1.9969
    2.0090
    2.0431
    2.2301
    2.1549
    2.2033
    2.1939
    2.2691
    2.3826
    2.5172
    2.5987
    2.6205
    2.8864
    2.9170
    2.8682
    2.9003
    2.8863
    2.9054
    2.9162
    3.0441
    2.9581
    2.7505
    2.7574
    2.7037
    2.6917
    2.9692
    2.9162
    3.0272
    2.9790
    2.8962
    2.8166
    2.7330
    2.6212
    2.5944
    2.5593
    2.5439
    2.6028
    2.5552
    2.4601
    2.5495
    2.5574
    2.5891
    2.5910
    2.5619
    2.6074
    2.6337
    2.5189
    2.5294
    2.6321
    2.6520
    2.5939
    2.7138
    2.6583
    2.6523
    2.4900
    2.4775
    2.3672
    2.2940
    2.3873
    2.2628
    2.2536
    2.3014
    2.2264
    2.2124
    2.1563
    2.1797
    2.2169
    2.2505
    2.1258
    2.1611
    2.0467
    2.0603
    1.9693
    1.9770
    1.9631
    1.9133
    1.8944
    1.8051
    1.7843
    1.7709
    1.7645
    1.7894
    1.7918
    1.8535
    1.8820
    1.9156
    1.9332
    1.9345
    1.9229
    1.9486
    1.9096
    1.9148
    1.9128
    1.9606
    2.0363
    1.9560
    1.9729
    1.9392
    1.9227
    1.9257
    1.8423
    1.8998
    1.8098
    1.8371
    1.8412
    1.8528
    1.8396
    1.8342
    1.8528
    1.8214
    1.8592
    1.9488
    1.8855
    1.8687
    1.8790
    1.8998
    1.8914
    1.8025
    1.8327
    1.7677
    1.7312
    1.6766
    1.6445
    1.6114
    1.5464
    1.5469
    1.5367
    1.4564
    1.4426
    1.4247
    1.3910
    1.3549
    1.3417
    1.3711
    1.3598
    1.3234
    1.3454
    1.3156
    1.3352
    1.3287
    1.3758
    1.3747
    1.4449
    1.4929
    1.4718
    1.5315
    1.5284
    1.4761
    1.4753
    1.4533
    1.4712
    1.4862
    1.4565
    1.4326
    1.4266
    1.4103
    1.4002
    1.4131
    1.4254
    1.4145
    1.4282
    1.3880
    1.3986
    1.3690
    1.3712
    1.3933
    1.3877
    1.3817
    1.3906
    1.4083
    1.3921
    1.4050
    1.4145
    1.4423
    1.4446
    1.4514
    1.4811
    1.4811
    1.4781
    1.4671
    1.4706
    1.4504
    1.4676
    1.4747
    1.4543
    1.4688
    1.4758
    1.4801
    1.5022
    1.4884
    1.4706
    1.4618
    1.4526
    1.4654
    1.4552
    1.4814
    1.4709
    1.4660
    1.4468
    1.4528
    1.4397
    1.3949
    1.3428
    1.3460
    1.3718
    1.3301
    1.3130
    1.3299
    1.3144
    1.3294
    1.3362
    1.3233
    1.3332
    1.2936
    1.2676
    1.2677
    1.2707
    1.2434
    1.2549
    1.2703
    1.2671
    1.2481
    1.2710
    1.2431
    1.2288
    1.2452
    1.2502
    1.2386
    1.2478
    1.2530
    1.2469
    1.2437
    1.2486
    1.2209
    1.2186
    1.2249
    1.2174
    1.2192
    1.2060
    1.1952
    1.1853
    1.1811
    1.1794
    1.1806
    1.1826
    1.1857
    1.1797
    1.1998
    1.2012
    1.1885
    1.2080
    1.1895
    1.1961
    1.1941
    1.1853
    1.2110
    1.1913
    1.1752
    1.1637
    1.1539
    1.1555
    1.1652
    1.1706
    1.1622
    1.1547
    1.1629
    1.1631
    1.1521
    1.1389
    1.1310
    1.1248
    1.1237
    1.1346
    1.1191
    1.1247
    1.1229
    1.1318
    1.1439
    1.1515
    1.1347
    1.1418
    1.1403
    1.1746
    1.1778
    1.1873
    1.1912
    1.1690
    1.1594
    1.1819
    1.1818
    1.1918
    1.2074
    1.2331
    1.2360
    1.2293
    1.2267
    1.2357
    1.2246
    1.2172
    1.2345
    1.2411
    1.2542
    1.2396
    1.2565
    1.2537
    1.2604
    1.2622
    1.2685
    1.2842
    1.2918
    1.2861
    1.2928
    1.3136
    1.3262
    1.2955
    1.2782
    1.2736
    1.2823
    1.2866
    1.2922
    1.2914
    1.2873
    1.2760
    1.2841
    1.2889
    1.2917
    1.2749
    1.2697
    1.2707
    1.2687
    1.2728
    1.2679
    1.2806
    1.2719
    1.2694
    1.2603
    1.2645
    1.2605
    1.2403
    1.2497
    1.2653
    1.2672
    1.2517
    1.2387
    1.2449
    1.2433
    1.2465
    1.2371
    1.2491
    1.2560
    1.2588
    1.2527
    1.2458
    1.2357
    1.2364
    1.2324
    1.2383
    1.2477
    1.2364
    1.2383
    1.2357
    1.2288
    1.2327
    1.2281
    1.2237
    1.2191
    1.2302
    1.2174
    1.2110
    1.2110
    1.1960
    1.1918
    1.1649
    1.1651
    1.1574
    1.1610
    1.1559
    1.1427
    1.1311
    1.1331
    1.1356
    1.1380
    1.1327
    1.1344
    1.1392
    1.1316
    1.1316
    1.1310
    1.1345
    1.1251
    1.1207
    1.1262
    1.1337
    1.1244
    1.1218
    1.1165
    1.1141
    1.1134
    1.1033
    1.0839
    1.0829
    1.0789
    1.0631
    1.0603
    1.0447
    1.0487
    1.0395
    1.0297
    1.0167
    1.0156
    1.0133
    0.9991
    1.0068
    0.9990
    0.9966
    0.9788
    0.9722
    0.9824
    0.9759
    0.9777
    0.9919
    0.9924
    0.9946
    0.9869
    0.9800
    0.9837
    0.9892
    0.9920
    0.9972
    0.9908
    0.9842
    0.9815
    0.9858
    0.9900
    0.9936
    1.0002
    0.9972
    0.9964
    0.9926
    0.9865
    0.9911
    0.9953
    0.9910
    1.0005
    1.0075
    1.0092
    1.0126
    1.0148
    1.0235
    1.0213
    1.0232
    1.0110
    1.0111
    1.0323
    1.0347
    1.0349
    1.0389
    1.0442
    1.0519
    1.0611
    1.0677
    1.0683
    1.0694
    1.0705
    1.0752
    1.0810
    1.0912
    1.1033
    1.1058
    1.1122
    1.1180
    1.1113
    1.1103
    1.1139
    1.1089
    1.1079
    1.1070
    1.1132
    1.1090
    1.1087
    1.1106
    1.1129
    1.1215
    1.1294
    1.1209
    1.1268
    1.1263
    1.1225
    1.1300
    1.1277
    1.1288
    1.1406
    1.1430
    1.1457
    1.1454
    1.1434
    1.1461
    1.1486
    1.1584
    1.1479
    1.1410
    1.1393
    1.1323
    1.1254
    1.1245
    1.1187
    1.1123
    1.1051
    1.1063
    1.1043
    1.0921
    1.0987
    1.0965
    1.1004
    1.1007
    1.0934
    1.0855
    1.0888
    1.0857
    1.0888
    1.0930
    1.0913
    1.0899
    1.0851
    1.0811
    1.0881
    1.0866
    1.0662
    1.0695
    1.0680
    1.0699
    1.0722
    1.0683
    1.0703
    1.0709
    1.0637
    1.0676
    1.0686
    1.0671
    1.0654
    1.0669
    1.0597
    1.0606
    1.0630
    1.0610
    1.0642
    1.0659
    1.0631
    1.0617
    1.0670
    1.0697
    1.0634
    1.0720
    1.0684
    1.0663
    1.0661
    1.0688
    1.0653
    1.0638
    1.0636
    1.0676
    1.0657
    1.0656
    1.0690
    1.0723
    1.0801
    1.0798
    1.0774
    1.0742
    1.0656
    1.0590
    1.0577
    1.0576
    1.0566
    1.0558
    1.0543
    1.0582
    1.0550
    1.0536
    1.0494
    1.0355
    1.0278
    1.0201
    1.0152
    1.0185
    1.0131
    1.0218
    1.0252
    1.0321
    1.0306
    1.0327
    1.0275
    1.0309
    1.0270
    1.0229
    1.0234
    1.0247
    1.0214
    1.0229
    1.0208
    1.0134
    1.0108
    1.0159
    1.0160
    1.0081
    1.0029
    0.9967
    1.0010
    1.0009
    1.0004
    0.9971
    0.9944
    0.9981
    0.9887
    0.9904
    0.9900
    0.9904
    0.9934
    0.9956
    1.0058
    1.0092
    1.0130
    1.0220
    1.0263
    1.0281
    1.0396
    1.0376
    1.0318
    1.0334
    1.0302
    1.0263
    1.0157
    1.0237
    1.0289
    1.0416
    1.0471
    1.0527
    1.0538
    1.0567
    1.0671
    1.0733
    1.0789
    1.0750
    1.0783
    1.0838
    1.0866
    1.0855
    1.0829
    1.0830
    1.0716
    1.0647
    1.0501
    1.0526
    1.0461
    1.0443
    1.0469
    1.0405
    1.0393
    1.0223
    1.0241
    1.0233
    1.0239
    1.0170
    1.0229
    1.0211
    1.0183
    1.0211
    1.0116
    1.0050
    1.0033
    0.9945
    0.9918
    0.9938
    0.9924
    0.9851
    0.9821
    0.9764
    0.9742
    0.9677
    0.9626
    0.9600
    0.9601
    0.9612
    0.9607
    0.9580
    0.9624
    0.9676
    0.9758
    0.9745
    0.9747
    0.9767
    0.9802
    0.9814
    0.9779
    0.9792
    0.9825
    0.9853
    0.9902
    0.9963
    0.9988
    1.0012
    1.0024
    1.0068
    1.0067
    1.0069
    1.0069
    1.0068
    1.0102
    1.0106
    1.0104
    1.0092
    1.0129
    1.0138
    1.0132
    1.0126
    1.0129
    1.0138
    1.0159
    1.0139
    1.0161
    1.0150
    1.0160
    1.0207
    1.0205
    1.0231
    1.0262
    1.0261
    1.0243
    1.0272
    1.0288
    1.0310
    1.0342
    1.0363
    1.0370
    1.0312
    1.0319
    1.0329
    1.0344
    1.0391
    1.0404
    1.0464
    1.0489
    1.0516
    1.0545
    1.0553
    1.0567
    1.0582
    1.0577
    1.0563
    1.0568
    1.0586
    1.0562
    1.0623
    1.0711
    1.0773
    1.0818
    1.0893
    1.0876
    1.0879
    1.0874
    1.0915
    1.0842
    1.0813
    1.0734
    1.0736
    1.0729
    1.0753
    1.0752
    1.0767
    1.0700
    1.0746
    1.0764
    1.0755
    1.0744
    1.0748
    1.0707
    1.0708
    1.0673
    1.0731
    1.0698
    1.0741
    1.0687
    1.0652
    1.0709
    1.0763
    1.0763
    1.0820
    1.0726
    1.0671
    1.0623
    1.0626
    1.0643
    1.0684
    1.0616
    1.0616
    1.0693
    1.0655
    1.0633
    1.0642
    1.0631
    1.0573
    1.0529
    1.0428
    1.0377
    1.0376
    1.0331
    1.0239
    1.0164
    1.0136
    1.0020
    0.9998
    1.0020
    1.0073
    1.0071
    1.0025
    1.0065
    1.0033
    1.0118
    1.0026
    1.0006
    0.9920
    0.9698
    0.9697
    0.9647
    0.9584
    0.9542
    0.9514
    0.9323
    0.9211
    0.9229
    0.9087
    0.9087
    0.9115
    0.8995
    0.8908
    0.8871
    0.8848
    0.8861
    0.8832
    0.9023
    0.9023
    0.8982
    0.9038
    0.9359
    0.9348
    0.9477
    0.9557
    0.9477
    0.9627
    0.9627
    0.9638
    0.9921
    1.0079
    1.0121
    1.0194
    1.0259
    1.0420
    1.0285
    1.0545
    1.0545
    1.0570
    1.0575
    1.0493
    1.0702
    1.0934
    1.1007
    1.1405
    1.1645
    1.1645
    1.1661
    1.1786
    1.2109
    1.2446
    1.2678
    1.3010
    1.3189
    1.3763
    1.3763
    1.4206
    1.4794
    1.5087
    1.5347
    1.5621
    1.5624
    1.6029
    1.5759
    1.5759
    1.5708
    1.5445
    1.5822
    1.6097
    1.5989
    1.6493
    1.6467
    1.6613
    1.6613
    1.6994
    1.7130
    1.7042
    1.6913
    1.7176
    1.7115
    1.7098
    1.6907
    1.6907
    1.6863
    1.6868
    1.6671
    1.6956
    1.7127
    1.7678
    1.7661
    1.7419
    1.7297
    1.7297
    1.7601
    1.7650
    1.7824
    1.7497
    1.7690
    1.8301
    1.8400
    1.8682
    1.8682
    1.8890
    1.9309
    1.9153
    1.8835
    1.9256
    1.9907
    1.9854
    1.9005
    1.9005
    1.9323
    1.9520
    1.9787
    1.9425
    1.9224
    1.9210
