    0.8309
    1.0933
    1.1022
    1.5188
    0.9927
    0.5782
    0.8151
    0.5270
    1.0919
    1.0367
    1.1643
    1.3089
    1.3891
    1.3167
    1.2675
    1.2140
    0.7901
    0.8747
    0.9477
    1.0807
    1.2661
    1.2849
    1.2242
    1.2261
    0.9733
    0.8986
    0.8408
    0.7658
    0.7576
    0.7610
    0.8997
    0.9894
    0.9702
    1.0463
    1.1320
    1.0769
    1.0884
    1.0844
    1.0004
    0.9847
    1.1618
    1.1695
    1.4836
    1.5631
    1.5686
    1.8133
    1.7490
    1.9152
    1.5894
    1.4550
    1.4566
    1.3467
    1.3714
    1.3499
    1.4278
    1.4410
    1.5649
    1.3738
    1.4603
    1.4112
    1.4413
    1.5581
    1.6535
    1.6207
    1.4893
    1.6505
    1.5167
    1.5267
    1.5444
    1.4409
    1.3157
    1.4270
    1.5487
    1.5366
    1.5059
    1.5172
    1.4738
    1.5277
    1.5439
    1.4440
    1.4941
    1.3518
    1.4073
    1.3969
    1.5890
    1.5585
    1.5473
    1.6736
    1.8012
    1.6554
    1.6215
    1.6552
    1.7304
    1.7109
    1.7280
    1.7630
    1.8580
    1.9430
    1.9924
    2.0754
    2.0564
    2.0438
    2.0550
    2.1691
    2.0706
    2.0049
    1.9967
    1.9569
    1.9572
    1.9109
    1.8581
    1.8139
    1.9115
    2.0260
    2.0204
    1.9989
    1.9790
    2.0233
    1.9951
    1.8926
    1.8364
    1.7901
    1.8444
    1.7746
    1.7187
    1.6947
    1.6779
    1.6875
    1.7292
    1.6724
    1.7145
    1.7124
    1.7638
    1.8083
    1.8393
    1.7807
    1.7194
    1.6677
    1.7014
    1.6914
    1.6866
    1.6289
    1.6108
    1.5316
    1.5816
    1.6420
    1.6540
    1.6425
    1.6249
    1.6271
    1.6767
    1.7349
    1.6889
    1.6390
    1.6269
    1.6581
    1.7023
    1.7254
    1.7486
    1.7852
    1.7202
    1.7541
    1.8202
    1.7072
    1.6453
    1.6914
    1.6900
    1.6554
    1.5666
    1.5390
    1.6081
    1.6238
    1.6681
    1.7162
    1.6614
    1.6130
    1.6491
    1.5962
    1.5870
    1.5809
    1.5430
    1.5954
    1.5968
    1.5781
    1.5737
    1.6283
    1.6344
    1.6071
    1.5852
    1.5827
    1.5350
    1.5410
    1.5686
    1.5693
    1.5507
    1.5620
    1.5424
    1.5349
    1.5020
    1.5090
    1.4773
    1.5206
    1.5269
    1.5460
    1.5634
    1.5379
    1.5657
    1.5812
    1.5431
    1.5596
    1.5547
    1.5425
    1.6251
    1.6086
    1.6237
    1.5965
    1.6104
    1.6259
    1.6171
    1.6393
    1.6670
    1.6657
    1.6136
    1.6695
    1.6416
    1.6471
    1.6123
    1.6379
    1.6076
    1.6101
    1.5706
    1.5920
    1.5586
    1.5180
    1.4666
    1.4826
    1.4842
    1.4933
    1.4961
    1.5217
    1.5561
    1.5622
    1.5422
    1.5620
    1.6013
    1.6058
    1.5818
    1.6112
    1.5878
    1.6132
    1.6205
    1.6095
    1.6309
    1.5904
    1.5822
    1.5400
    1.5487
    1.5446
    1.5497
    1.5456
    1.5316
    1.5441
    1.5630
    1.5568
    1.5453
    1.5378
    1.5279
    1.5350
    1.5289
    1.5547
    1.5203
    1.5546
    1.5628
    1.5717
    1.5809
    1.5676
    1.5286
    1.5350
    1.5666
    1.6023
    1.6250
    1.6120
    1.6193
    1.6066
    1.5997
    1.6128
    1.6154
    1.5799
    1.5528
    1.5521
    1.5646
    1.5405
    1.5358
    1.5185
    1.5224
    1.5265
    1.4865
    1.4588
    1.4632
    1.4648
    1.4618
    1.4598
    1.4285
    1.4108
    1.3996
    1.4133
    1.4217
    1.4200
    1.3922
    1.3580
    1.2889
    1.2517
    1.2045
    1.1795
    1.1676
    1.1737
    1.1718
    1.1643
    1.1673
    1.1381
    1.1205
    1.1114
    1.1158
    1.1090
    1.0839
    1.0591
    1.0569
    1.0437
    1.0237
    1.0111
    1.0035
    0.9927
    0.9928
    0.9910
    0.9840
    0.9858
    0.9795
    0.9666
    0.9484
    0.9377
    0.9299
    0.9250
    0.9027
    0.8854
    0.8674
    0.8680
    0.8619
    0.8536
    0.8346
    0.8199
    0.8186
    0.7996
    0.7895
    0.7861
    0.7845
    0.7823
    0.7758
    0.7684
    0.7578
    0.7413
    0.7398
    0.7327
    0.7376
    0.7378
    0.7253
    0.7132
    0.7075
    0.6977
    0.6954
    0.6934
    0.6881
    0.6840
    0.6819
    0.6810
    0.6774
    0.6756
    0.6748
    0.6710
    0.6661
    0.6651
    0.6675
    0.6640
    0.6627
    0.6637
    0.6645
    0.6605
    0.6516
    0.6493
    0.6462
    0.6456
    0.6495
    0.6509
    0.6546
    0.6571
    0.6603
    0.6641
    0.6622
    0.6596
    0.6565
    0.6573
    0.6569
    0.6567
    0.6662
    0.6724
    0.6758
    0.6844
    0.6900
    0.6996
    0.7141
    0.7259
    0.7221
    0.7267
    0.7260
    0.7313
    0.7391
    0.7465
    0.7647
    0.7729
    0.7738
    0.7742
    0.7752
    0.7823
    0.7843
    0.7862
    0.7990
    0.8083
    0.8133
    0.8189
    0.8243
    0.8319
    0.8385
    0.8462
    0.8652
    0.8783
    0.8911
    0.9004
    0.9071
    0.9197
    0.9340
    0.9342
    0.9445
    0.9486
    0.9559
    0.9677
    0.9746
    0.9746
    0.9774
    0.9883
    0.9862
    0.9844
    0.9940
    1.0000
    1.0033
    1.0128
    1.0199
    1.0239
    1.0236
    1.0204
    1.0238
    1.0389
    1.0553
    1.0689
    1.0804
    1.0933
    1.0969
    1.0921
    1.1033
    1.1082
    1.1114
    1.1116
    1.1221
    1.1352
    1.1408
    1.1557
    1.1605
    1.1633
    1.1640
    1.1706
    1.1730
    1.1753
    1.1763
    1.1840
    1.1820
    1.1800
    1.1800
    1.1775
    1.1792
    1.1849
    1.1852
    1.1979
    1.2015
    1.1974
    1.2070
    1.2183
    1.2138
    1.2222
    1.2326
    1.2420
    1.2548
    1.2566
    1.2551
    1.2594
    1.2599
    1.2701
    1.2734
    1.2808
    1.2996
    1.3072
    1.3094
    1.3060
    1.3020
    1.2980
    1.2873
    1.2911
    1.2914
    1.2910
    1.2878
    1.2931
    1.2981
    1.2997
    1.3140
    1.3242
    1.3382
    1.3279
    1.3235
    1.3115
    1.2997
    1.3003
    1.2994
    1.3042
    1.3088
    1.3177
    1.3263
    1.3319
    1.3320
    1.3393
    1.3434
    1.3549
    1.3686
    1.3739
    1.3783
    1.3913
    1.3999
    1.3994
    1.3978
    1.3928
    1.3834
    1.3946
    1.3993
    1.4223
    1.4256
    1.4250
    1.4292
    1.4438
    1.4625
    1.4717
    1.4712
    1.4777
    1.4733
    1.4887
    1.5060
    1.5205
    1.5304
    1.5418
    1.5551
    1.5699
    1.5789
    1.5730
    1.5702
    1.5824
    1.5907
    1.6087
    1.6076
    1.6178
    1.6382
    1.6725
    1.6975
    1.7063
    1.7127
    1.7227
    1.7227
    1.7350
    1.7495
    1.7488
    1.7514
    1.7741
    1.7846
    1.8016
    1.8249
    1.8400
    1.8589
    1.8884
    1.9119
    1.9375
    1.9474
    1.9547
    1.9646
    1.9684
    1.9775
    1.9837
    1.9951
    1.9880
    1.9914
    2.0120
    2.0210
    2.0456
    2.0634
    2.0703
    2.1022
    2.1332
    2.1645
    2.2108
    2.2350
    2.2656
    2.2765
    2.3079
    2.3391
    2.3419
    2.3649
    2.3991
    2.4694
    2.5036
    2.5500
    2.5340
    2.5428
    2.5624
    2.5396
    2.5318
    2.5517
    2.5847
    2.6148
    2.6342
    2.6209
    2.6351
    2.5892
    2.6019
    2.6174
    2.6190
    2.6274
    2.6454
    2.6443
    2.6451
    2.6853
    2.7038
    2.7185
    2.7674
    2.8027
    2.8388
    2.8737
    2.9001
    2.9009
    2.8980
    2.9117
    2.9464
    2.9495
    2.9662
    2.9905
    3.0176
    3.0345
    3.0404
    3.0861
    3.1139
    3.1378
    3.1942
    3.2212
    3.2742
    3.3075
    3.3232
    3.3054
    3.3238
    3.3177
    3.3038
    3.2981
    3.3005
    3.2989
    3.3094
    3.3256
    3.3238
    3.3250
    3.3271
    3.3664
    3.3545
    3.3452
    3.3265
    3.3710
    3.4160
    3.4389
    3.4463
    3.4589
    3.4463
    3.4699
    3.4744
    3.4449
    3.4534
    3.4584
    3.4520
    3.4475
    3.4554
    3.4366
    3.4096
    3.4278
    3.4654
    3.4898
    3.5372
    3.5398
    3.5447
    3.5346
    3.5295
    3.5509
    3.5671
    3.5811
    3.5995
    3.6071
    3.6200
    3.6335
    3.6880
    3.7008
    3.7066
    3.7392
    3.7553
    3.7411
    3.7618
    3.7600
    3.7561
    3.7757
    3.7685
    3.7682
    3.7551
    3.7674
    3.7719
    3.7702
    3.7658
    3.7735
    3.7883
    3.7903
    3.8039
    3.8298
    3.8543
    3.8585
    3.8681
    3.8562
    3.8500
    3.8141
    3.7649
    3.7585
    3.7134
    3.6933
    3.6704
    3.6829
    3.6700
    3.6489
    3.6246
    3.6201
    3.6299
    3.6398
    3.6429
    3.6323
    3.6448
    3.6496
    3.6105
    3.6005
    3.5746
    3.5748
    3.5634
    3.5293
    3.5219
    3.4938
    3.4523
    3.4297
    3.4071
    3.3916
    3.3839
    3.3863
    3.3598
    3.3437
    3.3306
    3.3164
    3.3121
    3.2964
    3.2964
    3.2873
    3.2461
    3.2061
    3.1706
    3.1470
    3.1489
    3.1620
    3.1589
    3.1534
    3.1755
    3.1732
    3.1771
    3.1674
    3.1591
    3.1541
    3.1640
    3.1845
    3.1846
    3.1832
    3.2258
    3.2156
    3.2112
    3.2055
    3.2065
    3.1923
    3.1857
    3.1875
    3.1985
    3.1993
    3.1964
    3.2063
    3.2235
    3.2358
    3.2236
    3.1949
    3.1940
    3.1713
    3.1492
    3.1353
    3.1357
    3.1643
    3.1564
    3.1608
    3.1367
    3.1352
    3.1562
    3.1502
    3.1341
    3.1035
    3.1042
    3.0987
    3.0963
    3.1073
    3.0851
    3.0858
    3.0908
    3.0669
    3.0590
    3.0431
    3.0236
    3.0341
    3.0464
    3.0366
    3.0374
    3.0286
    3.0323
    3.0341
    3.0359
    3.0366
    3.0293
    3.0087
    2.9881
    2.9877
    3.0003
    2.9909
    2.9897
    2.9931
    2.9748
    2.9943
    2.9880
    3.0065
    3.0064
    2.9872
    2.9738
    2.9651
    2.9444
    2.9327
    2.9390
    2.9356
    2.9271
    2.9264
    2.9096
    2.9110
    2.9073
    2.9060
    2.9004
    2.9164
    2.9194
    2.9109
    2.9102
    2.9294
    2.9556
    2.9508
    2.9145
    2.8805
    2.8670
    2.8174
    2.7905
    2.7790
    2.7789
    2.7714
    2.7689
    2.7415
    2.7157
    2.7065
    2.6932
    2.6914
    2.6683
    2.6683
    2.6635
    2.6272
    2.5737
    2.5710
    2.5316
    2.4997
    2.4664
    2.4356
    2.4350
    2.4450
    2.4230
    2.4160
    2.3948
    2.3511
    2.3238
    2.3205
    2.2821
    2.2821
    2.2858
    2.2605
    2.2276
    2.1975
    2.1877
    2.1585
    2.1104
    2.0886
    2.0886
    2.0910
    2.0838
    2.0454
    1.9961
    1.9799
    1.9735
    1.9634
    1.9368
    1.9368
    1.9526
    1.9584
    1.9648
    1.9581
    1.9986
    2.0122
    2.0120
    2.0058
    2.0071
    2.0071
    2.0157
    2.0374
    2.0375
    2.0532
    2.0543
    2.0490
    2.0345
    2.0269
    2.0269
    2.0369
    2.0517
    2.0633
    2.0926
    2.0982
    2.1240
    2.1430
    2.1498
    2.1498
    2.1921
    2.1763
    2.1990
    2.2176
    2.2504
    2.2803
    2.3503
    2.3429
    2.3429
    2.3828
    2.4161
    2.4521
    2.4943
    2.4831
    2.4707
    2.4521
    2.4832
    2.4832
    2.4894
    2.4866
    2.5304
    2.5898
    2.6330
    2.6295
    2.7090
    2.7359
    2.7359
    2.8224
    2.8622
    2.8991
    2.9284
    2.9260
    3.0210
    3.0436
    3.0741
    3.0764
    3.0764
    3.0491
    3.1327
    3.0254
    3.0356
    3.0629
    3.0669
    3.0951
    3.2369
    3.2369
    3.1721
    3.2137
    3.2360
    3.2475
    3.2533
    3.2832
    3.2189
    3.3652
    3.3652
    3.3323
    3.4022
    3.3636
    3.3585
    3.3076
    3.1935
