    5.1078
    5.0756
    3.9645
    5.3411
    7.5491
    1.8325
    9.8320
    2.8616
    6.8171
    4.9996
    2.9836
    1.8174
    1.6629
    1.7778
    2.3289
    2.2980
    2.3037
    2.3163
    2.1884
    1.8252
    1.6994
    1.7707
    1.7833
    1.7292
    2.0031
    2.1401
    2.2679
    2.2601
    2.3123
    2.7300
    3.0629
    2.6956
    2.2389
    2.2952
    2.0300
    2.1888
    2.4241
    2.4602
    2.2761
    2.3574
    2.4817
    2.3640
    2.2116
    2.4486
    2.4077
    2.4516
    2.2041
    1.8890
    1.7815
    1.7963
    1.7308
    1.6327
    1.6670
    1.5124
    1.5498
    1.4822
    1.3665
    1.3776
    1.4592
    1.5605
    1.6233
    1.6313
    1.6632
    1.8735
    1.9204
    2.1553
    2.1175
    2.4183
    2.2745
    2.2346
    2.3770
    2.4562
    2.5474
    2.3136
    2.3928
    2.4965
    2.4054
    2.5714
    2.6326
    2.6814
    2.7829
    2.4634
    2.5922
    2.5520
    2.5749
    2.5585
    2.7620
    2.8706
    2.9944
    3.1008
    3.1392
    3.1150
    3.0111
    2.9756
    2.8626
    2.5535
    2.4889
    2.4089
    2.4418
    2.4345
    2.5135
    2.4400
    2.4675
    2.6556
    2.5040
    2.4238
    2.4329
    2.4648
    2.5053
    2.4408
    2.5229
    2.4904
    2.3985
    2.2507
    2.2030
    2.3228
    2.4770
    2.5986
    2.5646
    2.5401
    2.6030
    2.6462
    2.6750
    2.6267
    2.3996
    2.3111
    2.2723
    2.3320
    2.3196
    2.3808
    2.3887
    2.2951
    2.2591
    2.3013
    2.4086
    2.4900
    2.4615
    2.4664
    2.5237
    2.4332
    2.5042
    2.5339
    2.6303
    2.6574
    2.6961
    2.5341
    2.2550
    2.1849
    2.2413
    2.2688
    2.2987
    2.1465
    2.1283
    2.1707
    2.2149
    2.0922
    2.0727
    2.0955
    2.0296
    2.0420
    2.0501
    2.1738
    2.1591
    2.0977
    2.0103
    2.0045
    1.9675
    2.0526
    2.0288
    1.9098
    1.9397
    1.9432
    1.9129
    1.9485
    1.9643
    1.9871
    1.9544
    1.9138
    1.9146
    1.8671
    1.8468
    1.7984
    1.8535
    1.8830
    1.9363
    2.0442
    2.0507
    1.9464
    2.0007
    1.9790
    2.0583
    2.0654
    2.0564
    2.0275
    1.9867
    2.1025
    2.1583
    2.1957
    2.2104
    2.4142
    2.4622
    2.5087
    2.5414
    2.5233
    2.6041
    2.6197
    2.6404
    2.7364
    2.6739
    2.8370
    2.8548
    2.7922
    2.9285
    3.0681
    3.0478
    3.0393
    3.1121
    3.2510
    3.1069
    3.1058
    3.2182
    3.1927
    3.2608
    3.2713
    3.2231
    3.3105
    3.4043
    3.4055
    3.3895
    3.2911
    3.3199
    3.1541
    3.0766
    3.0639
    3.0143
    3.1191
    2.9520
    2.9175
    2.8358
    2.7590
    2.6840
    2.6321
    2.5598
    2.5527
    2.4396
    2.4501
    2.3972
    2.3329
    2.2863
    2.2487
    2.2456
    2.2106
    2.2080
    2.1657
    2.1041
    2.0755
    2.0496
    2.0182
    2.0268
    2.0011
    2.0155
    2.0243
    2.0138
    1.9504
    1.9565
    1.9582
    1.9747
    1.9497
    1.8901
    1.8860
    1.8418
    1.8107
    1.7893
    1.7556
    1.7375
    1.7529
    1.7235
    1.7244
    1.7236
    1.7244
    1.6910
    1.6687
    1.6562
    1.6129
    1.6003
    1.6076
    1.5933
    1.5851
    1.5916
    1.6092
    1.5932
    1.6143
    1.6482
    1.6389
    1.6282
    1.6226
    1.5549
    1.5755
    1.6027
    1.5903
    1.5809
    1.6160
    1.6007
    1.6074
    1.6206
    1.6395
    1.6328
    1.6801
    1.6863
    1.6690
    1.6568
    1.6369
    1.6509
    1.6337
    1.6519
    1.6483
    1.6207
    1.5786
    1.5528
    1.5594
    1.5402
    1.5625
    1.5677
    1.5473
    1.5745
    1.5460
    1.5612
    1.5390
    1.5364
    1.5148
    1.5047
    1.4891
    1.5001
    1.4781
    1.4403
    1.4067
    1.4004
    1.3935
    1.3542
    1.3558
    1.3651
    1.3682
    1.3613
    1.3400
    1.3331
    1.3401
    1.3362
    1.3182
    1.2953
    1.2827
    1.2502
    1.2107
    1.1967
    1.1759
    1.1670
    1.1584
    1.1422
    1.1356
    1.1355
    1.1295
    1.0938
    1.0691
    1.0654
    1.0589
    1.0386
    1.0327
    1.0183
    1.0088
    0.9904
    0.9724
    0.9841
    0.9740
    0.9658
    0.9764
    0.9668
    0.9552
    0.9315
    0.9316
    0.9327
    0.9144
    0.9199
    0.9233
    0.9212
    0.9120
    0.9123
    0.9058
    0.9070
    0.9114
    0.9029
    0.8980
    0.9127
    0.9083
    0.9166
    0.9133
    0.9147
    0.9236
    0.9184
    0.9188
    0.9188
    0.9283
    0.9454
    0.9373
    0.9383
    0.9378
    0.9481
    0.9411
    0.9388
    0.9601
    0.9535
    0.9639
    0.9595
    0.9575
    0.9693
    0.9774
    0.9838
    0.9893
    1.0030
    1.0195
    1.0197
    1.0230
    1.0228
    1.0204
    1.0306
    1.0424
    1.0531
    1.0658
    1.0786
    1.0871
    1.0938
    1.1159
    1.1227
    1.1469
    1.1521
    1.1548
    1.1817
    1.1855
    1.1963
    1.2205
    1.2542
    1.2581
    1.2695
    1.2957
    1.3034
    1.3230
    1.3123
    1.3418
    1.3534
    1.3604
    1.3901
    1.4096
    1.4184
    1.4222
    1.4190
    1.4219
    1.4518
    1.4797
    1.4920
    1.4746
    1.4758
    1.4852
    1.4955
    1.5227
    1.5274
    1.5363
    1.5549
    1.5725
    1.5733
    1.5747
    1.5885
    1.6005
    1.6218
    1.6179
    1.6495
    1.6996
    1.7281
    1.7248
    1.7382
    1.7303
    1.7556
    1.7662
    1.7597
    1.7722
    1.7738
    1.7904
    1.8328
    1.8194
    1.8547
    1.8656
    1.8652
    1.8668
    1.8836
    1.8958
    1.8937
    1.9186
    1.9225
    1.9460
    1.9613
    1.9633
    1.9898
    1.9989
    1.9861
    2.0018
    2.0253
    2.0217
    2.0294
    2.0380
    2.0700
    2.0749
    2.1031
    2.1175
    2.1236
    2.1288
    2.1225
    2.1365
    2.1511
    2.1703
    2.1587
    2.1781
    2.1723
    2.1666
    2.1596
    2.1684
    2.1693
    2.1708
    2.1596
    2.1619
    2.1657
    2.1692
    2.1803
    2.1946
    2.2378
    2.2251
    2.2384
    2.2484
    2.2742
    2.2774
    2.3018
    2.3242
    2.3202
    2.3191
    2.3322
    2.3129
    2.3303
    2.3100
    2.3136
    2.3235
    2.3528
    2.3287
    2.3292
    2.3296
    2.3238
    2.3284
    2.3242
    2.3180
    2.3279
    2.3058
    2.2845
    2.3005
    2.2922
    2.2859
    2.3171
    2.3044
    2.3219
    2.3463
    2.3451
    2.3363
    2.3465
    2.3818
    2.3761
    2.3887
    2.3903
    2.4143
    2.3808
    2.3827
    2.4002
    2.4110
    2.4303
    2.4288
    2.4074
    2.4400
    2.4163
    2.4009
    2.4218
    2.4435
    2.4150
    2.4029
    2.3992
    2.4025
    2.4016
    2.4030
    2.3900
    2.3970
    2.3784
    2.3947
    2.3547
    2.3615
    2.3200
    2.3247
    2.2910
    2.2812
    2.2800
    2.2819
    2.2696
    2.2482
    2.2177
    2.2109
    2.1918
    2.1895
    2.2055
    2.2141
    2.1450
    2.1187
    2.0677
    2.0580
    2.0438
    2.0600
    2.0511
    2.0753
    2.0645
    2.0620
    2.0569
    2.0490
    2.0548
    2.0658
    2.0506
    2.0479
    2.0646
    2.0667
    2.0572
    2.0383
    2.0477
    2.0301
    2.0276
    1.9978
    2.0048
    1.9945
    1.9797
    1.9816
    1.9708
    1.9582
    1.9336
    1.9398
    1.9275
    1.9111
    1.9112
    1.9195
    1.9075
    1.8915
    1.8668
    1.8557
    1.8571
    1.8643
    1.8710
    1.8558
    1.8506
    1.8648
    1.8485
    1.8387
    1.8414
    1.8236
    1.8392
    1.8442
    1.8576
    1.8603
    1.8671
    1.8620
    1.8555
    1.8470
    1.8337
    1.8470
    1.8667
    1.8697
    1.8699
    1.8663
    1.8706
    1.8683
    1.8739
    1.8770
    1.8798
    1.8904
    1.8914
    1.8813
    1.8932
    1.8715
    1.8804
    1.8953
    1.9041
    1.9068
    1.9043
    1.9303
    1.9566
    1.9718
    1.9711
    1.9682
    2.0038
    2.0166
    2.0186
    2.0033
    1.9957
    1.9941
    1.9879
    2.0186
    2.0243
    2.0065
    2.0044
    1.9932
    1.9958
    1.9998
    1.9999
    1.9893
    1.9925
    1.9961
    2.0141
    2.0034
    1.9970
    1.9761
    1.9821
    1.9640
    1.9782
    1.9813
    1.9792
    1.9905
    2.0023
    1.9993
    2.0228
    2.0271
    2.0294
    2.0283
    2.0430
    2.0418
    2.0226
    2.0141
    2.0184
    2.0157
    2.0090
    1.9856
    1.9997
    1.9872
    1.9843
    1.9765
    1.9683
    1.9593
    1.9420
    1.9256
    1.9320
    1.9375
    1.9300
    1.9286
    1.9307
    1.9215
    1.9266
    1.9216
    1.9207
    1.9025
    1.9109
    1.9169
    1.9091
    1.9131
    1.8974
    1.8995
    1.8898
    1.8954
    1.8841
    1.8889
    1.8954
    1.8954
    1.8910
    1.8866
    1.8957
    1.8850
    1.9080
    1.9145
    1.9292
    1.9242
    1.9264
    1.9168
    1.9267
    1.9101
    1.9242
    1.9142
    1.8978
    1.9032
    1.8978
    1.8906
    1.8849
    1.8709
    1.8657
    1.8709
    1.8743
    1.8575
    1.8504
    1.8488
    1.8393
    1.8432
    1.8425
    1.8425
    1.8361
    1.8377
    1.8551
    1.8499
    1.8516
    1.8422
    1.8526
    1.8430
    1.8325
    1.8341
    1.8366
    1.8403
    1.8312
    1.8338
    1.8435
    1.8405
    1.8341
    1.8243
    1.8239
    1.8190
    1.8273
    1.8410
    1.8411
    1.8414
    1.8393
    1.8331
    1.8385
    1.8380
    1.8386
    1.8407
    1.8300
    1.8359
    1.8426
    1.8375
    1.8494
    1.8437
    1.8367
    1.8365
    1.8366
    1.8282
    1.8254
    1.8195
    1.8201
    1.8258
    1.8267
    1.8290
    1.8302
    1.8301
    1.8183
    1.8068
    1.7948
    1.7896
    1.7920
    1.7865
    1.7844
    1.7754
    1.7755
    1.7687
    1.7667
    1.7644
    1.7537
    1.7458
    1.7452
    1.7354
    1.7451
    1.7450
    1.7369
    1.7284
    1.7188
    1.7085
    1.7055
    1.7028
    1.6746
    1.6489
    1.6488
    1.6336
    1.6295
    1.6325
    1.6151
    1.5856
    1.5666
    1.5621
    1.5749
    1.5750
    1.5757
    1.5754
    1.5774
    1.5412
    1.5218
    1.5240
    1.5363
    1.5374
    1.5439
    1.5438
    1.5369
    1.5267
    1.5131
    1.5135
    1.5115
    1.5049
    1.4960
    1.4709
    1.4707
    1.4657
    1.4680
    1.4758
    1.4649
    1.4776
    1.4527
    1.4491
    1.4296
    1.4297
    1.4257
    1.4194
    1.3966
    1.3865
    1.3409
    1.3326
    1.3290
    1.3161
    1.3161
    1.3087
    1.2990
    1.2913
    1.3000
    1.3042
    1.3006
    1.3016
    1.2933
    1.2933
    1.2978
    1.3081
    1.2973
    1.3199
    1.3206
    1.3244
    1.3236
    1.3282
    1.3282
    1.3474
    1.3488
    1.3644
    1.3570
    1.3381
    1.3476
    1.3400
    1.3469
    1.3494
    1.3494
    1.3406
    1.3500
    1.3438
    1.3466
    1.3565
    1.3585
    1.3465
    1.3370
    1.3370
    1.3358
    1.3608
    1.3645
    1.3527
    1.3695
    1.3760
    1.3948
    1.3997
    1.3997
    1.3924
    1.3967
    1.3913
    1.3971
    1.3914
    1.3957
    1.4159
    1.4030
    1.4030
    1.3926
    1.3580
    1.3725
    1.3693
    1.3712
    1.3485
    1.3388
    1.3404
    1.3404
    1.3150
    1.3309
    1.3658
    1.3482
    1.3471
    1.3570
    1.3427
    1.3369
    1.3369
    1.3628
    1.3593
    1.3194
    1.2895
    1.3194
    1.3135
    1.3170
    1.3525
    1.3700
    1.3700
    1.3656
    1.3534
    1.3691
    1.4042
    1.3855
    1.3304
    1.3370
    1.3102
    1.3102
    1.3025
    1.3413
    1.3262
    1.3519
    1.4392
    1.4489
    1.4075
    1.4144
    1.4144
    1.3920
    1.4440
    1.4235
    1.4147
    1.4154
    1.4438
