    2.1003
    2.2525
    3.6599
    1.0317
    0.7716
    2.1780
    0.3631
    0.2487
    1.7318
    1.6336
    1.4736
    1.4853
    1.1347
    0.6619
    1.4363
    2.7720
    4.5987
    6.3367
    4.8882
    4.0257
    4.0588
    3.5470
    3.5111
    4.0048
    3.4267
    3.4660
    2.9876
    2.5489
    1.6781
    1.2895
    1.1948
    1.1612
    1.0326
    0.9312
    0.9090
    1.1213
    1.0369
    0.9486
    0.8751
    0.7993
    1.0767
    0.8598
    0.9323
    0.9966
    0.9233
    1.1505
    1.2712
    1.5343
    1.4958
    1.5405
    1.4917
    1.4699
    1.6561
    1.6478
    1.6699
    1.6895
    1.7445
    1.7078
    1.6164
    1.5300
    1.6203
    1.6043
    1.5813
    1.7202
    1.7921
    1.8399
    1.7734
    1.7950
    1.8516
    1.7590
    1.6201
    1.4499
    1.3965
    1.4367
    1.5316
    1.5840
    1.5527
    1.7343
    1.9407
    1.8860
    1.8525
    1.8191
    1.7938
    1.8443
    1.9341
    2.0155
    2.0064
    1.9746
    2.1747
    2.2040
    2.4413
    2.3048
    2.3361
    2.3321
    2.4069
    2.4435
    2.3271
    1.9219
    1.8136
    1.9116
    1.8427
    1.7017
    1.5904
    1.5881
    1.5481
    1.4770
    1.5486
    1.4001
    1.3894
    1.4223
    1.4740
    1.5101
    1.5254
    1.5326
    1.5208
    1.5512
    1.5391
    1.5136
    1.4065
    1.3828
    1.3751
    1.3603
    1.4743
    1.5414
    1.5908
    1.4662
    1.4669
    1.5478
    1.5661
    1.6269
    1.6594
    1.7838
    1.7896
    1.6679
    1.6122
    1.7168
    1.7514
    1.7847
    1.8460
    1.8270
    1.7377
    1.7182
    1.6749
    1.6446
    1.7020
    1.6888
    1.8116
    1.7839
    1.9018
    2.0527
    2.0353
    2.0614
    2.1490
    2.1503
    2.0397
    2.1916
    2.4302
    2.5665
    2.7223
    2.8851
    2.9445
    2.9408
    3.0210
    3.2746
    3.2434
    3.2418
    3.2486
    3.3888
    3.4300
    3.6539
    3.6757
    3.5859
    3.4956
    3.5212
    3.5920
    3.4106
    3.5262
    3.4232
    3.2673
    3.3016
    3.2613
    3.2273
    3.1846
    3.1043
    3.1123
    3.1275
    3.1474
    3.1243
    3.0412
    3.0253
    3.0304
    2.9793
    2.9846
    3.0313
    3.0305
    3.0098
    2.9451
    2.7876
    2.6813
    2.6564
    2.6035
    2.6000
    2.5996
    2.5447
    2.5147
    2.4596
    2.4026
    2.4525
    2.3423
    2.3216
    2.3082
    2.2900
    2.2897
    2.2023
    2.1264
    2.0722
    2.0130
    1.9704
    1.9018
    1.8477
    1.7380
    1.6952
    1.6626
    1.6639
    1.6878
    1.6372
    1.6414
    1.6734
    1.6933
    1.7051
    1.7261
    1.7289
    1.7226
    1.7019
    1.6683
    1.6409
    1.6253
    1.6119
    1.5927
    1.5839
    1.5683
    1.5948
    1.6199
    1.5986
    1.5905
    1.5900
    1.5831
    1.6025
    1.5868
    1.6250
    1.6522
    1.6602
    1.6680
    1.7074
    1.7017
    1.7357
    1.7285
    1.7348
    1.7366
    1.7492
    1.7592
    1.7560
    1.8007
    1.7977
    1.8002
    1.8019
    1.7852
    1.7707
    1.7697
    1.8216
    1.8573
    1.8666
    1.8853
    1.8813
    1.8746
    1.8871
    1.9437
    1.9454
    1.9902
    2.0873
    2.0989
    2.1371
    2.1144
    2.1379
    2.1270
    2.1188
    2.0753
    2.0407
    2.0260
    2.0231
    2.0271
    2.0289
    2.0202
    2.0002
    2.0172
    2.0623
    2.0795
    2.1132
    2.1117
    2.1740
    2.2191
    2.2690
    2.2933
    2.3154
    2.2781
    2.2078
    2.2329
    2.2630
    2.2601
    2.2456
    2.1583
    2.1421
    2.1205
    2.1674
    2.1320
    2.1203
    2.0947
    2.0927
    2.0606
    1.9927
    2.0180
    2.0074
    1.9666
    1.9179
    1.8852
    1.8770
    1.8261
    1.8054
    1.7692
    1.7305
    1.7042
    1.6736
    1.6610
    1.6775
    1.6561
    1.6236
    1.6111
    1.5866
    1.5871
    1.5848
    1.5387
    1.5509
    1.5736
    1.5860
    1.5758
    1.6001
    1.6033
    1.5994
    1.6028
    1.6557
    1.6055
    1.5847
    1.5582
    1.5222
    1.5191
    1.5194
    1.5158
    1.5218
    1.5283
    1.5010
    1.4935
    1.5177
    1.5098
    1.4955
    1.4825
    1.4802
    1.4664
    1.4663
    1.4532
    1.4523
    1.4451
    1.4190
    1.4098
    1.4219
    1.4669
    1.4814
    1.4859
    1.4699
    1.4885
    1.4820
    1.4648
    1.4549
    1.4588
    1.4727
    1.4623
    1.4749
    1.4635
    1.4437
    1.4489
    1.4286
    1.4310
    1.4614
    1.4615
    1.4467
    1.4396
    1.4169
    1.4052
    1.3834
    1.3894
    1.3889
    1.3768
    1.3555
    1.3669
    1.3673
    1.3711
    1.3747
    1.3590
    1.3746
    1.3952
    1.4020
    1.4121
    1.4070
    1.4273
    1.4428
    1.4644
    1.4870
    1.4966
    1.4895
    1.4877
    1.4710
    1.4509
    1.4457
    1.4613
    1.4741
    1.5052
    1.5080
    1.5009
    1.5108
    1.5278
    1.5138
    1.5197
    1.5329
    1.5456
    1.5724
    1.6071
    1.5913
    1.6309
    1.6632
    1.6718
    1.6923
    1.7254
    1.7493
    1.7722
    1.7884
    1.7784
    1.8090
    1.8089
    1.8251
    1.8551
    1.8641
    1.8665
    1.8380
    1.8600
    1.8421
    1.8800
    1.8460
    1.8597
    1.8698
    1.8787
    1.8813
    1.8851
    1.8730
    1.8882
    1.8942
    1.8670
    1.8703
    1.8722
    1.8605
    1.8625
    1.8670
    1.8250
    1.8240
    1.8085
    1.7832
    1.7958
    1.8045
    1.7960
    1.7857
    1.7997
    1.8042
    1.8174
    1.8187
    1.7969
    1.7992
    1.8056
    1.8017
    1.7829
    1.7711
    1.7743
    1.7383
    1.7510
    1.7456
    1.7428
    1.7398
    1.7337
    1.7235
    1.7214
    1.7179
    1.7215
    1.7414
    1.7485
    1.7351
    1.7335
    1.7480
    1.7349
    1.7178
    1.7058
    1.6808
    1.6791
    1.6597
    1.6476
    1.6615
    1.6650
    1.6522
    1.6480
    1.6327
    1.6161
    1.6041
    1.6168
    1.6098
    1.6075
    1.5855
    1.5584
    1.5533
    1.5527
    1.5530
    1.5575
    1.5577
    1.5654
    1.5560
    1.5444
    1.5412
    1.5224
    1.5169
    1.5124
    1.4956
    1.4808
    1.4657
    1.4624
    1.4676
    1.4682
    1.4816
    1.4671
    1.4633
    1.4690
    1.4658
    1.4396
    1.4189
    1.4139
    1.4115
    1.3777
    1.3618
    1.3696
    1.3509
    1.3405
    1.3257
    1.3230
    1.3056
    1.2949
    1.2872
    1.2982
    1.2720
    1.2678
    1.2581
    1.2334
    1.2301
    1.2236
    1.1944
    1.1975
    1.1996
    1.1914
    1.1956
    1.1978
    1.1997
    1.2038
    1.2055
    1.2177
    1.2047
    1.1990
    1.1980
    1.1862
    1.1974
    1.1905
    1.1814
    1.1960
    1.1976
    1.2037
    1.1909
    1.1998
    1.2106
    1.2109
    1.2025
    1.2260
    1.2102
    1.2191
    1.2251
    1.2495
    1.2557
    1.2592
    1.2558
    1.2638
    1.2605
    1.2564
    1.2631
    1.2645
    1.2645
    1.2640
    1.2663
    1.2841
    1.2786
    1.2832
    1.2830
    1.2879
    1.2935
    1.2923
    1.2854
    1.2889
    1.2987
    1.2870
    1.3036
    1.3180
    1.3224
    1.3175
    1.3181
    1.3371
    1.3413
    1.3505
    1.3414
    1.3432
    1.3330
    1.3374
    1.3414
    1.3406
    1.3417
    1.3443
    1.3515
    1.3679
    1.3602
    1.3698
    1.3997
    1.4010
    1.4047
    1.4018
    1.4076
    1.4038
    1.4047
    1.4061
    1.4183
    1.4151
    1.4176
    1.4340
    1.4407
    1.4348
    1.4476
    1.4410
    1.4488
    1.4582
    1.4678
    1.4847
    1.4961
    1.4921
    1.5089
    1.5161
    1.5334
    1.5377
    1.5335
    1.5553
    1.5675
    1.5768
    1.5814
    1.5809
    1.5899
    1.5939
    1.6022
    1.6037
    1.6234
    1.6284
    1.6232
    1.6197
    1.6129
    1.6111
    1.6163
    1.6111
    1.6210
    1.6210
    1.6129
    1.6112
    1.6156
    1.6199
    1.6365
    1.6357
    1.6473
    1.6569
    1.6734
    1.6740
    1.6618
    1.6605
    1.6796
    1.6798
    1.6937
    1.7074
    1.7149
    1.7417
    1.7591
    1.7822
    1.7968
    1.7932
    1.8230
    1.8288
    1.8393
    1.8410
    1.8506
    1.8588
    1.8609
    1.8672
    1.9027
    1.9160
    1.9239
    1.9318
    1.9359
    1.9347
    1.9419
    1.9437
    1.9411
    1.9426
    1.9295
    1.9414
    1.9602
    1.9625
    1.9667
    1.9837
    1.9718
    1.9773
    1.9750
    1.9912
    1.9975
    1.9838
    1.9766
    1.9806
    1.9861
    2.0042
    2.0057
    2.0107
    2.0101
    2.0114
    2.0236
    2.0177
    2.0196
    2.0202
    2.0360
    2.0343
    2.0418
    2.0407
    2.0486
    2.0370
    2.0400
    2.0356
    2.0307
    2.0383
    2.0319
    2.0295
    2.0366
    2.0349
    2.0260
    2.0253
    2.0148
    2.0093
    2.0306
    2.0277
    2.0249
    2.0332
    2.0397
    2.0522
    2.0594
    2.0715
    2.0967
    2.1034
    2.1202
    2.1247
    2.1179
    2.1109
    2.1048
    2.0938
    2.0946
    2.0997
    2.1027
    2.0986
    2.1091
    2.1038
    2.1074
    2.1223
    2.1296
    2.1508
    2.1618
    2.1679
    2.1710
    2.1773
    2.1754
    2.1812
    2.1870
    2.1902
    2.1892
    2.1949
    2.2082
    2.2156
    2.1992
    2.1981
    2.2001
    2.1947
    2.2009
    2.2033
    2.2147
    2.2200
    2.2307
    2.2436
    2.2408
    2.2319
    2.2346
    2.2424
    2.2304
    2.2337
    2.2536
    2.2459
    2.2436
    2.2429
    2.2520
    2.2423
    2.2429
    2.2508
    2.2443
    2.2309
    2.2448
    2.2414
    2.2263
    2.2263
    2.2185
    2.2113
    2.2060
    2.2084
    2.2006
    2.1927
    2.1931
    2.1965
    2.1970
    2.1937
    2.2003
    2.2068
    2.2064
    2.1982
    2.2031
    2.1955
    2.2027
    2.2021
    2.2214
    2.2272
    2.2346
    2.2420
    2.2365
    2.2309
    2.2319
    2.2327
    2.2322
    2.2298
    2.2335
    2.2501
    2.2462
    2.2459
    2.2569
    2.2429
    2.2557
    2.2555
    2.2503
    2.2442
    2.2390
    2.2353
    2.2340
    2.2413
    2.2482
    2.2328
    2.2325
    2.2299
    2.2231
    2.2148
    2.2124
    2.2042
    2.1916
    2.1762
    2.1608
    2.1428
    2.1426
    2.1391
    2.1246
    2.1172
    2.1151
    2.1254
    2.1269
    2.1363
    2.1345
    2.1340
    2.1378
    2.1284
    2.1199
    2.1012
    2.1149
    2.1129
    2.1195
    2.1256
    2.1253
    2.1231
    2.0933
    2.1075
    2.1145
    2.1138
    2.1273
    2.1098
    2.1015
    2.1015
    2.1056
    2.1131
    2.1075
    2.0849
    2.1167
    2.1032
    2.1098
    2.0931
    2.0931
    2.0841
    2.0839
    2.1021
    2.1287
    2.1138
    2.0994
    2.0735
    2.0583
    2.0583
    2.0471
    2.0472
    2.0445
    2.0465
    2.0293
    2.0222
    2.0176
    2.0080
    1.9598
    1.9598
    1.9473
    1.9533
    1.9258
    1.9241
    1.9045
    1.9043
    1.8924
    1.8915
    1.8915
    1.9188
    1.8954
    1.8870
    1.8891
    1.8937
    1.8977
    1.8973
    1.9143
    1.9143
    1.9440
    1.9851
    1.9759
    1.9901
    1.9280
    1.9437
    1.9535
    1.9415
    1.9415
    1.9378
    1.8990
    1.8837
    1.8531
    1.8537
    1.8048
    1.7928
    1.7656
    1.7656
    1.7828
    1.8039
    1.7986
    1.8220
    1.8118
    1.8166
    1.8014
    1.8368
    1.8368
    1.8438
    1.7978
    1.7551
    1.7782
    1.7539
    1.7075
    1.6753
    1.6536
    1.6135
    1.6135
    1.5882
    1.5636
    1.5821
    1.5491
    1.5495
    1.5374
    1.5156
    1.4579
    1.4579
    1.4406
    1.4594
    1.4630
    1.4294
    1.4352
    1.4261
    1.4267
    1.4002
    1.4002
    1.4314
    1.4396
    1.4400
    1.4526
    1.4519
    1.4222
