    1.2532
    1.0975
    0.7311
    1.4521
    1.8887
    1.7313
    2.6047
    1.4424
    1.4176
    1.4384
    1.4266
    1.6801
    2.0026
    1.7212
    1.8062
    1.7439
    2.3880
    2.0108
    1.8321
    1.6677
    1.4890
    1.2568
    1.3375
    1.2045
    1.2779
    1.0453
    1.1365
    1.0967
    1.1610
    1.1999
    1.1407
    0.9571
    1.3162
    1.5114
    1.5546
    1.2724
    1.1735
    1.3111
    1.2429
    1.2172
    0.8856
    0.9033
    0.8773
    0.7206
    0.7002
    0.7864
    1.0172
    0.8944
    0.9006
    0.9312
    0.9416
    1.0522
    1.2241
    1.2200
    1.2253
    1.2882
    1.3422
    1.4048
    1.3524
    1.4325
    1.5198
    1.5123
    1.5841
    1.7437
    1.6814
    1.5693
    1.3923
    1.5064
    1.5409
    1.5488
    1.5465
    1.4858
    1.6023
    1.5925
    1.5431
    1.5224
    1.4880
    1.5048
    1.3772
    1.3577
    1.3851
    1.3464
    1.3725
    1.4264
    1.4662
    1.3159
    1.2975
    1.2310
    1.2186
    1.2087
    1.1312
    1.3020
    1.3896
    1.5150
    1.5144
    1.6374
    1.6524
    1.5737
    1.8130
    1.7083
    1.7109
    1.6166
    1.5668
    1.6677
    1.6198
    1.6603
    1.6422
    1.7160
    1.6565
    1.6347
    1.7009
    1.7297
    1.7293
    1.7508
    1.8184
    1.7866
    1.7346
    1.6974
    1.6577
    1.6554
    1.6681
    1.6780
    1.7142
    1.7434
    1.6698
    1.7399
    1.7008
    1.8355
    1.9060
    1.9410
    1.8530
    1.8860
    1.8629
    1.8654
    1.9104
    1.9357
    2.0000
    1.9703
    2.0243
    2.0329
    1.9978
    1.8046
    1.8383
    1.8722
    1.8766
    1.9981
    1.8863
    1.9335
    1.9021
    1.9815
    2.0207
    2.0579
    2.1899
    2.3181
    2.4619
    2.6812
    2.7428
    2.8388
    2.7934
    2.7475
    2.7545
    2.7269
    2.7306
    2.8659
    2.9795
    2.9312
    2.8838
    2.9109
    2.9372
    2.9816
    3.0301
    3.0354
    3.0835
    3.1032
    3.0379
    3.1022
    3.1076
    3.0819
    3.1498
    3.1566
    3.1345
    3.2241
    3.1033
    3.0243
    3.1120
    3.1496
    3.0935
    3.0344
    2.9548
    2.9297
    2.8917
    2.8070
    2.7738
    2.7363
    2.6284
    2.6209
    2.5600
    2.5487
    2.5339
    2.5016
    2.5400
    2.5093
    2.4880
    2.4126
    2.3796
    2.3843
    2.3635
    2.3060
    2.3178
    2.3600
    2.3162
    2.2461
    2.2230
    2.1728
    2.1187
    2.1277
    2.0564
    2.0228
    2.0028
    2.0095
    1.9816
    1.9478
    1.9573
    1.9238
    1.8992
    1.8968
    1.8458
    1.8618
    1.7947
    1.7784
    1.7283
    1.7245
    1.6472
    1.6613
    1.6759
    1.6999
    1.6867
    1.6864
    1.6807
    1.7213
    1.7496
    1.7322
    1.7664
    1.7980
    1.8130
    1.7781
    1.7468
    1.7391
    1.7468
    1.7470
    1.7416
    1.8113
    1.8176
    1.9110
    1.9096
    1.9627
    1.9867
    2.0379
    2.1076
    2.1265
    2.1780
    2.1415
    2.1736
    2.1330
    2.1788
    2.1421
    2.1845
    2.1391
    2.1738
    2.2194
    2.2252
    2.2851
    2.3139
    2.3423
    2.3256
    2.2555
    2.2823
    2.2863
    2.2920
    2.3018
    2.3200
    2.4095
    2.4303
    2.4374
    2.4014
    2.3660
    2.3494
    2.3888
    2.3695
    2.3940
    2.4538
    2.5402
    2.5997
    2.6253
    2.5892
    2.5494
    2.4867
    2.4576
    2.5065
    2.5347
    2.5446
    2.5085
    2.4547
    2.3892
    2.3522
    2.3031
    2.2480
    2.2657
    2.2620
    2.2622
    2.2090
    2.2106
    2.2073
    2.1887
    2.1680
    2.1305
    2.0683
    2.0214
    1.9651
    1.9413
    1.9582
    1.9682
    1.9505
    1.9432
    1.8977
    1.8618
    1.8082
    1.7615
    1.7842
    1.7768
    1.7586
    1.7394
    1.7441
    1.7232
    1.7548
    1.7646
    1.7709
    1.7496
    1.7502
    1.7407
    1.7268
    1.7112
    1.6852
    1.6696
    1.6784
    1.6798
    1.7234
    1.6950
    1.6920
    1.6814
    1.6870
    1.6990
    1.6751
    1.6604
    1.6219
    1.6027
    1.5913
    1.5912
    1.6045
    1.6256
    1.6286
    1.6311
    1.6342
    1.6439
    1.6411
    1.6402
    1.6433
    1.6031
    1.5915
    1.5684
    1.5558
    1.5448
    1.5638
    1.5771
    1.5652
    1.5467
    1.5319
    1.5516
    1.5454
    1.5541
    1.5399
    1.5374
    1.5590
    1.5833
    1.5874
    1.5900
    1.6127
    1.6000
    1.5828
    1.5891
    1.6338
    1.6161
    1.5764
    1.5529
    1.5515
    1.5549
    1.5831
    1.5880
    1.5800
    1.6034
    1.5649
    1.5625
    1.5774
    1.5765
    1.5375
    1.5085
    1.5084
    1.5058
    1.5093
    1.5093
    1.5334
    1.5194
    1.5071
    1.5058
    1.4829
    1.4975
    1.4890
    1.5050
    1.4960
    1.4874
    1.4911
    1.4650
    1.4404
    1.3933
    1.3752
    1.3611
    1.3408
    1.3539
    1.3361
    1.3248
    1.3181
    1.3016
    1.2863
    1.2835
    1.2510
    1.2459
    1.2415
    1.2378
    1.2263
    1.2300
    1.2341
    1.2449
    1.2319
    1.2379
    1.2574
    1.2237
    1.2142
    1.2231
    1.2130
    1.2006
    1.2201
    1.2017
    1.1902
    1.1733
    1.1869
    1.1828
    1.1804
    1.1800
    1.1718
    1.1522
    1.1522
    1.1426
    1.1470
    1.1486
    1.1633
    1.1399
    1.1289
    1.1356
    1.1411
    1.1309
    1.1397
    1.1460
    1.1670
    1.1653
    1.1677
    1.1543
    1.1577
    1.1528
    1.1421
    1.1479
    1.1446
    1.1437
    1.1436
    1.1539
    1.1424
    1.1451
    1.1478
    1.1364
    1.1290
    1.1404
    1.1422
    1.1177
    1.1229
    1.1332
    1.1355
    1.1534
    1.1829
    1.1882
    1.1692
    1.1622
    1.1685
    1.1733
    1.1785
    1.1793
    1.1773
    1.1800
    1.1735
    1.1735
    1.1859
    1.2061
    1.2206
    1.2269
    1.2253
    1.2237
    1.2176
    1.2123
    1.2133
    1.2035
    1.2137
    1.2250
    1.2241
    1.2412
    1.2390
    1.2291
    1.2259
    1.2281
    1.2122
    1.2157
    1.2211
    1.2251
    1.2378
    1.2431
    1.2364
    1.2506
    1.2513
    1.2561
    1.2588
    1.2715
    1.2863
    1.2886
    1.2780
    1.2975
    1.3044
    1.3053
    1.3067
    1.3207
    1.3142
    1.3132
    1.3099
    1.3190
    1.3111
    1.3002
    1.3026
    1.2870
    1.2622
    1.2582
    1.2429
    1.2457
    1.2380
    1.2374
    1.2242
    1.2435
    1.2480
    1.2435
    1.2463
    1.2537
    1.2596
    1.2328
    1.2265
    1.2409
    1.2503
    1.2650
    1.2502
    1.2531
    1.2459
    1.2327
    1.2344
    1.2334
    1.2477
    1.2661
    1.2665
    1.2688
    1.2679
    1.2501
    1.2264
    1.2251
    1.2251
    1.2501
    1.2487
    1.2436
    1.2408
    1.2303
    1.2199
    1.2130
    1.2075
    1.2097
    1.2073
    1.2106
    1.2175
    1.2330
    1.2237
    1.2238
    1.2118
    1.2132
    1.2184
    1.2261
    1.2271
    1.2121
    1.2008
    1.1945
    1.1989
    1.1946
    1.1947
    1.1888
    1.1911
    1.1927
    1.1935
    1.1887
    1.1803
    1.1791
    1.1945
    1.2000
    1.1949
    1.1976
    1.1922
    1.1768
    1.1819
    1.1924
    1.2166
    1.2077
    1.2093
    1.2095
    1.2217
    1.2134
    1.2228
    1.2223
    1.2250
    1.2298
    1.2426
    1.2311
    1.2181
    1.2242
    1.2076
    1.1882
    1.1698
    1.1596
    1.1616
    1.1651
    1.1792
    1.1882
    1.1850
    1.1762
    1.1786
    1.1908
    1.1935
    1.1947
    1.1926
    1.1939
    1.1944
    1.1926
    1.1927
    1.1990
    1.2221
    1.2185
    1.2159
    1.2175
    1.2208
    1.2206
    1.2284
    1.2254
    1.2156
    1.2240
    1.2345
    1.2370
    1.2284
    1.2271
    1.2273
    1.2122
    1.2071
    1.1944
    1.2035
    1.2124
    1.2098
    1.2126
    1.2200
    1.2142
    1.2055
    1.2059
    1.2091
    1.2112
    1.2126
    1.2086
    1.1923
    1.1913
    1.1963
    1.1996
    1.1907
    1.1988
    1.2072
    1.2044
    1.2094
    1.2010
    1.2052
    1.2084
    1.2139
    1.2022
    1.1933
    1.1899
    1.1905
    1.1850
    1.1936
    1.1878
    1.1959
    1.1876
    1.1827
    1.1869
    1.1931
    1.1917
    1.1841
    1.1833
    1.1821
    1.1834
    1.1846
    1.1741
    1.1711
    1.1779
    1.1621
    1.1571
    1.1510
    1.1516
    1.1445
    1.1443
    1.1465
    1.1442
    1.1429
    1.1505
    1.1514
    1.1510
    1.1490
    1.1417
    1.1310
    1.1333
    1.1300
    1.1307
    1.1366
    1.1518
    1.1527
    1.1560
    1.1624
    1.1715
    1.1627
    1.1530
    1.1505
    1.1476
    1.1450
    1.1282
    1.1239
    1.1237
    1.1253
    1.1239
    1.1226
    1.1208
    1.1177
    1.1156
    1.1251
    1.1356
    1.1427
    1.1430
    1.1414
    1.1387
    1.1386
    1.1302
    1.1304
    1.1323
    1.1301
    1.1404
    1.1434
    1.1423
    1.1415
    1.1412
    1.1482
    1.1335
    1.1228
    1.1206
    1.1291
    1.1257
    1.1263
    1.1229
    1.1230
    1.1106
    1.1018
    1.0975
    1.0938
    1.0910
    1.0862
    1.0879
    1.0784
    1.0810
    1.0776
    1.0766
    1.0795
    1.0761
    1.0742
    1.0694
    1.0617
    1.0657
    1.0647
    1.0630
    1.0614
    1.0657
    1.0742
    1.0825
    1.0797
    1.0829
    1.0812
    1.0817
    1.0807
    1.0740
    1.0663
    1.0681
    1.0703
    1.0702
    1.0681
    1.0520
    1.0528
    1.0396
    1.0307
    1.0268
    1.0262
    1.0254
    1.0266
    1.0287
    1.0269
    1.0152
    1.0153
    0.9956
    1.0000
    0.9978
    0.9929
    0.9882
    0.9876
    0.9786
    0.9779
    0.9782
    0.9804
    0.9835
    0.9733
    0.9632
    0.9641
    0.9708
    0.9807
    0.9784
    0.9787
    0.9838
    0.9839
    0.9892
    0.9884
    0.9822
    0.9815
    0.9779
    0.9699
    0.9697
    0.9709
    0.9730
    0.9699
    0.9679
    0.9667
    0.9702
    0.9777
    0.9801
    0.9801
    0.9904
    0.9976
    0.9969
    0.9980
    1.0025
    1.0034
    1.0141
    1.0178
    1.0178
    1.0230
    1.0245
    1.0294
    1.0384
    1.0379
    1.0294
    1.0311
    1.0220
    1.0381
    1.0380
    1.0469
    1.0479
    1.0539
    1.0526
    1.0568
    1.0490
    1.0522
    1.0470
    1.0468
    1.0474
    1.0541
    1.0554
    1.0542
    1.0571
    1.0630
    1.0681
    1.0600
    1.0599
    1.0496
    1.0467
    1.0409
    1.0468
    1.0506
    1.0484
    1.0673
    1.0778
    1.0778
    1.0882
    1.0877
    1.0890
    1.0955
    1.1011
    1.1063
    1.1114
    1.1104
    1.1104
    1.1102
    1.1068
    1.1115
    1.1151
    1.1183
    1.1354
    1.1525
    1.1486
    1.1486
    1.1582
    1.1450
    1.1500
    1.1500
    1.1319
    1.1480
    1.1526
    1.1256
    1.0877
    1.0877
    1.0926
    1.1125
    1.1231
    1.1286
    1.1361
    1.1226
    1.1374
    1.1762
    1.1762
    1.1865
    1.1874
    1.1780
    1.1730
    1.1798
    1.1773
    1.1761
    1.1817
    1.1817
    1.1564
    1.1543
    1.1587
    1.1637
    1.1424
    1.1661
    1.1824
    1.1932
    1.1932
    1.2096
    1.2310
    1.2428
    1.2423
    1.2235
    1.2079
    1.2003
    1.1870
    1.1870
    1.2122
    1.2164
    1.2179
    1.2303
    1.2757
    1.2858
    1.2826
    1.2348
    1.2348
    1.2398
    1.2412
    1.2598
    1.2656
    1.2761
    1.2419
    1.2180
    1.2706
    1.2635
    1.2635
    1.2824
    1.2861
    1.2858
    1.2477
    1.2160
    1.2453
    1.2657
    1.2589
    1.2589
    1.2610
    1.2517
    1.2706
    1.2937
    1.2408
    1.2288
    1.2582
    1.2774
    1.2774
    1.2162
    1.1646
    1.1898
    1.1906
    1.2171
    1.2456
