    3.9732
    3.9452
    3.8575
    3.8195
    3.5688
    3.6551
    3.2294
    3.1044
    2.7945
    2.7160
    2.5072
    2.3316
    2.0729
    1.8549
    1.6449
    1.4349
    1.1401
    0.9451
    0.8851
    0.7568
    0.6756
    0.6425
    0.6828
    0.7801
    1.0129
    1.2287
    1.4491
    1.5458
    1.7744
    2.0049
    2.2519
    2.5065
    2.8117
    3.0452
    3.2743
    3.4667
    3.5142
    3.6448
    3.7327
    3.7880
    3.7778
    3.7552
    3.7242
    3.6337
    3.5405
    3.4335
    3.3214
    3.2205
    3.0262
    2.8341
    2.6602
    2.5939
    2.4696
    2.3289
    2.4502
    2.3167
    2.2626
    2.5394
    2.6128
    2.5612
    2.5923
    2.6410
    2.9592
    3.2089
    3.3701
    3.6502
    3.9115
    4.3835
    4.4415
    4.9693
    5.4610
    5.8617
    5.7620
    5.6518
    5.8402
    6.1401
    6.3937
    6.7492
    6.7076
    6.6258
    6.4942
    6.1591
    6.0587
    6.0416
    5.8120
    5.4757
    5.7551
    5.3457
    5.0475
    4.5726
    4.4289
    4.3485
    4.2940
    4.2757
    4.0553
    4.2382
    4.3151
    3.9024
    3.6564
    3.2736
    3.1527
    3.0336
    3.0281
    2.9129
    2.8014
    2.6248
    2.6319
    2.6061
    2.3749
    2.4094
    2.4015
    2.2994
    2.2460
    2.1845
    2.1183
    2.0144
    1.9574
    1.8620
    1.8332
    1.7952
    1.8217
    1.7306
    1.6509
    1.7215
    1.5956
    1.6141
    1.5834
    1.5359
    1.4197
    1.3289
    1.3519
    1.2925
    1.2948
    1.3087
    1.2909
    1.2618
    1.2404
    1.2787
    1.3019
    1.2564
    1.3207
    1.3286
    1.3981
    1.4338
    1.4752
    1.4714
    1.4487
    1.4541
    1.4404
    1.3963
    1.4165
    1.3879
    1.3593
    1.3430
    1.3256
    1.3107
    1.3350
    1.3811
    1.4115
    1.4827
    1.4529
    1.3995
    1.4020
    1.4450
    1.4686
    1.4516
    1.4883
    1.5172
    1.5269
    1.5770
    1.5768
    1.6414
    1.6136
    1.5675
    1.5731
    1.5604
    1.6023
    1.6064
    1.6210
    1.5734
    1.5854
    1.5950
    1.6477
    1.6812
    1.7088
    1.7105
    1.7335
    1.8471
    1.9273
    1.9077
    1.8913
    1.9424
    1.9592
    1.9973
    1.9959
    2.0309
    2.0848
    2.0506
    2.0834
    2.0685
    2.0299
    1.9937
    2.0014
    2.0316
    2.0606
    2.0513
    2.0038
    1.9528
    1.9797
    1.9780
    2.0196
    2.0310
    2.0544
    2.0601
    2.1137
    2.1220
    2.1303
    2.1523
    2.1857
    2.1400
    2.0985
    2.0634
    2.0141
    1.9569
    1.9055
    1.8824
    1.8754
    1.8394
    1.7876
    1.8027
    1.7715
    1.7543
    1.7282
    1.7452
    1.7207
    1.6800
    1.6496
    1.6273
    1.6250
    1.6097
    1.6180
    1.6196
    1.6188
    1.6284
    1.6685
    1.6672
    1.6858
    1.6805
    1.6484
    1.6851
    1.6913
    1.6883
    1.6908
    1.7172
    1.7227
    1.7427
    1.7233
    1.7294
    1.7345
    1.7573
    1.7669
    1.7956
    1.7894
    1.7741
    1.7129
    1.6992
    1.6673
    1.6526
    1.6510
    1.6091
    1.5789
    1.5584
    1.5348
    1.5274
    1.5196
    1.4914
    1.4968
    1.5162
    1.4949
    1.4864
    1.4934
    1.4954
    1.4940
    1.5304
    1.5407
    1.4937
    1.4935
    1.5403
    1.5326
    1.5155
    1.5052
    1.5129
    1.5360
    1.4212
    1.4225
    1.4120
    1.4173
    1.4092
    1.4246
    1.4172
    1.4191
    1.4262
    1.4275
    1.4264
    1.4096
    1.4121
    1.3849
    1.3614
    1.3566
    1.3556
    1.3657
    1.3897
    1.4084
    1.4220
    1.4023
    1.3765
    1.3630
    1.3728
    1.3806
    1.3933
    1.4022
    1.4087
    1.4244
    1.4278
    1.4343
    1.4094
    1.4174
    1.4262
    1.4388
    1.4637
    1.4783
    1.4920
    1.5262
    1.5662
    1.6157
    1.6395
    1.6324
    1.6272
    1.6585
    1.6713
    1.6805
    1.7044
    1.7230
    1.7385
    1.7261
    1.7467
    1.7943
    1.8068
    1.8190
    1.8420
    1.8324
    1.8444
    1.9053
    1.9269
    1.9493
    2.0122
    2.0113
    1.9970
    2.0031
    2.0420
    2.0849
    2.0907
    2.0958
    2.1216
    2.1294
    2.1704
    2.1806
    2.1577
    2.1663
    2.1880
    2.3723
    2.3598
    2.4071
    2.4159
    2.4220
    2.4014
    2.4357
    2.4507
    2.4840
    2.5223
    2.5467
    2.5427
    2.5527
    2.6141
    2.6062
    2.5746
    2.6019
    2.6318
    2.6376
    2.6434
    2.6278
    2.5987
    2.5868
    2.5816
    2.5718
    2.5603
    2.5594
    2.5606
    2.5639
    2.5317
    2.5307
    2.5155
    2.5195
    2.5113
    2.5335
    2.5707
    2.6014
    2.6484
    2.6770
    2.7210
    2.7123
    2.7236
    2.7331
    2.7306
    2.7250
    2.7206
    2.7418
    2.7430
    2.7356
    2.7227
    2.7145
    2.7394
    2.7517
    2.7458
    2.7651
    2.7848
    2.7674
    2.7520
    2.7998
    2.7431
    2.7822
    2.8015
    2.8352
    2.8098
    2.8316
    2.8590
    2.8444
    2.8821
    2.8928
    2.9226
    2.8937
    2.8919
    2.8617
    2.8394
    2.8057
    2.7954
    2.8084
    2.7845
    2.8020
    2.7978
    2.8127
    2.8184
    2.8210
    2.7938
    2.8150
    2.8350
    2.8230
    2.8019
    2.8187
    2.8578
    2.8945
    2.8641
    2.8520
    2.8618
    2.8375
    2.8550
    2.8607
    2.8559
    2.8437
    2.8420
    2.8625
    2.8760
    2.8932
    2.9416
    2.9161
    2.9015
    2.9045
    2.8948
    2.8884
    2.8579
    2.8628
    2.8132
    2.7925
    2.7477
    2.7364
    2.7253
    2.7477
    2.7149
    2.7246
    2.6944
    2.6783
    2.6867
    2.6956
    2.6715
    2.6391
    2.5921
    2.5608
    2.5412
    2.5270
    2.5349
    2.5566
    2.5885
    2.6114
    2.6231
    2.6361
    2.6181
    2.6606
    2.6642
    2.6851
    2.6781
    2.6803
    2.6764
    2.6630
    2.6725
    2.6899
    2.6795
    2.6795
    2.7101
    2.7311
    2.7302
    2.7187
    2.7273
    2.7755
    2.7981
    2.8170
    2.8444
    2.8559
    2.8510
    2.8628
    2.8678
    2.8668
    2.8518
    2.8189
    2.8181
    2.8257
    2.8292
    2.8060
    2.8128
    2.8493
    2.8144
    2.7588
    2.7406
    2.6961
    2.6760
    2.6529
    2.6580
    2.6779
    2.7005
    2.6884
    2.6814
    2.6915
    2.6826
    2.6722
    2.6496
    2.6625
    2.6545
    2.6485
    2.6675
    2.6893
    2.6933
    2.7098
    2.7105
    2.7044
    2.7449
    2.7609
    2.7675
    2.7937
    2.7938
    2.7837
    2.7547
    2.7649
    2.7770
    2.7459
    2.7352
    2.7489
    2.7430
    2.7346
    2.7233
    2.7150
    2.6908
    2.6464
    2.6294
    2.6265
    2.6116
    2.6126
    2.5853
    2.5707
    2.5651
    2.5442
    2.5479
    2.5496
    2.5546
    2.5571
    2.5416
    2.5133
    2.5011
    2.5039
    2.5011
    2.5261
    2.5247
    2.5218
    2.5135
    2.5222
    2.5327
    2.5573
    2.5721
    2.5831
    2.5799
    2.5703
    2.5945
    2.5941
    2.5924
    2.5846
    2.5987
    2.5918
    2.5673
    2.5629
    2.5634
    2.5850
    2.5873
    2.5847
    2.5932
    2.5953
    2.5922
    2.6240
    2.6573
    2.6785
    2.6771
    2.6613
    2.6565
    2.6252
    2.6005
    2.5918
    2.5886
    2.5809
    2.5627
    2.5602
    2.5364
    2.5280
    2.5233
    2.5146
    2.5159
    2.5062
    2.4766
    2.4700
    2.4664
    2.4528
    2.4472
    2.4695
    2.4640
    2.4536
    2.4406
    2.4199
    2.4049
    2.3903
    2.3829
    2.3603
    2.3609
    2.3236
    2.3049
    2.2930
    2.2816
    2.2709
    2.2667
    2.2817
    2.2676
    2.2549
    2.2561
    2.2468
    2.2174
    2.2076
    2.2055
    2.2054
    2.1909
    2.1770
    2.1737
    2.1577
    2.1629
    2.1580
    2.1375
    2.1336
    2.1529
    2.1391
    2.1270
    2.1318
    2.1522
    2.1633
    2.1673
    2.1649
    2.1619
    2.1576
    2.1589
    2.1557
    2.1382
    2.1176
    2.1080
    2.0881
    2.0784
    2.0651
    2.0528
    2.0505
    2.0453
    2.0216
    2.0030
    1.9822
    1.9680
    1.9547
    1.9493
    1.9378
    1.9171
    1.9008
    1.8848
    1.8781
    1.8638
    1.8634
    1.8637
    1.8595
    1.8629
    1.8629
    1.8634
    1.8578
    1.8653
    1.8663
    1.8579
    1.8552
    1.8684
    1.8741
    1.8879
    1.8947
    1.8831
    1.8864
    1.9080
    1.9262
    1.9319
    1.9442
    1.9419
    1.9366
    1.9364
    1.9387
    1.9368
    1.9299
    1.9394
    1.9454
    1.9561
    1.9630
    1.9542
    1.9500
    1.9514
    1.9673
    1.9738
    1.9787
    1.9949
    1.9897
    1.9895
    1.9772
    1.9818
    1.9773
    1.9858
    1.9849
    1.9856
    1.9889
    1.9831
    1.9746
    1.9718
    1.9750
    1.9776
    1.9872
    1.9769
    1.9771
    1.9758
    1.9691
    1.9712
    1.9631
    1.9587
    1.9647
    1.9802
    1.9891
    1.9931
    1.9874
    1.9907
    1.9851
    1.9857
    1.9855
    1.9976
    2.0091
    2.0119
    2.0105
    2.0010
    2.0030
    1.9998
    2.0070
    2.0036
    2.0008
    2.0033
    2.0133
    2.0178
    2.0224
    2.0270
    2.0253
    2.0289
    2.0413
    2.0439
    2.0478
    2.0535
    2.0530
    2.0517
    2.0522
    2.0536
    2.0575
    2.0600
    2.0689
    2.0660
    2.0644
    2.0685
    2.0742
    2.0773
    2.0772
    2.0565
    2.0529
    2.0570
    2.0634
    2.0649
    2.0629
    2.0613
    2.0678
    2.0725
    2.0798
    2.0896
    2.0837
    2.0944
    2.1096
    2.1051
    2.1035
    2.1021
    2.1026
    2.0940
    2.0906
    2.0749
    2.0779
    2.0851
    2.0823
    2.0819
    2.0896
    2.0903
    2.1084
    2.1200
    2.1276
    2.1257
    2.1303
    2.1433
    2.1523
    2.1669
    2.1680
    2.1719
    2.1568
    2.1630
    2.1737
    2.1792
    2.1828
    2.2146
    2.2342
    2.2348
    2.2290
    2.2152
    2.2024
    2.1889
    2.1845
    2.1804
    2.1798
    2.1698
    2.1705
    2.1639
    2.1715
    2.1874
    2.2021
    2.2071
    2.2185
    2.2475
    2.2628
    2.2637
    2.2799
    2.2985
    2.3134
    2.3247
    2.3388
    2.3675
    2.3921
    2.4227
    2.4538
    2.4546
    2.4793
    2.4983
    2.5192
    2.5427
    2.5533
    2.5699
    2.5866
    2.5841
    2.5855
    2.5945
    2.6008
    2.6041
    2.6212
    2.6361
    2.6429
    2.6433
    2.6440
    2.6452
    2.6678
    2.6815
    2.6919
    2.7048
    2.7239
    2.7021
    2.7420
    2.7197
    2.7197
    2.6930
    2.6757
    2.6918
    2.7152
    2.6986
    2.6898
    2.6859
    2.6813
    2.6813
    2.6934
    2.7310
    2.7707
    2.8057
    2.8265
    2.8613
    2.9050
    2.9071
    2.9071
    2.9071
    2.9143
    2.8957
    2.8954
    2.9295
    2.9396
    2.9592
    2.9475
    2.9517
    2.9517
    2.9411
    2.9300
    2.9035
    2.8913
    2.8779
    2.8803
    2.8733
    2.9101
    2.9101
    2.8769
    2.8595
    2.8987
    2.8767
    2.8717
    2.8742
    2.9045
    2.9037
    2.9037
    2.9123
    2.9391
    2.9600
    3.0399
    3.0763
    3.0939
    3.1500
    3.2866
    3.2866
    3.3520
    3.3986
    3.4445
    3.4299
    3.4338
    3.4143
    3.4484
    3.5080
    3.5080
    3.4901
    3.4746
    3.5288
    3.5883
    3.6543
    3.6118
    3.5961
    3.5704
    3.5704
    3.5703
    3.5553
    3.6149
    3.7074
    3.8359
    3.9196
    4.0306
    4.2569
    4.3464
    4.3464
    4.2762
    4.2005
    4.2580
    4.2753
    4.2450
    4.3491
    4.3478
    4.3176
    4.3176
    4.2502
    4.2632
    4.3467
    4.2951
    4.4127
    4.4305
    4.5311
    4.5880
    4.5880
    4.6175
    4.6200
    4.7740
    4.9902
    5.1853
    5.0954
