    0.6551
    0.6340
    0.6136
    0.6204
    0.6296
    0.4882
    0.3742
    0.9024
    0.7432
    0.7855
    0.6688
    0.5013
    0.6546
    0.6274
    0.9321
    0.6803
    1.0399
    1.1369
    1.0399
    1.1945
    1.4523
    1.2700
    1.1824
    1.3706
    1.3445
    1.3564
    1.1123
    1.1146
    1.1039
    1.0017
    0.8743
    0.8581
    0.7041
    0.7229
    0.7563
    0.7141
    0.7134
    0.7056
    0.7335
    0.7328
    0.7518
    0.8001
    0.8028
    0.7573
    0.7685
    0.7765
    0.7858
    0.8240
    0.8387
    0.8744
    0.9089
    0.9377
    0.9121
    0.9228
    0.9994
    1.0727
    1.1781
    1.2569
    1.3604
    1.4055
    1.5228
    1.8081
    2.1271
    2.1634
    2.1631
    2.1129
    2.3190
    2.5672
    2.4769
    2.3577
    2.2433
    2.1073
    2.0158
    1.8994
    1.7732
    1.8116
    1.7601
    1.6430
    1.4824
    1.4840
    1.4131
    1.4224
    1.4036
    1.3709
    1.2810
    1.2098
    1.2507
    1.3261
    1.3822
    1.4524
    1.4730
    1.5349
    1.5699
    1.6254
    1.6411
    1.6439
    1.6805
    1.7371
    1.8167
    1.8534
    1.8567
    1.8452
    1.7589
    1.7782
    1.9044
    1.9255
    2.1504
    2.2040
    2.0912
    1.9501
    1.9279
    1.8710
    1.7083
    1.7435
    1.6320
    1.6134
    1.5328
    1.4509
    1.4305
    1.3808
    1.3354
    1.2847
    1.3147
    1.2932
    1.2598
    1.2505
    1.2987
    1.2867
    1.2505
    1.2661
    1.2491
    1.2341
    1.2864
    1.2689
    1.2596
    1.2765
    1.2805
    1.2851
    1.4392
    1.4367
    1.4719
    1.5476
    1.5027
    1.5570
    1.5558
    1.5338
    1.5680
    1.6553
    1.6890
    1.7140
    1.7526
    1.7797
    1.8319
    1.8880
    1.8052
    1.8061
    1.8766
    2.0382
    2.1127
    2.0636
    2.1290
    2.2079
    2.1750
    2.2340
    2.1932
    2.2182
    2.2196
    2.2236
    2.2328
    2.1951
    2.1461
    2.1257
    2.0927
    2.0239
    1.9959
    1.9755
    1.9417
    1.9194
    1.9210
    1.9732
    1.9458
    1.9537
    1.9653
    1.9593
    1.9389
    1.9180
    1.9280
    1.8740
    1.8591
    1.8533
    1.8431
    1.8010
    1.7851
    1.7467
    1.7663
    1.7209
    1.7547
    1.7153
    1.6423
    1.5997
    1.5709
    1.5833
    1.5594
    1.5469
    1.5152
    1.4758
    1.4427
    1.4443
    1.4252
    1.4121
    1.3953
    1.3638
    1.3689
    1.3450
    1.3731
    1.3974
    1.3984
    1.4074
    1.4120
    1.4055
    1.4398
    1.4316
    1.4183
    1.4054
    1.4065
    1.3543
    1.3644
    1.3760
    1.4002
    1.3788
    1.3668
    1.3853
    1.3873
    1.3849
    1.3492
    1.3194
    1.3444
    1.3771
    1.3372
    1.3159
    1.2948
    1.3311
    1.3353
    1.3286
    1.3494
    1.3357
    1.3572
    1.3608
    1.3274
    1.3274
    1.3095
    1.2972
    1.3071
    1.3133
    1.3100
    1.3199
    1.2893
    1.3032
    1.3039
    1.3364
    1.3159
    1.2961
    1.3147
    1.3371
    1.3320
    1.3376
    1.3142
    1.2921
    1.2723
    1.2300
    1.1986
    1.1541
    1.1470
    1.1403
    1.1258
    1.1056
    1.0922
    1.0491
    1.0251
    1.0106
    0.9993
    0.9859
    0.9656
    0.9529
    0.9335
    0.8993
    0.8858
    0.8561
    0.8373
    0.8251
    0.8094
    0.7900
    0.6314
    0.6221
    0.6199
    0.6209
    0.6218
    0.6189
    0.6143
    0.6073
    0.6065
    0.6064
    0.6063
    0.6051
    0.6000
    0.5978
    0.5944
    0.5874
    0.5805
    0.5796
    0.5727
    0.5693
    0.5698
    0.5674
    0.5666
    0.5661
    0.5669
    0.5686
    0.5684
    0.5634
    0.5636
    0.5646
    0.5614
    0.5637
    0.5607
    0.5601
    0.5550
    0.5557
    0.5546
    0.5546
    0.5562
    0.5526
    0.5500
    0.5484
    0.5461
    0.5463
    0.5457
    0.5449
    0.5478
    0.5491
    0.5491
    0.5493
    0.5512
    0.5488
    0.5477
    0.5478
    0.5462
    0.5466
    0.5465
    0.5475
    0.5478
    0.5493
    0.5494
    0.5489
    0.5475
    0.5495
    0.5508
    0.5522
    0.5559
    0.5567
    0.5578
    0.5579
    0.5622
    0.5627
    0.5623
    0.5658
    0.5677
    0.5705
    0.6598
    0.6783
    0.6958
    0.7004
    0.7011
    0.6994
    0.7005
    0.7055
    0.7173
    0.7340
    0.7493
    0.7598
    0.7676
    0.7695
    0.7728
    0.8020
    0.7990
    0.8066
    0.8126
    0.8405
    0.8801
    0.9014
    0.9198
    0.9641
    1.0157
    1.0192
    1.0327
    1.0662
    1.0966
    1.1244
    1.1437
    1.1543
    1.1711
    1.1818
    1.1951
    1.1972
    1.2225
    1.2265
    1.2214
    1.2160
    1.2268
    1.2318
    1.2232
    1.2441
    1.2298
    1.2246
    1.2222
    1.2314
    1.2490
    1.2427
    1.2338
    1.2558
    1.2805
    1.2913
    1.2805
    1.2683
    1.2861
    1.2929
    1.3103
    1.3009
    1.2989
    1.3090
    1.3118
    1.3222
    1.3095
    1.3169
    1.3108
    1.2967
    1.2984
    1.2982
    1.3110
    1.3059
    1.3053
    1.3204
    1.3302
    1.3268
    1.3228
    1.3191
    1.3304
    1.3337
    1.3345
    1.3405
    1.3327
    1.3210
    1.3131
    1.3159
    1.3178
    1.3088
    1.3205
    1.3029
    1.2956
    1.2948
    1.2873
    1.2727
    1.2684
    1.2719
    1.2878
    1.2686
    1.2578
    1.2580
    1.2527
    1.2552
    1.2566
    1.2609
    1.2521
    1.2528
    1.2558
    1.2634
    1.2555
    1.2575
    1.2550
    1.2679
    1.2747
    1.2499
    1.2334
    1.2340
    1.2258
    1.2179
    1.2137
    1.2034
    1.1965
    1.1791
    1.1689
    1.1610
    1.1493
    1.1323
    1.1367
    1.1223
    1.1176
    1.1065
    1.0798
    1.0700
    1.0553
    1.0444
    1.0356
    1.0265
    1.0268
    1.0197
    1.0118
    1.0160
    1.0065
    0.9917
    0.9394
    0.9374
    0.9354
    0.9340
    0.9299
    0.9288
    0.9267
    0.9269
    0.9281
    0.9295
    0.9293
    0.9301
    0.9309
    0.9292
    0.9272
    0.9282
    0.9295
    0.9298
    0.9269
    0.9231
    0.9247
    0.9260
    0.9272
    0.9263
    0.9236
    0.9227
    0.9226
    0.9247
    0.9258
    0.9242
    0.9239
    0.9202
    0.9193
    0.9201
    0.9206
    0.9201
    0.9188
    0.9186
    0.9197
    0.9197
    0.9200
    0.9204
    0.9207
    0.9210
    0.9238
    0.9263
    0.9225
    0.9234
    0.9237
    0.9241
    0.9252
    0.9251
    0.9242
    0.9240
    0.9231
    0.9225
    0.9248
    0.9239
    0.9236
    0.9239
    0.9261
    0.9281
    0.9282
    0.9276
    0.9274
    0.9294
    0.9299
    0.9298
    0.9298
    0.9323
    0.9325
    0.9335
    0.9339
    0.9331
    0.9314
    0.9318
    0.9317
    0.9317
    0.9323
    0.9327
    0.9320
    0.9315
    0.9327
    0.9313
    0.9327
    0.9321
    0.9328
    0.9298
    0.9301
    0.9278
    0.9271
    0.9264
    0.9260
    0.9216
    0.9214
    0.9197
    0.9196
    0.9185
    0.9188
    0.9181
    0.9213
    0.9202
    0.9198
    0.9201
    0.9194
    0.9184
    0.9183
    0.9179
    0.9161
    0.9155
    0.9149
    0.9171
    0.9161
    0.9161
    0.9155
    0.9150
    0.9147
    0.9150
    0.9156
    0.9132
    0.9139
    0.9134
    0.9130
    0.9123
    0.9112
    0.9069
    0.9069
    0.9077
    0.9089
    0.9090
    0.9080
    0.9085
    0.9109
    0.9233
    0.9244
    0.9236
    0.9206
    0.9260
    0.9251
    0.9255
    0.9214
    0.9234
    0.9261
    0.9212
    0.9231
    0.9214
    0.9185
    0.9126
    0.9028
    0.8947
    0.8936
    0.8886
    0.8871
    0.8795
    0.8778
    0.8810
    0.8879
    0.8863
    0.8807
    0.8837
    0.8815
    0.8765
    0.8702
    0.8674
    0.8700
    0.8707
    0.8614
    0.8644
    0.8655
    0.8650
    0.8664
    0.8676
    0.8739
    0.8763
    0.8758
    0.8696
    0.8706
    0.8651
    0.8625
    0.8600
    0.8573
    0.8496
    0.8477
    0.8489
    0.8489
    0.8434
    0.8429
    0.8439
    0.8419
    0.8399
    0.8386
    0.8341
    0.8316
    0.8304
    0.8299
    0.8284
    0.8222
    0.8256
    0.8291
    0.8299
    0.8292
    0.8282
    0.8234
    0.8190
    0.8169
    0.8168
    0.8161
    0.8162
    0.8129
    0.8144
    0.8141
    0.8166
    0.8175
    0.8215
    0.8236
    0.8217
    0.8247
    0.8330
    0.8321
    0.8304
    0.8343
    0.8356
    0.8359
    0.8353
    0.8386
    0.8366
    0.8369
    0.8383
    0.8442
    0.8498
    0.8515
    0.8594
    0.8625
    0.8679
    0.8699
    0.8710
    0.8687
    0.8731
    0.8753
    0.8801
    0.8872
    0.8972
    0.9011
    0.9081
    0.9105
    0.9158
    0.9219
    0.9269
    0.9257
    0.9367
    0.9383
    0.9433
    0.9489
    0.9507
    0.9576
    0.9618
    0.9673
    0.9679
    0.9677
    0.9722
    0.9786
    0.9841
    0.9920
    0.9987
    1.0054
    1.0157
    1.0215
    1.0259
    1.0340
    1.0402
    1.0469
    1.0472
    1.0493
    1.0536
    1.0540
    1.0574
    1.0598
    1.0669
    1.0710
    1.0756
    1.0806
    1.0862
    1.0893
    1.0953
    1.0971
    1.0994
    1.1057
    1.1078
    1.1098
    1.1145
    1.1245
    1.1303
    1.1301
    1.1336
    1.1391
    1.1407
    1.1429
    1.1497
    1.1502
    1.1519
    1.1532
    1.1578
    1.1608
    1.1666
    1.1727
    1.1741
    1.1744
    1.1771
    1.1811
    1.1871
    1.1895
    1.1910
    1.1936
    1.1966
    1.1999
    1.1994
    1.2019
    1.2041
    1.2110
    1.2189
    1.2272
    1.2308
    1.2333
    1.2375
    1.2385
    1.2391
    1.2449
    1.2480
    1.2474
    1.2450
    1.2455
    1.2519
    1.2542
    1.2556
    1.2567
    1.2594
    1.2626
    1.2707
    1.2782
    1.2767
    1.2779
    1.2827
    1.2822
    1.2850
    1.2852
    1.2854
    1.2848
    1.2902
    1.2914
    1.2942
    1.2950
    1.2949
    1.2964
    1.3011
    1.3058
    1.3076
    1.3165
    1.3248
    1.3326
    1.3388
    1.3384
    1.3501
    1.3534
    1.3526
    1.3631
    1.3594
    1.3673
    1.3697
    1.3722
    1.3720
    1.3745
    1.3756
    1.3803
    1.3969
    1.3962
    1.4017
    1.4056
    1.4068
    1.4122
    1.4120
    1.4249
    1.4242
    1.4245
    1.4327
    1.4330
    1.4400
    1.4475
    1.4650
    1.4643
    1.4670
    1.4771
    1.4802
    1.4853
    1.4949
    1.5056
    1.5187
    1.5187
    1.5182
    1.5268
    1.5298
    1.5388
    1.5336
    1.5320
    1.5364
    1.5436
    1.5436
    1.5436
    1.5388
    1.5453
    1.5445
    1.5491
    1.5591
    1.5610
    1.5667
    1.5732
    1.5732
    1.5791
    1.5833
    1.5987
    1.6080
    1.6027
    1.6025
    1.6137
    1.6075
    1.6075
    1.6080
    1.5967
    1.6115
    1.6178
    1.6271
    1.6468
    1.6533
    1.6545
    1.6728
    1.6728
    1.6718
    1.6761
    1.6671
    1.6708
    1.6804
    1.6748
    1.6691
    1.6776
    1.6776
    1.6774
    1.6914
    1.6888
    1.6833
    1.6884
    1.6860
    1.6893
    1.6974
    1.6974
    1.6879
    1.6865
    1.6814
    1.6754
    1.6949
    1.7041
    1.6995
    1.7184
    1.7184
    1.7146
    1.7170
    1.7164
    1.7349
    1.7301
    1.7230
    1.7200
    1.7154
    1.7154
    1.7095
    1.7044
    1.6793
    1.6892
    1.7040
    1.7211
    1.7184
    1.7137
    1.7137
    1.7173
    1.7243
    1.7113
    1.7097
    1.6996
    1.6957
    1.6910
    1.7060
    1.6984
    1.6984
    1.6993
    1.7069
    1.7175
    1.7068
    1.7112
    1.7198
    1.7059
    1.7076
    1.7076
    1.6875
    1.6837
    1.7084
    1.7048
    1.6890
    1.6628
    1.6419
    1.6300
    1.6300
    1.6315
    1.6399
    1.6229
    1.6052
    1.5877
    1.5828
