    1.0152
    1.0086
    1.1562
    0.6691
    0.9866
    1.1210
    1.0435
    1.3191
    0.9061
    0.9335
    1.0549
    0.9557
    0.9926
    0.8748
    0.9718
    0.8883
    0.8710
    0.8474
    0.8535
    0.8310
    0.8572
    0.8542
    0.8857
    0.8488
    0.8498
    0.8544
    0.8682
    0.8595
    0.8216
    0.8497
    0.8562
    0.9448
    0.9348
    0.9474
    0.9202
    0.9405
    0.9180
    0.9498
    1.0286
    1.0066
    1.0707
    1.0804
    1.0750
    1.2713
    1.3733
    1.4362
    1.6378
    1.6335
    1.8113
    1.9484
    2.2216
    2.2095
    2.3655
    2.8401
    3.1226
    3.1873
    3.3309
    3.9380
    4.2392
    4.7506
    5.0022
    5.9949
    6.3816
    6.5009
    6.5779
    7.1572
    7.3519
    7.2328
    6.8468
    6.9606
    6.8659
    6.9347
    7.3287
    7.2210
    7.2644
    7.1504
    7.1904
    6.7736
    6.4140
    6.6083
    6.6873
    6.6986
    6.5984
    6.6163
    6.3323
    6.0659
    5.7773
    5.5416
    5.7256
    5.5083
    5.3775
    5.3208
    5.4857
    5.4694
    5.4274
    5.4525
    5.4369
    4.8870
    4.9680
    4.6111
    4.5675
    4.5007
    4.1573
    3.8314
    3.8926
    3.4884
    3.4396
    3.4585
    3.5473
    3.2546
    3.2184
    3.0535
    2.8957
    2.6957
    2.3871
    2.1687
    2.0393
    1.9520
    1.9114
    1.9383
    1.8344
    1.7498
    1.8083
    1.7615
    1.8087
    1.7878
    1.7398
    1.7546
    1.7213
    1.6703
    1.7415
    1.7287
    1.7382
    1.7650
    1.7181
    1.6642
    1.6571
    1.6578
    1.7256
    1.7853
    1.8371
    1.8426
    1.8964
    1.9428
    1.9930
    2.1032
    2.0067
    1.9966
    2.0075
    1.9887
    1.9544
    1.9197
    1.9270
    1.8853
    1.8418
    1.8967
    1.9691
    1.8939
    1.8601
    1.8693
    1.8901
    1.8891
    1.8911
    1.9074
    1.8927
    1.8144
    1.7679
    1.7221
    1.7345
    1.7678
    1.6973
    1.7407
    1.7104
    1.6907
    1.7197
    1.7145
    1.6958
    1.6312
    1.6364
    1.6467
    1.6596
    1.6807
    1.7084
    1.7434
    1.7449
    1.7752
    1.7677
    1.7596
    1.7662
    1.7232
    1.7719
    1.7821
    1.8324
    1.8224
    1.8523
    1.8297
    1.8760
    1.8682
    1.8712
    1.9108
    1.9186
    1.8989
    1.8730
    1.8472
    1.7760
    1.7997
    1.7441
    1.7562
    1.7534
    1.7757
    1.7529
    1.7856
    1.7914
    1.7772
    1.8228
    1.7851
    1.7499
    1.7678
    1.7771
    1.7580
    1.7514
    1.7245
    1.6970
    1.7216
    1.7144
    1.7108
    1.7271
    1.6871
    1.6950
    1.7091
    1.6839
    1.6665
    1.6766
    1.6632
    1.6430
    1.6275
    1.5778
    1.5984
    1.6171
    1.6085
    1.5887
    1.5608
    1.5010
    1.5014
    1.4992
    1.4763
    1.5173
    1.5406
    1.5103
    1.5243
    1.5478
    1.5279
    1.5078
    1.5170
    1.5233
    1.5487
    1.5491
    1.5577
    1.5984
    1.5977
    1.6250
    1.6174
    1.6304
    1.6368
    1.6531
    1.6387
    1.6150
    1.5643
    1.5489
    1.5416
    1.5474
    1.5794
    1.6076
    1.5811
    1.5727
    1.5285
    1.5362
    1.5361
    1.5373
    1.5627
    1.5874
    1.5641
    1.5586
    1.5710
    1.5434
    1.5041
    1.5320
    1.5313
    1.5421
    1.5130
    1.5130
    1.4855
    1.5039
    1.5249
    1.5320
    1.5142
    1.5089
    1.5208
    1.5338
    1.5279
    1.4844
    1.5121
    1.5074
    1.4995
    1.4844
    1.5038
    1.5305
    1.5306
    1.5339
    1.5415
    1.5112
    1.5213
    1.5065
    1.5137
    1.4981
    1.5028
    1.5048
    1.5269
    1.5254
    1.5479
    1.5202
    1.4946
    1.5014
    1.5188
    1.5254
    1.5088
    1.4881
    1.4830
    1.4759
    1.4972
    1.5235
    1.5167
    1.5022
    1.4739
    1.4834
    1.5030
    1.5230
    1.5281
    1.5547
    1.5504
    1.5452
    1.5565
    1.5414
    1.5362
    1.5508
    1.5559
    1.5822
    1.5548
    1.5663
    1.5557
    1.5583
    1.5691
    1.5662
    1.5579
    1.5710
    1.5740
    1.5705
    1.5638
    1.5617
    1.6015
    1.6060
    1.6298
    1.6098
    1.5797
    1.5700
    1.5567
    1.5473
    1.5740
    1.5294
    1.5042
    1.4804
    1.4833
    1.5009
    1.5012
    1.4930
    1.5121
    1.5128
    1.4881
    1.5041
    1.5085
    1.5112
    1.5250
    1.5294
    1.5336
    1.5237
    1.5141
    1.5095
    1.5133
    1.4817
    1.4832
    1.4637
    1.4347
    1.4521
    1.4677
    1.4718
    1.4898
    1.5157
    1.5062
    1.5225
    1.5148
    1.5210
    1.5127
    1.4889
    1.5015
    1.4964
    1.5251
    1.5111
    1.5034
    1.5122
    1.5114
    1.5146
    1.5083
    1.5071
    1.5065
    1.5064
    1.5187
    1.5048
    1.5139
    1.5051
    1.5118
    1.5213
    1.5416
    1.5298
    1.5159
    1.5149
    1.5012
    1.4896
    1.5034
    1.4806
    1.4618
    1.4610
    1.4713
    1.4846
    1.4683
    1.4626
    1.4692
    1.4686
    1.4732
    1.4666
    1.4595
    1.4484
    1.4537
    1.4411
    1.4319
    1.4348
    1.4393
    1.4504
    1.4585
    1.4702
    1.4790
    1.4764
    1.4752
    1.4711
    1.4686
    1.4935
    1.4726
    1.4838
    1.4746
    1.4850
    1.4776
    1.4912
    1.5002
    1.5273
    1.5249
    1.5379
    1.5645
    1.5744
    1.5734
    1.5732
    1.5666
    1.5774
    1.5729
    1.5831
    1.5941
    1.5805
    1.5867
    1.5891
    1.6009
    1.6106
    1.6075
    1.6219
    1.6341
    1.6428
    1.6265
    1.5958
    1.5877
    1.5940
    1.5599
    1.5454
    1.5642
    1.5655
    1.5677
    1.5665
    1.5651
    1.5468
    1.5337
    1.5055
    1.4959
    1.4974
    1.4970
    1.4814
    1.4743
    1.4649
    1.4706
    1.4624
    1.4656
    1.4645
    1.4890
    1.4792
    1.4838
    1.4664
    1.4566
    1.4668
    1.4771
    1.4866
    1.4779
    1.4718
    1.4726
    1.4728
    1.4682
    1.4605
    1.4565
    1.4481
    1.4349
    1.4296
    1.4445
    1.4431
    1.4501
    1.4695
    1.4545
    1.4634
    1.4700
    1.4766
    1.4849
    1.5011
    1.4909
    1.4916
    1.4872
    1.4910
    1.5006
    1.5110
    1.5069
    1.5067
    1.5041
    1.5110
    1.5130
    1.5300
    1.5271
    1.5137
    1.5076
    1.4958
    1.4924
    1.4979
    1.5079
    1.5088
    1.5247
    1.5186
    1.5274
    1.5251
    1.5253
    1.5220
    1.5301
    1.5259
    1.5458
    1.5379
    1.5511
    1.5649
    1.5838
    1.5927
    1.5854
    1.5941
    1.6144
    1.6083
    1.6134
    1.6113
    1.6197
    1.6369
    1.6422
    1.6342
    1.6180
    1.6135
    1.6197
    1.6128
    1.6220
    1.6226
    1.6220
    1.6348
    1.6479
    1.6449
    1.6531
    1.6585
    1.6707
    1.6684
    1.6808
    1.6766
    1.6666
    1.6609
    1.6507
    1.6558
    1.6566
    1.6547
    1.6521
    1.6537
    1.6612
    1.6740
    1.6734
    1.6778
    1.6705
    1.6707
    1.6793
    1.6998
    1.7093
    1.7089
    1.7247
    1.7283
    1.7501
    1.7610
    1.7609
    1.7596
    1.7632
    1.7801
    1.7940
    1.8014
    1.8051
    1.8047
    1.8166
    1.8242
    1.8312
    1.8450
    1.8443
    1.8542
    1.8533
    1.8531
    1.8657
    1.8796
    1.8921
    1.8790
    1.8875
    1.8837
    1.8856
    1.8984
    1.9048
    1.9052
    1.9070
    1.9067
    1.9180
    1.9159
    1.9145
    1.9101
    1.9197
    1.9269
    1.9293
    1.9294
    1.9133
    1.9132
    1.9122
    1.9173
    1.9202
    1.9226
    1.9195
    1.9327
    1.9405
    1.9361
    1.9466
    1.9509
    1.9448
    1.9554
    1.9568
    1.9548
    1.9747
    1.9669
    1.9760
    1.9828
    1.9869
    2.0059
    2.0243
    2.0274
    2.0163
    2.0291
    2.0416
    2.0450
    2.0473
    2.0650
    2.0657
    2.0686
    2.0690
    2.0720
    2.0804
    2.0785
    2.0841
    2.0939
    2.1048
    2.1204
    2.1371
    2.1277
    2.1076
    2.1127
    2.1208
    2.1231
    2.1151
    2.1205
    2.1319
    2.1224
    2.1219
    2.1245
    2.1221
    2.1338
    2.1425
    2.1529
    2.1409
    2.1300
    2.1326
    2.1279
    2.1229
    2.1269
    2.1159
    2.1045
    2.1092
    2.1159
    2.1238
    2.1160
    2.1113
    2.1151
    2.1201
    2.1242
    2.1110
    2.1106
    2.1184
    2.1213
    2.1300
    2.1497
    2.1582
    2.1603
    2.1636
    2.1683
    2.1613
    2.1640
    2.1636
    2.1573
    2.1615
    2.1590
    2.1699
    2.1829
    2.1764
    2.1823
    2.1797
    2.1819
    2.1864
    2.1848
    2.1944
    2.2028
    2.2118
    2.2052
    2.2047
    2.2168
    2.2307
    2.2461
    2.2534
    2.2501
    2.2463
    2.2502
    2.2584
    2.2653
    2.2612
    2.2577
    2.2532
    2.2538
    2.2733
    2.2682
    2.2562
    2.2532
    2.2525
    2.2709
    2.2717
    2.2641
    2.2743
    2.2737
    2.2831
    2.2889
    2.2971
    2.3031
    2.3097
    2.3090
    2.3055
    2.3092
    2.3151
    2.3286
    2.3399
    2.3415
    2.3407
    2.3405
    2.3371
    2.3412
    2.3465
    2.3484
    2.3555
    2.3586
    2.3606
    2.3575
    2.3532
    2.3554
    2.3699
    2.3813
    2.3841
    2.3963
    2.4027
    2.4072
    2.4116
    2.4184
    2.4277
    2.4331
    2.4399
    2.4409
    2.4422
    2.4483
    2.4544
    2.4654
    2.4738
    2.4719
    2.4709
    2.4812
    2.4886
    2.4994
    2.5122
    2.5132
    2.5247
    2.5379
    2.5422
    2.5504
    2.5566
    2.5626
    2.5586
    2.5638
    2.5623
    2.5627
    2.5640
    2.5604
    2.5636
    2.5687
    2.5730
    2.5772
    2.5792
    2.5708
    2.5713
    2.5709
    2.5816
    2.5765
    2.5720
    2.5720
    2.5670
    2.5589
    2.5669
    2.5669
    2.5810
    2.5856
    2.5763
    2.5670
    2.5683
    2.5657
    2.5615
    2.5697
    2.5698
    2.5759
    2.5756
    2.5814
    2.5831
    2.5784
    2.5807
    2.5802
    2.5779
    2.5778
    2.5784
    2.5717
    2.5648
    2.5706
    2.5886
    2.6126
    2.6122
    2.6066
    2.6066
    2.6142
    2.6211
    2.6233
    2.6245
    2.6409
    2.6465
    2.6579
    2.6690
    2.6805
    2.6805
    2.6740
    2.6600
    2.6535
    2.6657
    2.6748
    2.7025
    2.7163
    2.7223
    2.7222
    2.7224
    2.7240
    2.7454
    2.7740
    2.7922
    2.7869
    2.7860
    2.7778
    2.7777
    2.7896
    2.8074
    2.8137
    2.8175
    2.8136
    2.8410
    2.8554
    2.8522
    2.8522
    2.8396
    2.8562
    2.8677
    2.8590
    2.8601
    2.8579
    2.8588
    2.8648
    2.8648
    2.8671
    2.8832
    2.8933
    2.9165
    2.9276
    2.9165
    2.9193
    2.9127
    2.9127
    2.8881
    2.9107
    2.9221
    2.9214
    2.9345
    2.9411
    2.9227
    2.9434
    2.9575
    2.9575
    2.9640
    2.9480
    2.9695
    3.0237
    3.0745
    3.0542
    3.0331
    3.0168
    3.0168
    3.0308
    3.0676
    3.1061
    3.1139
    3.1298
    3.1057
    3.1074
    3.1632
    3.1632
    3.2146
    3.2788
    3.3042
    3.2678
    3.2799
    3.3690
    3.5165
    3.5686
    3.5686
    3.6209
    3.5476
    3.6177
    3.7995
    3.8276
    3.7813
    3.7946
    3.7768
    3.7768
    3.8047
    3.7674
    3.7694
    3.7604
    3.7632
    3.7851
    3.8052
    3.8351
    3.8351
    3.8216
    3.7744
    3.7136
    3.7763
    3.8940
    3.9619
    4.0075
    4.0746
    4.0743
    4.0743
    4.0426
    4.1065
    4.1118
    4.1274
    4.1426
    4.1807
    4.1742
    4.0895
    4.0895
    4.2218
    4.1017
    4.1338
    4.2216
    4.1813
    4.0285
    3.9664
    3.8356
    3.8356
    3.8970
    3.7409
    3.6944
    3.8308
    3.9366
    3.8609
