    1.7404
    1.6760
    1.4745
    5.1458
    4.0351
    0.9866
    0.7224
    6.2907
    2.3547
    1.8546
    2.1070
    2.2781
    3.3847
    1.7282
    2.5591
    2.1854
    2.0746
    1.4049
    1.3907
    1.2436
    1.0365
    1.2058
    1.0421
    1.1712
    1.3717
    1.7041
    2.1536
    1.9605
    2.2024
    1.8191
    1.8138
    1.5031
    1.3075
    1.1994
    1.2893
    1.4635
    1.5506
    1.5605
    1.7460
    2.0776
    1.6909
    1.5135
    1.4909
    1.6046
    1.4458
    1.3586
    1.3274
    1.3194
    1.2122
    1.2083
    1.2620
    1.3693
    1.3701
    1.3121
    1.1264
    1.0418
    1.0952
    1.0751
    1.0897
    1.1019
    1.1379
    1.1108
    1.1268
    1.2054
    1.2003
    1.2529
    1.3521
    1.3136
    1.4336
    1.5356
    1.4960
    1.5979
    1.7574
    1.8366
    1.9027
    1.9935
    1.7899
    1.7551
    1.8141
    1.6513
    1.6645
    1.4580
    1.4509
    1.3990
    1.3605
    1.4360
    1.4961
    1.3659
    1.2951
    1.2650
    1.1659
    1.1656
    1.0301
    0.9608
    0.8738
    0.8185
    0.7885
    0.7586
    0.6412
    0.6525
    0.6597
    0.6806
    0.7000
    0.7045
    0.7018
    0.7320
    0.7041
    0.6716
    0.6464
    0.6019
    0.5923
    0.6108
    0.5695
    0.5731
    0.5641
    0.5568
    0.5702
    0.5831
    0.5880
    0.5769
    0.5871
    0.6207
    0.6094
    0.6318
    0.6530
    0.6300
    0.6382
    0.6255
    0.6260
    0.6154
    0.6141
    0.6291
    0.6144
    0.6221
    0.6239
    0.6301
    0.6452
    0.6436
    0.6715
    0.6810
    0.6454
    0.6459
    0.6477
    0.6558
    0.6607
    0.6749
    0.6673
    0.6694
    0.6729
    0.6762
    0.6657
    0.6613
    0.6663
    0.6828
    0.7195
    0.7620
    0.7526
    0.7474
    0.7904
    0.8309
    0.8338
    0.8199
    0.8405
    0.8380
    0.8397
    0.8389
    0.8426
    0.8582
    0.8400
    0.8605
    0.8779
    0.8769
    0.8744
    0.8833
    0.8924
    0.8917
    0.8902
    0.9344
    0.9376
    0.9588
    0.9413
    0.9616
    0.9345
    0.9251
    0.9191
    0.9662
    0.9825
    0.9665
    0.9386
    0.9810
    1.0067
    0.9871
    0.9908
    0.9862
    0.9471
    0.9417
    0.9090
    0.9165
    0.9316
    0.9124
    0.8879
    0.8873
    0.9009
    0.9290
    0.9410
    0.9322
    0.9223
    0.9099
    0.9284
    0.9067
    0.9138
    0.9177
    0.9394
    0.9414
    0.9107
    0.9053
    0.9094
    0.9308
    0.9257
    0.9310
    0.9031
    0.9053
    0.9108
    0.8993
    0.9163
    0.8997
    0.9079
    0.9233
    0.9386
    0.9392
    0.9439
    0.9467
    0.9401
    0.9112
    0.9084
    0.9031
    0.9393
    0.9578
    0.9560
    0.9454
    0.9311
    0.9345
    0.9447
    0.9566
    0.9589
    0.9689
    0.9682
    0.9680
    0.9710
    0.9597
    0.9723
    0.9858
    0.9740
    0.9790
    0.9640
    0.9380
    0.9297
    0.9249
    0.9139
    0.9257
    0.9243
    0.9309
    0.9363
    0.9388
    0.9392
    0.9275
    0.9200
    0.9123
    0.9152
    0.9192
    0.9432
    0.9569
    0.9677
    0.9621
    0.9664
    0.9745
    0.9626
    0.9679
    0.9793
    0.9881
    0.9832
    0.9718
    0.9817
    0.9802
    0.9916
    0.9838
    0.9872
    0.9946
    0.9844
    0.9871
    0.9971
    1.0118
    1.0217
    1.0158
    1.0099
    1.0092
    1.0024
    1.0127
    1.0091
    1.0139
    1.0349
    1.0392
    1.0417
    1.0470
    1.0511
    1.0367
    1.0260
    1.0256
    1.0247
    1.0214
    1.0288
    1.0333
    1.0370
    1.0421
    1.0472
    1.0445
    1.0251
    1.0259
    1.0429
    1.0406
    1.0431
    1.0619
    1.0752
    1.0919
    1.0944
    1.1058
    1.1027
    1.1095
    1.1207
    1.1225
    1.1103
    1.1035
    1.1089
    1.1139
    1.1324
    1.1412
    1.1606
    1.1739
    1.1623
    1.1590
    1.1569
    1.1455
    1.1297
    1.1293
    1.1366
    1.1440
    1.1421
    1.1656
    1.1681
    1.1706
    1.1695
    1.1758
    1.1816
    1.1936
    1.2234
    1.2284
    1.2481
    1.2468
    1.2420
    1.2475
    1.2266
    1.2270
    1.2330
    1.2454
    1.2414
    1.2489
    1.2460
    1.2250
    1.2249
    1.2160
    1.2250
    1.2510
    1.2681
    1.2837
    1.2696
    1.2779
    1.2921
    1.2922
    1.2832
    1.2811
    1.2775
    1.2775
    1.2822
    1.2939
    1.3074
    1.3030
    1.3159
    1.3161
    1.3300
    1.3352
    1.3369
    1.3379
    1.3419
    1.3431
    1.3468
    1.3585
    1.3601
    1.3614
    1.3904
    1.4026
    1.3848
    1.3762
    1.3931
    1.3809
    1.3915
    1.3645
    1.3619
    1.3531
    1.3541
    1.3536
    1.3644
    1.3699
    1.3957
    1.4095
    1.4124
    1.4210
    1.4345
    1.4687
    1.4675
    1.4511
    1.4349
    1.4430
    1.4462
    1.4502
    1.4387
    1.4441
    1.4614
    1.4892
    1.5167
    1.5373
    1.5389
    1.5616
    1.5853
    1.5906
    1.5860
    1.5874
    1.6002
    1.6008
    1.5877
    1.5787
    1.5968
    1.6149
    1.6122
    1.6155
    1.6183
    1.6240
    1.6198
    1.6123
    1.6074
    1.6517
    1.6577
    1.6640
    1.6676
    1.6695
    1.6956
    1.7004
    1.6876
    1.6955
    1.7072
    1.7220
    1.7182
    1.7075
    1.7234
    1.7163
    1.7079
    1.7576
    1.7664
    1.7768
    1.7810
    1.7785
    1.7874
    1.8173
    1.8177
    1.8301
    1.8080
    1.8135
    1.8162
    1.8315
    1.8583
    1.8554
    1.8698
    1.8811
    1.8659
    1.8539
    1.8635
    1.8745
    1.9047
    1.9153
    1.9331
    1.9629
    1.9843
    1.9887
    1.9741
    1.9644
    1.9576
    1.9607
    1.9834
    2.0009
    2.0095
    1.9927
    1.9885
    1.9975
    2.0089
    2.0093
    2.0188
    2.0313
    2.0695
    2.0585
    2.0726
    2.0651
    2.1116
    2.1217
    2.1311
    2.1362
    2.1665
    2.1965
    2.2134
    2.2171
    2.2313
    2.2326
    2.2306
    2.2428
    2.2730
    2.3022
    2.3350
    2.3336
    2.3262
    2.3526
    2.3746
    2.4036
    2.3724
    2.3737
    2.3697
    2.3641
    2.3529
    2.3519
    2.3348
    2.3212
    2.3247
    2.3157
    2.3207
    2.3223
    2.3482
    2.3523
    2.3584
    2.3619
    2.3585
    2.3763
    2.3857
    2.4027
    2.3959
    2.3918
    2.3916
    2.4319
    2.4334
    2.4490
    2.4485
    2.4579
    2.4752
    2.4636
    2.4582
    2.4626
    2.4792
    2.4982
    2.5188
    2.5175
    2.5040
    2.5336
    2.5571
    2.5563
    2.5976
    2.6696
    2.6841
    2.6774
    2.7167
    2.7085
    2.7066
    2.6927
    2.6652
    2.6651
    2.6640
    2.6687
    2.6834
    2.7234
    2.7456
    2.7157
    2.7130
    2.7139
    2.7129
    2.7094
    2.6974
    2.6941
    2.7110
    2.7085
    2.7315
    2.7353
    2.7595
    2.7664
    2.8211
    2.8334
    2.8484
    2.8282
    2.8329
    2.8774
    2.8834
    2.9061
    2.8791
    2.8931
    2.9346
    2.9399
    2.9298
    2.9137
    2.8994
    2.8867
    2.8792
    2.9107
    2.8939
    2.8947
    2.8797
    2.8779
    2.8628
    2.9026
    2.9237
    2.9356
    2.9464
    2.9426
    2.9337
    2.9343
    2.9580
    3.0116
    3.0319
    3.0583
    3.0899
    3.0756
    3.0704
    3.0865
    3.0632
    3.0668
    3.0554
    3.0696
    3.0834
    3.0726
    3.0709
    3.0628
    3.1075
    3.1562
    3.1728
    3.1903
    3.1650
    3.1489
    3.1565
    3.1712
    3.1670
    3.1617
    3.2001
    3.1710
    3.1731
    3.1630
    3.1419
    3.1431
    3.1505
    3.1467
    3.1635
    3.1827
    3.1720
    3.2177
    3.2220
    3.2375
    3.2452
    3.2820
    3.2812
    3.2879
    3.3126
    3.3782
    3.4322
    3.4759
    3.5335
    3.5146
    3.5359
    3.5011
    3.5173
    3.5176
    3.5060
    3.4971
    3.4926
    3.5019
    3.4832
    3.4640
    3.4700
    3.4965
    3.4951
    3.5101
    3.5457
    3.5839
    3.5900
    3.6101
    3.6257
    3.6234
    3.6447
    3.6696
    3.7083
    3.7215
    3.7228
    3.6867
    3.6850
    3.6851
    3.7006
    3.7190
    3.6881
    3.6873
    3.7093
    3.7271
    3.7412
    3.7666
    3.7504
    3.7957
    3.8123
    3.8188
    3.7867
    3.8009
    3.7812
    3.7949
    3.7829
    3.7766
    3.7994
    3.7963
    3.7886
    3.8024
    3.8143
    3.8460
    3.8579
    3.8547
    3.8862
    3.9072
    3.9285
    3.9105
    3.9316
    3.9663
    3.9737
    4.0027
    4.0433
    4.0231
    4.0142
    4.0304
    4.0094
    4.0162
    3.9801
    3.9915
    3.9868
    3.9820
    4.0092
    3.9849
    3.9405
    3.9437
    3.9422
    3.9559
    3.9221
    3.9278
    3.9105
    3.8867
    3.9257
    3.8913
    3.8715
    3.8421
    3.8603
    3.8440
    3.8399
    3.8475
    3.8484
    3.8458
    3.8700
    3.8845
    3.8862
    3.8897
    3.8970
    3.8708
    3.8655
    3.8557
    3.8568
    3.8589
    3.8924
    3.9133
    3.9389
    3.9279
    3.9316
    3.9259
    3.9253
    3.9172
    3.9104
    3.9113
    3.9130
    3.9189
    3.8927
    3.8824
    3.8839
    3.8649
    3.8477
    3.8533
    3.8656
    3.8989
    3.8913
    3.8986
    3.9255
    3.9281
    3.9367
    3.9427
    3.9567
    3.9448
    3.9520
    3.9796
    3.9827
    3.9715
    3.9715
    3.9591
    3.9557
    3.9552
    3.9456
    3.9724
    3.9913
    3.9878
    3.9878
    4.0026
    4.0080
    4.0220
    4.0257
    3.9948
    4.0261
    4.0295
    4.0448
    4.0573
    4.0633
    4.0456
    4.0442
    4.0527
    4.0524
    4.0500
    4.0368
    4.0487
    4.0202
    4.0261
    4.0382
    4.0501
    4.0442
    4.0448
    4.0255
    4.0396
    4.0548
    4.0474
    4.0117
    3.9734
    3.9508
    3.9257
    3.9258
    3.9266
    3.9422
    3.9231
    3.9600
    3.9582
    3.9616
    3.9799
    3.9858
    3.9860
    3.9974
    3.9840
    4.0012
    4.0272
    4.0516
    4.0552
    4.0302
    4.0410
    4.0410
    4.0314
    3.9887
    3.9575
    3.9512
    3.9658
    3.9710
    3.9582
    3.9471
    3.9475
    3.9292
    3.9019
    3.8661
    3.8581
    3.8507
    3.8729
    3.9159
    3.9395
    3.9406
    3.9411
    3.9343
    3.9249
    3.9610
    3.9570
    3.9603
    3.9440
    3.9089
    3.8971
    3.8973
    3.8797
    3.9022
    3.8352
    3.7995
    3.8021
    3.8311
    3.8180
    3.7791
    3.7793
    3.7817
    3.7640
    3.7991
    3.7822
    3.7500
    3.7667
    3.8013
    3.7927
    3.7927
    3.7978
    3.8211
    3.8060
    3.7665
    3.7956
    3.7729
    3.7367
    3.7181
    3.7181
    3.6935
    3.7042
    3.6646
    3.6332
    3.6284
    3.5819
    3.5106
    3.5498
    3.5498
    3.5559
    3.5176
    3.5232
    3.5886
    3.5868
    3.6449
    3.6174
    3.6061
    3.6179
    3.6179
    3.5917
    3.5927
    3.6377
    3.7092
    3.7100
    3.6837
    3.6484
    3.7334
    3.7334
    3.7516
    3.7853
    3.8723
    3.8156
    3.6927
    3.7919
    3.8792
    3.9546
    3.9546
    4.0003
    4.0391
    4.0193
    4.0980
    4.0886
    4.1052
    4.1242
    4.0805
    4.0805
    4.0692
    4.1021
    4.1391
    4.1667
    4.1802
    4.2320
    4.3914
    4.4668
    4.4668
    4.5380
    4.5275
    4.4277
    4.4278
    4.3769
    4.4465
    4.4449
    4.4138
    4.4138
    4.4670
    4.4767
    4.5735
    4.6543
    4.7120
    4.6897
    4.8053
    4.9754
    5.1031
    5.1031
    5.1133
    5.1664
    5.2637
    5.3524
    5.3499
    5.3796
    5.1780
    5.2655
    5.2655
    5.3237
    5.3127
    5.1588
    5.2489
    5.3542
    5.4425
    5.1764
    5.4368
    5.4368
    5.4965
    5.7171
    5.5056
    5.5322
    5.4699
    5.3795
