    0.8020
    0.8440
    0.2239
    1.1568
    0.5235
    0.7383
    0.2743
    2.1698
    0.9468
    0.9012
    1.0576
    1.2538
    1.5037
    1.2607
    1.1857
    1.1366
    1.2312
    1.5171
    1.8818
    1.8629
    2.2737
    2.0860
    1.3711
    1.2007
    1.6796
    1.9808
    2.3548
    2.2801
    2.8181
    2.5692
    2.9667
    3.0044
    2.6700
    2.6947
    2.3945
    2.5338
    2.2470
    2.4708
    2.2120
    2.0960
    2.2000
    2.0195
    2.0700
    2.1415
    2.4073
    2.3080
    2.4963
    2.3805
    2.4530
    2.3988
    2.2564
    2.2786
    2.0913
    2.3357
    2.5637
    2.5090
    2.4177
    2.3560
    2.6755
    2.7491
    2.6187
    2.9199
    2.9854
    3.2137
    3.1190
    3.0001
    3.3610
    3.2520
    2.9711
    3.3284
    3.3861
    3.2877
    3.4974
    3.3790
    3.1996
    3.1883
    3.2319
    3.0361
    3.0398
    2.9218
    2.8155
    2.7482
    2.5367
    2.5605
    2.6723
    2.6196
    2.6571
    2.4299
    2.3673
    2.6651
    2.5383
    2.6784
    2.5214
    2.4285
    2.3236
    2.2665
    2.4313
    2.5519
    2.5626
    2.4369
    2.5089
    2.3868
    2.3853
    2.3710
    2.3998
    2.3676
    2.3257
    2.3108
    2.3222
    2.2307
    2.4196
    2.3816
    2.4357
    2.3184
    2.4721
    2.3292
    2.4208
    2.5669
    2.5790
    2.5953
    2.8591
    2.6415
    2.6426
    2.5276
    2.4748
    2.5250
    2.5607
    2.6455
    2.5732
    2.5643
    2.7216
    2.6425
    2.6327
    2.6522
    2.6812
    2.6467
    2.7333
    2.5773
    2.7162
    2.5989
    2.6059
    2.5345
    2.3491
    2.1958
    2.1682
    2.0805
    2.0200
    1.9967
    1.9116
    1.7902
    1.7158
    1.5639
    1.5622
    1.5565
    1.5093
    1.5389
    1.5579
    1.5302
    1.5317
    1.4759
    1.4754
    1.4915
    1.4679
    1.3536
    1.3405
    1.2827
    1.2723
    1.2769
    1.2673
    1.2624
    1.2835
    1.2768
    1.3343
    1.3205
    1.3269
    1.3255
    1.2975
    1.3263
    1.3334
    1.4325
    1.4427
    1.4047
    1.4467
    1.4656
    1.5037
    1.5027
    1.5100
    1.5461
    1.6189
    1.6704
    1.6711
    1.6080
    1.5768
    1.5559
    1.5626
    1.5776
    1.5915
    1.5712
    1.6001
    1.5691
    1.5871
    1.6216
    1.5985
    1.5865
    1.5900
    1.6056
    1.7250
    1.7258
    1.7495
    1.7814
    1.7943
    1.7744
    1.7055
    1.6829
    1.6635
    1.6298
    1.6520
    1.6349
    1.6559
    1.6617
    1.6639
    1.6443
    1.6803
    1.6865
    1.6228
    1.6349
    1.5820
    1.6076
    1.6824
    1.7136
    1.6988
    1.6649
    1.6317
    1.5990
    1.5924
    1.6013
    1.5513
    1.5444
    1.5336
    1.5358
    1.5398
    1.5559
    1.5745
    1.5977
    1.5882
    1.5705
    1.5679
    1.5740
    1.5422
    1.5511
    1.5752
    1.6006
    1.6058
    1.6203
    1.6313
    1.6732
    1.6515
    1.6815
    1.6268
    1.6571
    1.5824
    1.5813
    1.5635
    1.5057
    1.5027
    1.5139
    1.5338
    1.4991
    1.5136
    1.4805
    1.4506
    1.5108
    1.4901
    1.4671
    1.4429
    1.4045
    1.3949
    1.3660
    1.3854
    1.3802
    1.3705
    1.3228
    1.3666
    1.3530
    1.3556
    1.3727
    1.3739
    1.3717
    1.3301
    1.3047
    1.2970
    1.3097
    1.2985
    1.3580
    1.3837
    1.3931
    1.3837
    1.3390
    1.3733
    1.3745
    1.3655
    1.3594
    1.3650
    1.3753
    1.3875
    1.3992
    1.3738
    1.3624
    1.4001
    1.4002
    1.3957
    1.3921
    1.4151
    1.4275
    1.4194
    1.3713
    1.3586
    1.3537
    1.3738
    1.3328
    1.3257
    1.3279
    1.3126
    1.3239
    1.3075
    1.3350
    1.3043
    1.3093
    1.3205
    1.3358
    1.3250
    1.3392
    1.3826
    1.3508
    1.3269
    1.3135
    1.3134
    1.3178
    1.2930
    1.2858
    1.3114
    1.3191
    1.2551
    1.2452
    1.2445
    1.2651
    1.2800
    1.2852
    1.2719
    1.2995
    1.2985
    1.2880
    1.3059
    1.3086
    1.3351
    1.3327
    1.3161
    1.3298
    1.3228
    1.2886
    1.2845
    1.2876
    1.2829
    1.2976
    1.2930
    1.3004
    1.3022
    1.2851
    1.2965
    1.2761
    1.2699
    1.2629
    1.2561
    1.2573
    1.2652
    1.2639
    1.2633
    1.2678
    1.2721
    1.2683
    1.2780
    1.2772
    1.2774
    1.2848
    1.2734
    1.2638
    1.2636
    1.2652
    1.2511
    1.2437
    1.2427
    1.2389
    1.2334
    1.2152
    1.2188
    1.2123
    1.2164
    1.2266
    1.2269
    1.2202
    1.2022
    1.1973
    1.2077
    1.2011
    1.2045
    1.1845
    1.1710
    1.1677
    1.1607
    1.1548
    1.1556
    1.1598
    1.1404
    1.1434
    1.1334
    1.1162
    1.1125
    1.1064
    1.0922
    1.1012
    1.0910
    1.0971
    1.0944
    1.1068
    1.1195
    1.1059
    1.1177
    1.1269
    1.1130
    1.1172
    1.1054
    1.1167
    1.0964
    1.0992
    1.1078
    1.1085
    1.1006
    1.1038
    1.1072
    1.1114
    1.0700
    1.0734
    1.0805
    1.0648
    1.0380
    1.0425
    1.0365
    1.0341
    1.0434
    1.0311
    1.0207
    1.0201
    1.0261
    1.0309
    1.0243
    1.0077
    0.9932
    0.9690
    0.9843
    0.9742
    0.9692
    0.9595
    0.9561
    0.9801
    0.9811
    0.9829
    0.9844
    0.9878
    0.9863
    0.9831
    0.9851
    0.9936
    0.9824
    0.9793
    0.9749
    0.9680
    0.9695
    0.9782
    0.9820
    0.9822
    0.9771
    0.9835
    0.9940
    0.9899
    0.9976
    0.9875
    0.9782
    0.9886
    0.9773
    0.9781
    0.9925
    0.9877
    0.9836
    0.9974
    0.9973
    0.9899
    0.9757
    0.9782
    0.9981
    0.9990
    1.0075
    1.0051
    1.0063
    0.9975
    1.0041
    1.0026
    1.0141
    1.0141
    1.0258
    1.0161
    1.0234
    1.0240
    1.0350
    1.0453
    1.0439
    1.0366
    1.0426
    1.0475
    1.0348
    1.0469
    1.0421
    1.0527
    1.0283
    1.0253
    1.0124
    1.0198
    1.0147
    1.0097
    1.0133
    1.0059
    1.0131
    1.0309
    1.0384
    1.0235
    1.0232
    1.0151
    1.0300
    1.0406
    1.0460
    1.0503
    1.0625
    1.0609
    1.0824
    1.0813
    1.1001
    1.0969
    1.1034
    1.0978
    1.1025
    1.1044
    1.0975
    1.0851
    1.0835
    1.0814
    1.0945
    1.0935
    1.0996
    1.1041
    1.1051
    1.1125
    1.1196
    1.1309
    1.1334
    1.1366
    1.1356
    1.1437
    1.1520
    1.1495
    1.1561
    1.1525
    1.1588
    1.1576
    1.1631
    1.1760
    1.1799
    1.1826
    1.2085
    1.2126
    1.2076
    1.2282
    1.2377
    1.2504
    1.2629
    1.2588
    1.2549
    1.2430
    1.2569
    1.2642
    1.2696
    1.2824
    1.2979
    1.3026
    1.3109
    1.3025
    1.3076
    1.3040
    1.3152
    1.3309
    1.3445
    1.3520
    1.3735
    1.3755
    1.3801
    1.3944
    1.4185
    1.4207
    1.4342
    1.4443
    1.4352
    1.4397
    1.4477
    1.4721
    1.4868
    1.5000
    1.4897
    1.5070
    1.5148
    1.5246
    1.5118
    1.5163
    1.5087
    1.5099
    1.5114
    1.5056
    1.5287
    1.5534
    1.5518
    1.5413
    1.5134
    1.5093
    1.5094
    1.5196
    1.5225
    1.5363
    1.5327
    1.5277
    1.5384
    1.5410
    1.5668
    1.5763
    1.5718
    1.5734
    1.5759
    1.5729
    1.5871
    1.6034
    1.5903
    1.5924
    1.5995
    1.5982
    1.5936
    1.6131
    1.6088
    1.6487
    1.6510
    1.6758
    1.6676
    1.6747
    1.6890
    1.6771
    1.6982
    1.7123
    1.7085
    1.7408
    1.7610
    1.7544
    1.7854
    1.7899
    1.7958
    1.8111
    1.8022
    1.8034
    1.8123
    1.8242
    1.8597
    1.8475
    1.8628
    1.8730
    1.8781
    1.8632
    1.8547
    1.8444
    1.8457
    1.8359
    1.8328
    1.8281
    1.8401
    1.8440
    1.8640
    1.8798
    1.8820
    1.8784
    1.8697
    1.8973
    1.9092
    1.9333
    1.9441
    1.9448
    1.9492
    1.9514
    1.9604
    1.9537
    1.9403
    1.9559
    1.9521
    1.9489
    1.9561
    1.9405
    1.9568
    1.9657
    1.9684
    1.9831
    1.9813
    1.9916
    1.9983
    2.0034
    2.0038
    2.0275
    2.0554
    2.0880
    2.0668
    2.0594
    2.0746
    2.0878
    2.0962
    2.0977
    2.1062
    2.1306
    2.1482
    2.1336
    2.1569
    2.1369
    2.1286
    2.1401
    2.1267
    2.1097
    2.1288
    2.1486
    2.1424
    2.1528
    2.1669
    2.1645
    2.1682
    2.1825
    2.1571
    2.1756
    2.1847
    2.1739
    2.1732
    2.1942
    2.2226
    2.2357
    2.2389
    2.2447
    2.2673
    2.2606
    2.2651
    2.2667
    2.2637
    2.2674
    2.2682
    2.2664
    2.2494
    2.2496
    2.2662
    2.2516
    2.2521
    2.2533
    2.2652
    2.2775
    2.2859
    2.3039
    2.3125
    2.2958
    2.3200
    2.3281
    2.3338
    2.3283
    2.3410
    2.3604
    2.3676
    2.3717
    2.3760
    2.3667
    2.3796
    2.3963
    2.3929
    2.3825
    2.3885
    2.3878
    2.4033
    2.4385
    2.4488
    2.4647
    2.4652
    2.4768
    2.4777
    2.4759
    2.4723
    2.4923
    2.5213
    2.5254
    2.5348
    2.5312
    2.5158
    2.5271
    2.5360
    2.5467
    2.5496
    2.5730
    2.5796
    2.5749
    2.5869
    2.5742
    2.5899
    2.5913
    2.6115
    2.6134
    2.6345
    2.6509
    2.6409
    2.6498
    2.6551
    2.6353
    2.6298
    2.6368
    2.6297
    2.6450
    2.6641
    2.6795
    2.7015
    2.6950
    2.6974
    2.7090
    2.7074
    2.7229
    2.7101
    2.7092
    2.7268
    2.7182
    2.7165
    2.7225
    2.7287
    2.7283
    2.7242
    2.7234
    2.7291
    2.7480
    2.7537
    2.7444
    2.7596
    2.7467
    2.7466
    2.7413
    2.7515
    2.7507
    2.7733
    2.7916
    2.8107
    2.8290
    2.8383
    2.8385
    2.8576
    2.8628
    2.8714
    2.8800
    2.8810
    2.8653
    2.8637
    2.8733
    2.8733
    2.8770
    2.9138
    2.9090
    2.9024
    2.9214
    2.9060
    2.8981
    2.9112
    2.9113
    2.9131
    2.9416
    2.9480
    2.9762
    2.9786
    3.0319
    3.0276
    3.0485
    3.0777
    3.0778
    3.0899
    3.1141
    3.1013
    3.0939
    3.0816
    3.1098
    3.1036
    3.1141
    3.1146
    3.1229
    3.1202
    3.1517
    3.1541
    3.1345
    3.0986
    3.1152
    3.1165
    3.1169
    3.1617
    3.2021
    3.1792
    3.2047
    3.2037
    3.2245
    3.2191
    3.2130
    3.2130
    3.1799
    3.1560
    3.2206
    3.1615
    3.2290
    3.2555
    3.2373
    3.2596
    3.2596
    3.2843
    3.3489
    3.3250
    3.3193
    3.3362
    3.3303
    3.2868
    3.2941
    3.2941
    3.2930
    3.2565
    3.2706
    3.3476
    3.3103
    3.3008
    3.3970
    3.4529
    3.4308
    3.4308
    3.3994
    3.3631
    3.3941
    3.3656
    3.3434
    3.2697
    3.3005
    3.2633
    3.2633
    3.2856
    3.3081
    3.3322
    3.2954
    3.3109
    3.2979
    3.3898
    3.4226
    3.4226
    3.3486
    3.4444
    3.5213
    3.5665
    3.6109
    3.5663
    3.5265
    3.4858
    3.4858
    3.3856
    3.4162
    3.5491
    3.5039
    3.4652
    3.5134
    3.5134
    3.5646
    3.5646
    3.5615
    3.4459
    3.4452
    3.5085
    3.5516
    3.7014
    3.7009
    3.6633
    3.6633
    3.6747
    3.7316
    3.8091
    3.7992
    3.8884
    3.9109
    3.7618
    3.7730
    3.8594
    3.8594
    3.8540
    3.9504
    3.8225
    3.9274
    4.0143
    4.0990
    4.0419
    3.9582
    3.9582
    3.7708
    3.7224
    3.6507
    3.7707
    3.8081
    3.7283
    3.5890
    3.6394
    3.6394
    3.7016
    3.6494
    3.5311
    3.7379
    3.8134
    3.5756
