    0.8921
    0.8921
    0.8921
    0.8921
    0.8921
    0.8921
    0.8921
    0.8920
    0.8921
    0.8920
    0.8921
    0.8921
    0.8921
    0.8921
    0.8921
    0.8921
    0.8921
    0.8921
    0.8921
    0.8920
    0.8920
    0.8920
    0.8920
    0.8921
    0.8921
    0.8921
    0.8921
    0.8921
    0.8921
    0.8921
    0.8922
    0.8922
    0.8923
    0.8923
    0.8923
    0.8923
    0.8923
    0.8923
    0.8923
    0.8922
    0.8921
    0.8920
    0.8919
    0.8919
    0.8918
    0.8918
    0.8918
    0.8917
    0.8918
    0.8918
    0.8918
    0.8918
    0.8918
    0.8918
    0.8918
    0.8918
    0.8918
    0.8919
    0.8919
    0.8919
    0.8920
    0.8920
    0.8920
    0.8920
    0.8920
    0.8920
    0.8922
    0.8922
    0.8922
    0.8922
    0.8922
    0.8922
    0.8922
    0.8923
    0.8922
    0.8922
    0.8921
    0.8922
    0.8921
    0.8921
    0.8921
    0.8920
    0.8921
    0.8920
    0.8918
    0.8918
    0.8917
    0.8917
    0.8917
    0.8917
    0.8917
    0.8918
    0.8916
    0.8916
    0.8917
    0.8917
    0.8917
    0.8917
    0.8917
    0.8917
    0.8918
    0.8916
    0.8918
    0.8919
    0.8919
    0.8920
    0.8920
    0.8920
    0.8920
    0.8917
    0.8919
    0.8919
    0.8920
    0.8922
    0.8920
    0.8917
    0.8916
    0.8915
    0.8914
    0.8914
    0.8912
    0.8911
    0.8908
    0.8906
    0.8905
    0.8904
    0.8901
    0.8901
    0.8900
    0.8895
    0.8935
    0.8934
    0.8933
    0.8931
    0.8930
    0.8931
    0.8930
    0.8929
    0.8932
    0.8929
    0.8929
    0.8927
    0.8925
    0.8926
    0.8926
    0.8929
    0.8930
    0.8932
    0.8933
    0.8935
    0.8937
    0.8940
    0.8943
    0.8945
    0.8948
    0.8948
    0.8950
    0.8952
    0.8952
    0.8954
    0.8956
    0.8958
    0.8961
    0.8919
    0.8921
    0.8920
    0.8922
    0.8923
    0.8925
    0.8925
    0.8924
    0.8925
    0.8927
    0.8927
    0.8927
    0.8933
    0.8932
    0.8931
    0.8932
    0.8930
    0.8930
    0.8929
    0.8930
    0.8933
    0.8931
    0.8933
    0.8932
    0.8933
    0.8934
    0.8933
    0.8932
    0.8930
    0.8934
    0.8920
    0.8918
    0.8918
    0.8919
    0.8919
    0.8921
    0.8923
    0.8925
    0.8919
    0.8919
    0.8919
    0.8919
    0.8922
    0.8923
    0.8922
    0.8922
    0.8921
    0.8925
    0.8921
    0.8920
    0.8921
    0.8922
    0.8922
    0.8922
    0.8922
    0.8925
    0.8924
    0.8925
    0.8922
    0.8925
    0.8926
    0.8926
    0.8927
    0.8928
    0.8929
    0.8926
    0.8929
    0.8927
    0.8923
    0.8922
    0.8919
    0.8918
    0.8919
    0.8924
    0.8919
    0.8918
    0.8916
    0.8913
    0.8908
    0.8905
    0.8919
    0.8920
    0.8921
    0.8921
    0.8919
    0.8920
    0.8920
    0.8919
    0.8917
    0.8914
    0.8923
    0.8926
    0.8931
    0.8933
    0.8937
    0.8946
    0.8871
    0.8867
    0.8865
    0.8864
    0.8863
    0.8853
    0.8857
    0.8861
    0.8863
    0.8861
    0.8862
    0.8867
    0.8865
    0.8863
    0.8860
    0.8862
    0.8855
    0.8867
    0.8872
    0.8872
    0.8874
    0.8875
    0.8875
    0.8875
    0.8873
    0.8874
    0.8882
    0.8884
    0.8890
    0.8895
    0.8896
    0.8901
    0.8903
    0.8903
    0.8910
    0.8916
    0.8920
    0.8924
    0.8919
    0.8922
    0.8926
    0.8924
    0.8920
    0.9091
    0.9102
    0.9112
    0.9116
    0.9115
    0.9115
    0.9114
    0.9117
    0.9111
    0.9116
    0.9122
    0.9123
    0.9116
    0.9114
    0.9117
    0.9115
    0.9122
    0.9095
    0.9085
    0.9076
    0.9069
    0.9062
    0.9053
    0.9036
    0.9105
    0.9104
    0.9100
    0.9097
    0.9101
    0.9101
    0.9101
    0.9108
    0.9106
    0.9105
    0.9104
    0.9108
    0.9112
    0.9106
    0.9109
    0.9104
    0.9104
    0.9109
    0.9109
    0.9110
    0.9110
    0.9100
    0.9095
    0.9095
    0.9082
    0.9083
    0.9079
    0.9075
    0.9069
    0.9072
    0.9080
    0.9077
    0.9074
    0.9068
    0.9069
    0.9066
    0.9064
    0.9062
    0.9057
    0.9052
    0.9058
    0.9056
    0.9056
    0.9052
    0.9048
    0.9028
    0.9031
    0.9033
    0.9040
    0.9042
    0.9040
    0.9040
    0.9047
    0.9064
    0.8900
    0.8889
    0.8882
    0.8872
    0.8870
    0.8868
    0.8869
    0.8863
    0.8816
    0.8813
    0.8813
    0.8829
    0.8825
    0.8796
    0.8790
    0.8783
    0.8785
    0.8783
    0.8780
    0.8786
    0.8775
    0.8772
    0.8787
    0.8792
    0.8805
    0.8789
    0.8783
    0.8783
    0.8780
    0.8784
    0.8823
    0.8837
    0.8841
    0.8845
    0.8853
    0.8859
    0.8862
    0.8860
    0.8858
    0.8865
    0.8857
    0.8868
    0.8873
    0.8874
    0.8883
    0.8884
    0.8880
    0.8902
    0.8840
    0.8839
    0.8830
    0.8823
    0.8819
    0.8821
    0.8820
    0.8815
    0.8814
    0.8811
    0.8815
    0.8819
    0.8833
    0.8840
    0.8837
    0.8835
    0.8841
    0.8849
    0.8856
    0.8852
    0.8852
    0.8849
    0.8848
    0.8861
    0.8859
    0.8857
    0.8859
    0.8868
    0.8868
    0.8867
    0.8861
    0.8850
    0.8852
    0.8843
    0.8832
    0.8830
    0.8829
    0.8826
    0.8827
    0.8831
    0.8843
    0.8841
    0.8835
    0.8825
    0.8826
    0.8846
    0.8844
    0.8839
    0.8862
    0.8841
    0.8825
    0.8805
    0.8793
    0.8779
    0.8757
    0.8765
    0.8774
    0.8765
    0.8759
    0.8756
    0.8761
    0.8806
    0.8804
    0.8795
    0.8780
    0.8777
    0.8827
    0.8806
    0.8833
    0.8841
    0.8842
    0.8847
    0.8859
    0.8844
    0.8887
    0.8875
    0.8883
    0.8886
    0.8878
    0.8884
    0.8885
    0.8890
    0.8917
    0.8935
    0.8925
    0.8913
    0.8894
    0.8876
    0.8840
    0.8798
    0.8806
    0.8826
    0.8827
    0.8827
    0.8836
    0.8828
    0.8813
    0.8805
    0.8803
    0.8804
    0.8796
    0.8797
    0.8779
    0.8792
    0.8790
    0.8782
    0.8757
    0.8746
    0.8737
    0.8726
    0.8711
    0.8778
    0.8780
    0.8787
    0.8805
    0.8801
    0.8801
    0.8795
    0.8782
    0.8789
    0.8797
    0.8801
    0.8808
    0.8810
    0.8807
    0.8798
    0.8791
    0.8827
    0.8827
    0.8822
    0.8836
    0.8837
    0.8829
    0.8831
    0.8822
    0.8822
    0.8821
    0.8840
    0.8834
    0.8819
    0.8823
    0.8808
    0.8790
    0.8761
    0.8767
    0.8750
    0.8730
    0.8730
    0.8730
    0.8722
    0.8739
    0.8759
    0.8751
    0.8753
    0.8757
    0.8755
    0.8767
    0.8774
    0.8759
    0.8729
    0.8704
    0.8703
    0.8697
    0.8661
    0.8641
    0.8624
    0.8644
    0.8647
    0.8630
    0.8624
    0.8623
    0.8622
    0.8599
    0.8615
    0.8627
    0.9122
    0.9257
    0.9301
    0.9329
    0.9337
    0.9381
    0.9415
    0.9429
    0.9458
    0.9494
    0.9480
    0.9450
    0.9448
    0.9443
    0.9440
    0.9436
    0.9406
    0.9562
    0.9621
    0.9615
    0.9629
    0.9634
    0.9652
    0.9680
    0.9695
    0.9699
    0.9714
    0.9698
    0.9714
    0.9705
    0.9662
    0.9671
    0.9667
    0.9649
    0.9648
    0.9646
    0.9631
    0.9644
    0.9639
    0.9642
    0.9647
    0.9658
    0.9683
    0.9473
    0.9480
    0.9474
    0.9507
    0.9523
    0.9581
    0.9607
    0.9611
    0.9595
    0.9593
    0.9587
    0.9586
    0.9571
    0.9578
    0.9580
    0.9589
    0.9484
    0.9500
    0.9506
    0.9500
    0.9514
    0.9503
    0.9522
    0.9580
    0.9589
    0.9617
    0.9643
    0.9672
    0.9656
    0.9668
    0.9701
    0.9701
    0.9698
    0.9653
    0.9661
    0.9668
    0.9663
    0.9665
    0.9664
    0.9685
    0.9688
    0.9681
    0.9706
    0.9700
    0.9721
    0.9703
    0.9687
    0.9700
    0.9790
    0.9821
    0.9802
    0.9807
    0.9820
    0.9793
    0.9787
    0.9804
    0.9820
    0.9870
    0.9878
    0.9872
    0.9866
    0.9846
    0.9837
    0.9845
    0.9909
    1.0107
    1.0158
    1.0170
    1.0135
    1.0132
    1.0107
    1.0096
    1.0154
    1.0145
    1.0192
    1.0218
    1.0228
    1.0245
    1.0234
    1.0227
    1.0176
    1.0163
    1.0137
    1.0378
    1.0337
    1.0340
    1.0339
    1.0339
    1.0370
    1.0384
    1.0363
    1.0378
    1.0417
    1.0436
    1.0443
    1.0511
    1.0517
    1.0517
    1.0528
    1.0582
    1.0684
    1.0720
    1.0696
    1.0685
    1.0692
    1.0653
    1.0641
    1.0659
    1.0649
    1.0648
    1.0634
    1.0625
    1.0613
    1.0101
    1.0103
    1.0044
    1.0034
    1.0028
    1.0000
    1.0033
    1.0020
    0.9988
    0.9963
    0.9950
    0.9935
    0.9938
    0.9930
    0.9961
    0.9967
    0.9595
    0.9541
    0.9536
    0.9612
    0.9640
    0.9699
    0.9730
    0.9550
    0.9539
    0.9535
    0.9528
    0.9523
    0.9536
    0.9528
    0.9523
    0.9472
    0.9441
    0.9230
    0.9214
    0.9191
    0.9416
    0.9388
    0.9351
    0.9339
    0.9324
    0.9274
    0.9262
    0.9269
    0.9236
    0.9233
    0.9232
    0.9237
    0.9243
    0.9209
    0.9181
    0.9151
    0.9138
    0.9169
    0.9292
    0.9477
    0.9490
    0.9504
    0.9516
    0.9490
    0.9459
    0.9432
    0.9470
    0.9453
    0.9449
    0.9455
    0.9470
    0.9495
    0.9503
    0.9512
    0.9530
    0.9566
    0.9554
    0.9547
    0.9547
    0.9546
    0.9644
    0.9630
    0.9624
    0.9632
    0.9628
    0.9633
    0.9609
    0.9587
    0.9589
    0.9561
    0.9552
    0.9533
    0.9534
    0.9517
    0.9537
    0.9527
    0.9507
    0.9510
    0.9520
    0.9530
    0.9547
    0.9569
    0.9546
    0.9544
    0.9543
    0.9539
    0.9544
    0.9553
    0.9544
    0.9538
    0.9546
    0.9541
    0.9531
    0.9528
    0.9514
    0.9509
    0.9518
    0.9533
    0.9525
    0.9518
    0.9458
    0.9430
    0.9443
    0.9444
    0.9443
    0.9431
    0.9431
    0.9431
    0.9420
    0.9390
    0.9406
    0.9356
    0.9350
    0.9348
    0.9347
    0.9355
    0.9367
    0.9382
    0.9380
    0.9364
    0.9330
    0.9176
    0.9127
    0.9128
    0.9126
    0.9150
    0.9167
    0.9186
    0.9202
    0.9159
    0.9174
    0.9189
    0.9188
    0.9171
    0.9142
    0.9144
    0.9145
    0.9147
    0.9154
    0.9169
    0.9183
    0.9183
    0.9197
    0.9210
    0.9020
    0.9013
    0.9003
    0.9005
    0.9002
    0.9002
    0.9002
    0.8981
    0.8970
    0.8993
    0.8985
    0.8966
    0.8968
    0.8974
    0.8942
    0.8942
    0.8935
    0.8943
    0.8933
    0.8932
    0.8913
    0.8841
    0.8823
    0.8828
    0.8837
    0.8837
    0.8835
    0.8846
    0.8858
    0.8870
    0.8851
    0.8860
    0.8860
    0.8872
    0.8872
    0.8875
    0.8878
    0.8952
    0.8928
    0.8918
    0.8888
    0.8860
    0.8834
    0.8834
    0.8840
    0.8803
    0.8788
    0.8784
    0.8777
    0.8783
    0.8790
    0.8784
    0.8784
    0.8755
    0.8757
    0.8742
    0.8765
    0.8837
    0.9160
    0.9226
    0.9242
    0.9242
    0.9158
    0.9122
    0.9094
    0.9118
    0.9107
    0.9090
    0.9048
    0.9023
    0.9023
    0.9012
    0.9030
    0.8997
    0.9005
    0.8981
    0.9029
    0.9061
    0.9241
    0.9331
    0.9331
    0.9340
    0.9388
    0.9080
    0.9125
    0.9176
    0.9207
    0.9237
    0.9282
    0.9282
    0.9316
    0.9354
    0.9358
    0.9445
    0.9471
    0.9498
    0.9490
    0.9457
    0.9457
    0.9505
    0.9542
    0.9588
    0.9648
    0.9699
    0.9643
