    0.8974
    0.8891
    0.6372
    0.3645
    0.6200
    0.3564
    1.7729
    2.0438
    1.5270
    1.3922
    0.7567
    1.0575
    1.3451
    1.9718
    2.7688
    2.4842
    2.1313
    2.0972
    2.4494
    2.5270
    2.6436
    1.9893
    1.4642
    1.2360
    1.1605
    0.8238
    0.8506
    0.9180
    0.8720
    0.8005
    0.8523
    0.8318
    0.8945
    0.8752
    0.8769
    0.8107
    0.7725
    0.8524
    0.8637
    0.8643
    0.9902
    1.0786
    1.1593
    1.0901
    1.2055
    1.2799
    1.3510
    1.3296
    1.6345
    1.7040
    1.7033
    1.6572
    1.8145
    1.9987
    2.0999
    2.3435
    2.5639
    2.5296
    2.7895
    3.0893
    3.4911
    3.0922
    2.9214
    2.9818
    3.3902
    3.2257
    3.0182
    2.7237
    2.9724
    3.1474
    3.0623
    3.0592
    3.1602
    3.2418
    3.1235
    2.9154
    2.8559
    2.8655
    3.0811
    2.9823
    2.8448
    3.0909
    3.1790
    3.3533
    3.7045
    4.2195
    4.5096
    4.5595
    4.6474
    4.8758
    4.8737
    4.9966
    4.9317
    5.0076
    5.0579
    5.2344
    5.0362
    5.2553
    5.2498
    5.1720
    5.1017
    4.9880
    5.0066
    5.0328
    5.0695
    4.9897
    4.7251
    4.5691
    4.3012
    4.2934
    4.2456
    4.5208
    4.6659
    4.6544
    4.7908
    4.9350
    5.1012
    5.2103
    5.6603
    6.1277
    6.1390
    6.5476
    6.5235
    6.6259
    6.4324
    6.9015
    6.9672
    6.9735
    6.9347
    6.8144
    6.3861
    6.3500
    6.2932
    6.4061
    5.9878
    5.7702
    5.8541
    5.9864
    5.5326
    5.3793
    5.2898
    5.2190
    4.9628
    4.9088
    4.8049
    4.6405
    4.5101
    4.5403
    4.4774
    4.4117
    4.0950
    3.9745
    3.9196
    3.7631
    3.6242
    3.6836
    3.6292
    3.4934
    3.2559
    3.1452
    3.2041
    3.1374
    3.0698
    3.0599
    3.0137
    3.1057
    3.0872
    3.0236
    2.9920
    3.0302
    3.0514
    2.8906
    2.9123
    2.9306
    3.0387
    2.9829
    2.9891
    3.0511
    3.0545
    3.0250
    2.9974
    2.9879
    2.8287
    2.8371
    2.8415
    2.8048
    2.7982
    2.7263
    2.7243
    2.8180
    2.8930
    2.8550
    2.8119
    2.8821
    2.8126
    2.7596
    2.6925
    2.6703
    2.6439
    2.6411
    2.5730
    2.5829
    2.4944
    2.4563
    2.3425
    2.3475
    2.3206
    2.3257
    2.2715
    2.2483
    2.2672
    2.2419
    2.2473
    2.2509
    2.2548
    2.2330
    2.2662
    2.2271
    2.2221
    2.2271
    2.1864
    2.2005
    2.2086
    2.1834
    2.1927
    2.1958
    2.1781
    2.1795
    2.1698
    2.1700
    2.1797
    2.1617
    2.1266
    2.1156
    2.0709
    2.0804
    2.0180
    1.9884
    1.9642
    1.9395
    1.8921
    1.9051
    1.9037
    1.8838
    1.8589
    1.8490
    1.8334
    1.8285
    1.8443
    1.8193
    1.8287
    1.8247
    1.8739
    1.8702
    1.8978
    1.9417
    1.9440
    1.9920
    1.9852
    1.9617
    1.9704
    1.9867
    2.0025
    1.9934
    1.9723
    1.9953
    2.0088
    1.9992
    2.0049
    1.9597
    1.8871
    1.9033
    1.8710
    1.8656
    1.8293
    1.7933
    1.7678
    1.7702
    1.7572
    1.7113
    1.6900
    1.6567
    1.6347
    1.5917
    1.5916
    1.5667
    1.5259
    1.5064
    1.4953
    1.4743
    1.4640
    1.4595
    1.4444
    1.4309
    1.4259
    1.4262
    1.4100
    1.4187
    1.4285
    1.4204
    1.4406
    1.4006
    1.4127
    1.4295
    1.4081
    1.3933
    1.3819
    1.3908
    1.3980
    1.4107
    1.4146
    1.4069
    1.4124
    1.3893
    1.4042
    1.4101
    1.4177
    1.3863
    1.3972
    1.3948
    1.3938
    1.3883
    1.3534
    1.3470
    1.3505
    1.3489
    1.3510
    1.3421
    1.3223
    1.3150
    1.3082
    1.3035
    1.2945
    1.2959
    1.2841
    1.2939
    1.2915
    1.2603
    1.2512
    1.2489
    1.2570
    1.2828
    1.2987
    1.2972
    1.2957
    1.2874
    1.2955
    1.3157
    1.3201
    1.3086
    1.2963
    1.2812
    1.2936
    1.3054
    1.3175
    1.3134
    1.3328
    1.3347
    1.3348
    1.3812
    1.3918
    1.4017
    1.3984
    1.4014
    1.4332
    1.4474
    1.4547
    1.4681
    1.4928
    1.5020
    1.5278
    1.5528
    1.5921
    1.6107
    1.6236
    1.6011
    1.6321
    1.6511
    1.6635
    1.7012
    1.6986
    1.7109
    1.7075
    1.7212
    1.7357
    1.7595
    1.7662
    1.7536
    1.7799
    1.7803
    1.7972
    1.7917
    1.8040
    1.8122
    1.8161
    1.8492
    1.8492
    1.8401
    1.8499
    1.8398
    1.8207
    1.8193
    1.7721
    1.7635
    1.7556
    1.7487
    1.7468
    1.7364
    1.7344
    1.7336
    1.6974
    1.6744
    1.6700
    1.6587
    1.6543
    1.6829
    1.6738
    1.6682
    1.6746
    1.6566
    1.6492
    1.6382
    1.6391
    1.6310
    1.6436
    1.6543
    1.6716
    1.6818
    1.6664
    1.6739
    1.6635
    1.6586
    1.6344
    1.6448
    1.6433
    1.6811
    1.6992
    1.6891
    1.6878
    1.6827
    1.7110
    1.7334
    1.7304
    1.7412
    1.7406
    1.7343
    1.7400
    1.7515
    1.7479
    1.7351
    1.7335
    1.7314
    1.7144
    1.7092
    1.7174
    1.7336
    1.7356
    1.7562
    1.7487
    1.7207
    1.7243
    1.7272
    1.7411
    1.7406
    1.7399
    1.7469
    1.7456
    1.7315
    1.7197
    1.7152
    1.7017
    1.6878
    1.6973
    1.6909
    1.6610
    1.6558
    1.6607
    1.6617
    1.6566
    1.6554
    1.6364
    1.6353
    1.6385
    1.6352
    1.6247
    1.6196
    1.6114
    1.6039
    1.5995
    1.5722
    1.5671
    1.5606
    1.5598
    1.5625
    1.5622
    1.5671
    1.5627
    1.5405
    1.5335
    1.5331
    1.5282
    1.5157
    1.5222
    1.5268
    1.5231
    1.5319
    1.5322
    1.5496
    1.5477
    1.5609
    1.5549
    1.5578
    1.5606
    1.5540
    1.5732
    1.5573
    1.5723
    1.5940
    1.6162
    1.6329
    1.6477
    1.6694
    1.6760
    1.6709
    1.6742
    1.6910
    1.6984
    1.7148
    1.7352
    1.7378
    1.7404
    1.7430
    1.7537
    1.7728
    1.7779
    1.7865
    1.8024
    1.7890
    1.7881
    1.8107
    1.8198
    1.8000
    1.7950
    1.8031
    1.7935
    1.7924
    1.7992
    1.8161
    1.8086
    1.8133
    1.8046
    1.8039
    1.8091
    1.8159
    1.8121
    1.7931
    1.7920
    1.8093
    1.8063
    1.8088
    1.8152
    1.8091
    1.8067
    1.8010
    1.8138
    1.8326
    1.8300
    1.8363
    1.8297
    1.8339
    1.8397
    1.8352
    1.8264
    1.8051
    1.8063
    1.7970
    1.7902
    1.7815
    1.7826
    1.7994
    1.7815
    1.7756
    1.7529
    1.7589
    1.7575
    1.7488
    1.7502
    1.7278
    1.7209
    1.7338
    1.7361
    1.7213
    1.7255
    1.7325
    1.7303
    1.7182
    1.7106
    1.7260
    1.7417
    1.7254
    1.7094
    1.7030
    1.7045
    1.6987
    1.7154
    1.7297
    1.7354
    1.7325
    1.7252
    1.7410
    1.7444
    1.7513
    1.7587
    1.7610
    1.7655
    1.7917
    1.8154
    1.8403
    1.8462
    1.8453
    1.8579
    1.8573
    1.8584
    1.8685
    1.8565
    1.8520
    1.8883
    1.8989
    1.9214
    1.9278
    1.9490
    1.9538
    1.9566
    1.9771
    1.9871
    1.9877
    2.0075
    2.0241
    2.0241
    2.0222
    2.0395
    2.0457
    2.0329
    2.0478
    2.0676
    2.0863
    2.0922
    2.0841
    2.1017
    2.1177
    2.1226
    2.1093
    2.1210
    2.1358
    2.1156
    2.1038
    2.0808
    2.0793
    2.0827
    2.0820
    2.0815
    2.0799
    2.0785
    2.0696
    2.0812
    2.0776
    2.0980
    2.1266
    2.1289
    2.1328
    2.1333
    2.1135
    2.0886
    2.0826
    2.0590
    2.0534
    2.0587
    2.0826
    2.0862
    2.0774
    2.0692
    2.0648
    2.0950
    2.1281
    2.1587
    2.1673
    2.1708
    2.1679
    2.1683
    2.1688
    2.1845
    2.1894
    2.1757
    2.1784
    2.1937
    2.2062
    2.2067
    2.2191
    2.2302
    2.2492
    2.2525
    2.2509
    2.2492
    2.2685
    2.2664
    2.2699
    2.2800
    2.2841
    2.2978
    2.3174
    2.2927
    2.3020
    2.2920
    2.3150
    2.3130
    2.3169
    2.3388
    2.3483
    2.3474
    2.3550
    2.3579
    2.3428
    2.3634
    2.3663
    2.3554
    2.3511
    2.3641
    2.3837
    2.3787
    2.3558
    2.3660
    2.3882
    2.3961
    2.3934
    2.4202
    2.4034
    2.3989
    2.4039
    2.4025
    2.4248
    2.4285
    2.4350
    2.4346
    2.4486
    2.4556
    2.4555
    2.4631
    2.4747
    2.4815
    2.5193
    2.5439
    2.5474
    2.5576
    2.5543
    2.5610
    2.5932
    2.6219
    2.6087
    2.6152
    2.6296
    2.6377
    2.6489
    2.6282
    2.6204
    2.6245
    2.6398
    2.6406
    2.6139
    2.6066
    2.6187
    2.6182
    2.6399
    2.6475
    2.6459
    2.6473
    2.6310
    2.6149
    2.5973
    2.5990
    2.6050
    2.6076
    2.6048
    2.5949
    2.5954
    2.6024
    2.6014
    2.6190
    2.6279
    2.6256
    2.6125
    2.6099
    2.5919
    2.5923
    2.5789
    2.5774
    2.5771
    2.5792
    2.5778
    2.5679
    2.5709
    2.5968
    2.5836
    2.5757
    2.5661
    2.5614
    2.5660
    2.5624
    2.5612
    2.5493
    2.5621
    2.5695
    2.5706
    2.5700
    2.5548
    2.5670
    2.5702
    2.5711
    2.5552
    2.5548
    2.5477
    2.5504
    2.5488
    2.5312
    2.5266
    2.5287
    2.5305
    2.5385
    2.5445
    2.5417
    2.5501
    2.5537
    2.5500
    2.5744
    2.5703
    2.5696
    2.5491
    2.5655
    2.5371
    2.5261
    2.5166
    2.5022
    2.4976
    2.4998
    2.5004
    2.4956
    2.4922
    2.4956
    2.5138
    2.5102
    2.5282
    2.5229
    2.5328
    2.5320
    2.5246
    2.5213
    2.5196
    2.5153
    2.5170
    2.5124
    2.4861
    2.4704
    2.4700
    2.4324
    2.4385
    2.4709
    2.4782
    2.4857
    2.4780
    2.4777
    2.4615
    2.4609
    2.4564
    2.4749
    2.4866
    2.4682
    2.4658
    2.4380
    2.4382
    2.4225
    2.4219
    2.4152
    2.4111
    2.4090
    2.4088
    2.4095
    2.4069
    2.3925
    2.3962
    2.3903
    2.3895
    2.3843
    2.3881
    2.3637
    2.3306
    2.3640
    2.3792
    2.3367
    2.3307
    2.3287
    2.3142
    2.3174
    2.3074
    2.2916
    2.2800
    2.2657
    2.2705
    2.2658
    2.2651
    2.2596
    2.2959
    2.2988
    2.3098
    2.3337
    2.3546
    2.3597
    2.3471
    2.3471
    2.3480
    2.3977
    2.4068
    2.4286
    2.4276
    2.4221
    2.4285
    2.4019
    2.4019
    2.4134
    2.4392
    2.4500
    2.4461
    2.4564
    2.4576
    2.4768
    2.4836
    2.4836
    2.4864
    2.4841
    2.4619
    2.4401
    2.4622
    2.4678
    2.4883
    2.4873
    2.4405
    2.4405
    2.4381
    2.4224
    2.4196
    2.4033
    2.3976
    2.3828
    2.3762
    2.3595
    2.3595
    2.4039
    2.3831
    2.4017
    2.3727
    2.3318
    2.2817
    2.3117
    2.3024
    2.3024
    2.2766
    2.2590
    2.2692
    2.3020
    2.3134
    2.3333
    2.2647
    2.3028
    2.3028
    2.2516
    2.2161
    2.2207
    2.1821
    2.1787
    2.1890
    2.2632
    2.3117
    2.3117
    2.3321
    2.2798
    2.3201
    2.3163
    2.3427
    2.3325
    2.3089
    2.2962
    2.2962
    2.2182
    2.1845
    2.1688
    2.1702
    2.2024
    2.1459
    2.1647
    2.1471
    2.1128
    2.1128
    2.1456
    2.1119
    2.1466
    2.1506
    2.1569
    2.1363
    2.0891
    2.0354
    2.0354
    1.9975
    1.9662
    1.9211
    1.9261
    1.8953
    1.7938
    1.8086
    1.7428
    1.7428
    1.7468
    1.7765
    1.7540
    1.7095
    1.6848
    1.6767
