    1.8342
    2.2909
    1.9405
    4.5961
    2.0354
    1.1249
    1.4286
    0.5184
    0.7641
    1.1471
    1.8363
    2.1491
    1.6045
    1.0937
    1.4067
    1.8746
    3.3260
    2.8598
    2.3907
    1.6064
    1.5524
    0.9200
    1.1221
    1.1364
    1.4009
    0.9888
    0.9944
    0.9957
    0.8558
    0.9466
    0.8877
    0.8105
    0.8165
    0.9825
    0.8365
    0.8325
    0.8157
    0.8139
    0.7204
    0.8707
    1.1632
    1.1985
    1.1592
    1.2525
    1.2789
    1.4047
    1.5918
    1.6792
    1.6861
    1.6348
    1.4169
    1.5480
    1.3923
    1.3200
    1.2690
    1.1751
    1.1840
    1.0516
    0.9073
    0.8165
    0.8549
    0.8975
    0.8730
    0.8615
    0.8028
    0.7636
    0.8153
    0.8278
    0.7831
    0.8248
    0.8550
    0.8992
    0.9178
    0.9126
    0.9019
    0.9470
    0.9048
    0.9259
    0.9522
    1.0074
    1.1072
    1.1885
    1.1940
    1.1540
    1.1465
    1.1200
    1.2830
    1.2950
    1.2706
    1.3650
    1.3224
    1.3635
    1.2963
    1.3708
    1.4152
    1.3613
    1.3087
    1.2506
    1.2461
    1.2767
    1.3782
    1.4189
    1.3647
    1.3753
    1.4139
    1.4515
    1.4572
    1.4983
    1.4566
    1.4722
    1.5491
    1.4455
    1.4453
    1.4357
    1.3838
    1.3632
    1.3526
    1.3120
    1.3236
    1.3262
    1.3456
    1.3713
    1.3546
    1.3071
    1.3093
    1.2967
    1.2951
    1.2632
    1.2731
    1.3619
    1.3544
    1.3285
    1.3768
    1.3750
    1.3116
    1.3047
    1.2986
    1.3276
    1.2616
    1.1954
    1.2976
    1.2280
    1.1761
    1.1834
    1.2130
    1.2323
    1.2173
    1.2304
    1.2976
    1.2673
    1.2013
    1.1929
    1.1498
    1.1300
    1.1755
    1.2398
    1.2696
    1.3032
    1.3349
    1.3117
    1.3233
    1.2737
    1.2091
    1.2629
    1.2827
    1.2835
    1.2139
    1.1467
    1.1762
    1.1978
    1.1791
    1.1799
    1.1818
    1.2321
    1.2448
    1.2474
    1.2536
    1.2635
    1.2676
    1.3428
    1.3913
    1.3507
    1.3361
    1.3106
    1.3328
    1.3066
    1.3321
    1.3205
    1.3910
    1.4700
    1.4598
    1.4675
    1.4191
    1.4098
    1.4076
    1.4189
    1.4054
    1.4202
    1.4075
    1.3654
    1.3461
    1.3952
    1.3798
    1.4072
    1.4027
    1.3705
    1.3712
    1.3731
    1.4314
    1.4560
    1.4406
    1.4972
    1.5284
    1.5155
    1.5174
    1.5372
    1.5654
    1.5156
    1.4358
    1.4386
    1.3865
    1.3897
    1.4374
    1.4046
    1.4007
    1.3804
    1.3704
    1.3125
    1.3663
    1.3546
    1.3921
    1.4474
    1.4330
    1.4617
    1.4658
    1.4322
    1.4531
    1.4071
    1.4012
    1.3656
    1.3552
    1.3500
    1.3647
    1.3933
    1.3681
    1.3548
    1.3401
    1.3419
    1.3039
    1.2990
    1.2875
    1.3112
    1.2980
    1.2333
    1.2004
    1.2107
    1.1854
    1.1623
    1.1733
    1.1468
    1.1495
    1.1319
    1.1012
    1.1286
    1.1574
    1.1761
    1.1529
    1.1492
    1.1426
    1.1511
    1.1399
    1.1274
    1.1173
    1.1218
    1.1235
    1.1586
    1.1516
    1.2174
    1.2421
    1.2244
    1.1926
    1.2137
    1.2164
    1.2237
    1.2494
    1.2537
    1.2796
    1.2643
    1.2855
    1.2895
    1.2642
    1.2322
    1.2294
    1.2162
    1.1993
    1.1629
    1.1978
    1.2182
    1.2241
    1.2013
    1.2380
    1.2512
    1.2683
    1.2836
    1.2663
    1.2812
    1.2940
    1.2976
    1.3325
    1.3675
    1.4534
    1.4448
    1.4647
    1.4986
    1.4993
    1.5215
    1.4854
    1.4856
    1.4897
    1.4771
    1.4653
    1.5347
    1.5058
    1.5366
    1.5534
    1.5405
    1.5888
    1.5630
    1.5834
    1.5834
    1.6072
    1.6341
    1.6307
    1.6028
    1.5825
    1.6203
    1.6546
    1.6554
    1.6679
    1.6956
    1.6943
    1.7757
    1.8849
    1.9296
    1.9580
    1.9753
    2.0302
    2.0425
    2.0866
    2.0918
    2.0894
    2.1446
    2.1563
    2.1741
    2.1687
    2.1843
    2.1760
    2.1744
    2.1747
    2.0866
    2.1315
    2.1437
    2.1475
    2.1647
    2.2017
    2.1675
    2.1643
    2.2175
    2.2538
    2.2470
    2.2879
    2.3428
    2.3804
    2.3665
    2.3500
    2.3871
    2.4021
    2.4983
    2.4959
    2.4665
    2.4856
    2.4420
    2.4604
    2.4934
    2.4780
    2.4848
    2.4439
    2.4611
    2.4319
    2.4329
    2.4588
    2.4339
    2.4806
    2.4702
    2.4701
    2.4370
    2.4472
    2.4677
    2.4934
    2.5526
    2.5580
    2.5209
    2.5511
    2.5743
    2.6177
    2.5702
    2.5981
    2.6349
    2.6410
    2.6012
    2.5816
    2.5981
    2.6106
    2.6678
    2.6494
    2.6515
    2.6269
    2.6153
    2.6437
    2.6647
    2.6858
    2.6697
    2.7023
    2.6722
    2.7216
    2.6843
    2.6829
    2.6971
    2.7049
    2.7226
    2.6940
    2.7081
    2.6874
    2.6918
    2.6825
    2.7017
    2.6595
    2.6392
    2.5774
    2.5581
    2.5899
    2.5507
    2.5418
    2.5504
    2.5782
    2.5414
    2.5520
    2.5771
    2.5563
    2.5471
    2.5677
    2.5372
    2.5967
    2.6004
    2.5692
    2.5578
    2.5787
    2.5685
    2.5717
    2.5944
    2.5514
    2.4901
    2.4572
    2.3953
    2.3582
    2.3715
    2.3310
    2.3403
    2.3245
    2.3081
    2.3090
    2.2962
    2.2740
    2.2195
    2.2118
    2.1533
    2.1344
    2.1116
    2.0971
    2.0980
    2.0995
    2.0757
    2.0748
    2.0661
    2.0480
    2.0299
    1.9944
    2.0018
    1.9997
    1.9630
    1.9352
    1.9331
    1.9194
    1.9118
    1.9232
    1.8942
    1.8795
    1.9096
    1.9340
    1.9325
    1.8916
    1.8962
    1.8848
    1.8886
    1.8578
    1.8581
    1.8623
    1.8317
    1.8069
    1.8011
    1.7899
    1.7815
    1.7456
    1.7496
    1.7501
    1.7521
    1.7656
    1.7789
    1.7841
    1.7776
    1.7671
    1.7694
    1.7612
    1.7155
    1.7306
    1.6977
    1.7000
    1.6714
    1.6584
    1.6687
    1.6542
    1.6666
    1.6617
    1.6365
    1.6250
    1.5893
    1.5976
    1.5979
    1.5859
    1.5936
    1.5932
    1.5657
    1.5576
    1.5347
    1.5209
    1.5248
    1.5099
    1.4986
    1.4884
    1.4810
    1.4851
    1.4733
    1.4684
    1.4573
    1.4499
    1.4257
    1.4138
    1.4043
    1.4066
    1.4016
    1.3827
    1.3801
    1.3740
    1.3676
    1.3658
    1.3571
    1.3457
    1.3317
    1.3248
    1.3290
    1.3291
    1.3360
    1.3370
    1.3396
    1.3295
    1.3307
    1.3277
    1.3338
    1.3392
    1.3294
    1.3372
    1.3280
    1.3356
    1.3441
    1.3456
    1.3381
    1.3417
    1.3364
    1.3376
    1.3343
    1.3346
    1.3427
    1.3314
    1.3287
    1.3241
    1.3251
    1.3264
    1.3341
    1.3237
    1.3363
    1.3367
    1.3366
    1.3373
    1.3293
    1.3369
    1.3327
    1.3395
    1.3321
    1.3340
    1.3281
    1.3252
    1.3400
    1.3662
    1.3725
    1.3798
    1.3861
    1.3851
    1.4144
    1.4222
    1.4121
    1.4064
    1.4111
    1.4118
    1.4125
    1.4143
    1.4094
    1.3850
    1.3709
    1.3549
    1.3554
    1.3715
    1.3690
    1.3612
    1.3586
    1.3525
    1.3757
    1.3768
    1.3676
    1.3670
    1.3765
    1.3831
    1.3846
    1.3883
    1.3968
    1.3930
    1.4096
    1.4069
    1.4078
    1.4059
    1.3990
    1.4014
    1.4057
    1.3944
    1.3944
    1.3935
    1.3903
    1.3882
    1.3850
    1.3888
    1.4027
    1.4300
    1.4435
    1.4446
    1.4533
    1.4781
    1.4790
    1.4617
    1.4736
    1.4867
    1.4904
    1.4790
    1.4661
    1.4841
    1.4837
    1.5022
    1.5137
    1.5112
    1.4996
    1.5007
    1.5066
    1.4961
    1.4986
    1.4968
    1.5034
    1.5210
    1.5258
    1.5276
    1.5169
    1.5316
    1.5279
    1.5513
    1.5718
    1.5919
    1.5869
    1.6181
    1.6447
    1.6606
    1.6795
    1.6824
    1.6820
    1.6936
    1.6883
    1.6950
    1.6698
    1.6781
    1.6644
    1.6825
    1.6821
    1.6843
    1.6736
    1.7000
    1.7087
    1.7251
    1.7292
    1.7422
    1.7442
    1.7470
    1.7471
    1.7275
    1.7365
    1.7376
    1.7328
    1.7442
    1.7467
    1.7301
    1.7288
    1.7277
    1.7474
    1.7396
    1.7327
    1.7138
    1.7356
    1.7787
    1.7826
    1.8102
    1.8262
    1.8351
    1.8614
    1.8695
    1.8537
    1.8636
    1.9020
    1.8976
    1.9146
    1.9494
    1.9603
    2.0049
    2.0027
    2.0181
    2.0309
    2.0532
    2.0681
    2.0842
    2.0851
    2.1021
    2.1092
    2.1220
    2.1213
    2.1432
    2.1627
    2.1626
    2.1735
    2.1752
    2.1928
    2.2099
    2.2156
    2.2176
    2.2200
    2.2520
    2.2628
    2.2649
    2.2696
    2.2663
    2.2689
    2.2820
    2.3028
    2.3211
    2.3186
    2.3256
    2.3322
    2.3299
    2.3426
    2.3692
    2.3913
    2.3959
    2.4175
    2.4338
    2.4667
    2.4685
    2.4999
    2.5193
    2.5266
    2.5570
    2.5726
    2.5870
    2.5993
    2.6214
    2.6259
    2.6412
    2.6631
    2.6794
    2.7143
    2.7369
    2.7609
    2.7833
    2.8010
    2.8070
    2.8109
    2.8528
    2.8687
    2.8836
    2.8966
    2.9110
    2.9297
    2.9454
    2.9468
    2.9696
    2.9814
    3.0066
    3.0226
    3.0223
    3.0381
    3.0450
    3.0749
    3.0980
    3.1064
    3.1302
    3.1333
    3.1545
    3.1695
    3.1753
    3.1974
    3.2040
    3.2185
    3.2208
    3.2570
    3.2568
    3.2530
    3.2962
    3.3197
    3.3325
    3.3273
    3.3279
    3.3353
    3.3505
    3.3730
    3.4002
    3.4123
    3.4268
    3.4413
    3.4389
    3.4583
    3.4656
    3.4975
    3.5083
    3.5178
    3.5284
    3.5475
    3.5558
    3.5758
    3.5932
    3.5957
    3.5927
    3.6147
    3.6151
    3.6440
    3.6961
    3.6864
    3.7231
    3.7080
    3.7079
    3.6906
    3.6858
    3.6965
    3.7132
    3.7188
    3.7055
    3.6874
    3.6946
    3.6941
    3.7114
    3.7346
    3.7468
    3.8263
    3.8635
    3.8618
    3.9447
    3.9676
    4.0225
    4.0215
    4.0158
    4.0477
    4.0497
    4.0901
    4.0807
    4.1137
    4.1355
    4.1249
    4.1229
    4.1897
    4.1726
    4.1985
    4.2346
    4.2779
    4.2853
    4.3701
    4.3926
    4.3917
    4.3965
    4.4588
    4.4476
    4.4962
    4.6074
    4.5991
    4.6930
    4.7035
    4.7035
    4.6702
    4.6914
    4.7413
    4.8532
    4.8997
    4.9024
    4.9487
    4.9725
    4.9725
    5.0013
    4.9807
    5.0250
    5.0526
    5.0577
    5.1967
    5.1924
    5.1474
    5.1474
    5.2313
    5.2972
    5.3120
    5.2782
    5.2685
    5.2023
    5.3664
    5.3989
    5.3944
    5.3944
    5.4342
    5.5213
    5.5327
    5.5717
    5.5747
    5.6030
    5.6712
    5.7033
    5.7033
    5.9386
    6.0092
    6.0913
    6.0933
    6.1414
    6.0761
    6.1681
    6.1756
    6.1756
    6.1249
    6.1990
    6.1975
    6.2526
    6.3961
    6.3522
    6.3247
    6.3196
    6.3196
    6.3013
    6.5095
    6.6238
    6.5862
    6.4894
    6.5515
    6.6692
    6.7184
    6.7184
    6.8653
    6.9040
    7.2287
    7.4841
    7.4637
    7.3865
    7.4975
    7.5126
    7.5126
    7.6003
    7.6123
    7.5044
    7.6553
    7.6027
    7.6979
    7.8001
    8.1201
    8.0210
    8.0210
    8.2191
    8.2135
    8.2381
    8.2759
    8.5934
    8.7137
    8.6133
    8.7452
    8.7452
    8.8225
    8.9005
    9.1001
    9.2300
    9.2805
    9.5098
    9.5674
    9.8357
    9.8357
    9.8940
    9.6044
    9.3960
    9.4337
    9.5964
    9.6554
