    0.7044
    0.7616
    1.2319
    0.7325
    0.4755
    0.7178
    1.7896
    0.5606
    1.5730
    1.5570
    1.7761
    2.5739
    2.8740
    2.5641
    1.5495
    1.3110
    0.7107
    1.0699
    1.0061
    1.2637
    1.7649
    1.5461
    1.7846
    1.9382
    1.3323
    1.1259
    1.1843
    1.4063
    1.3073
    1.0767
    0.9598
    1.0031
    1.1200
    1.1162
    1.2532
    1.1601
    1.1098
    1.0585
    1.0459
    1.1172
    1.2024
    1.1346
    1.1408
    0.8683
    0.8248
    0.8521
    0.8682
    1.1312
    1.2132
    1.1740
    1.2627
    1.1528
    1.0849
    1.0718
    1.0859
    1.1634
    1.0618
    0.9813
    0.9801
    0.8305
    0.8351
    0.8849
    0.9033
    0.8938
    0.9966
    1.1653
    1.3813
    1.5953
    1.5453
    1.5704
    2.1323
    2.5040
    3.0247
    2.5695
    2.4676
    3.0533
    2.9491
    2.7827
    2.4064
    2.2638
    2.1613
    1.9637
    1.8593
    1.7163
    1.5801
    1.3686
    1.4785
    1.3077
    1.1913
    1.1675
    1.1846
    1.1328
    1.1136
    1.1549
    1.2183
    1.2581
    1.2345
    1.2410
    1.3398
    1.4908
    1.4659
    1.4076
    1.4833
    1.5151
    1.4122
    1.4683
    1.4417
    1.5067
    1.4673
    1.5089
    1.6429
    1.6655
    1.7285
    1.6664
    1.5657
    1.5150
    1.5526
    1.5659
    1.4843
    1.4983
    1.3723
    1.3547
    1.4677
    1.4454
    1.4393
    1.2269
    1.2043
    1.2157
    1.1624
    1.1583
    1.2807
    1.3970
    1.3128
    1.4212
    1.4001
    1.4131
    1.3789
    1.3115
    1.2431
    1.2976
    1.3167
    1.3725
    1.4141
    1.5126
    1.4967
    1.5818
    1.4690
    1.4435
    1.3497
    1.3547
    1.3057
    1.3483
    1.2817
    1.3090
    1.2280
    1.1738
    1.1706
    1.1550
    1.2118
    1.1552
    1.1466
    1.1945
    1.1910
    1.1133
    1.1235
    1.1363
    1.0916
    1.0959
    1.0786
    1.0767
    1.0527
    1.0198
    1.0366
    1.0063
    1.0164
    1.0274
    1.0250
    1.0434
    1.0260
    1.0076
    0.9612
    0.9971
    0.9886
    1.0099
    1.0284
    1.0110
    0.9831
    1.0441
    1.0209
    1.0443
    1.0545
    1.0982
    1.0882
    1.0373
    1.0765
    1.1177
    1.1684
    1.1846
    1.1562
    1.1965
    1.2598
    1.2754
    1.2920
    1.3340
    1.3303
    1.3360
    1.3419
    1.3443
    1.3425
    1.3910
    1.3892
    1.4258
    1.3772
    1.3602
    1.3955
    1.4442
    1.4869
    1.5381
    1.5351
    1.5616
    1.5987
    1.5777
    1.5434
    1.5561
    1.5085
    1.5330
    1.4604
    1.4410
    1.3992
    1.3721
    1.3650
    1.3682
    1.3938
    1.4297
    1.4504
    1.4686
    1.4060
    1.3972
    1.4259
    1.4332
    1.4484
    1.4393
    1.4822
    1.4797
    1.4627
    1.4547
    1.4765
    1.4516
    1.4136
    1.4158
    1.4266
    1.3804
    1.3505
    1.3234
    1.3178
    1.2799
    1.3018
    1.2840
    1.2856
    1.2711
    1.2828
    1.2732
    1.2747
    1.2319
    1.2332
    1.2166
    1.1971
    1.2175
    1.2363
    1.2244
    1.2094
    1.1971
    1.1998
    1.1811
    1.1841
    1.2255
    1.1936
    1.1942
    1.1618
    1.1518
    1.1611
    1.1677
    1.1758
    1.1849
    1.1744
    1.2075
    1.2218
    1.2344
    1.2554
    1.2815
    1.2803
    1.2788
    1.2694
    1.3137
    1.3432
    1.3607
    1.3570
    1.3924
    1.4108
    1.4007
    1.3644
    1.3780
    1.3847
    1.3477
    1.3335
    1.3298
    1.3431
    1.3561
    1.3343
    1.3217
    1.2798
    1.2570
    1.2667
    1.3323
    1.3131
    1.3404
    1.3773
    1.4292
    1.4562
    1.4449
    1.4295
    1.4548
    1.4610
    1.4407
    1.4378
    1.4314
    1.4563
    1.4616
    1.4637
    1.4628
    1.4533
    1.4518
    1.4777
    1.5194
    1.5627
    1.5590
    1.5789
    1.5682
    1.5791
    1.5760
    1.5354
    1.5341
    1.5335
    1.5554
    1.5829
    1.5283
    1.5013
    1.5352
    1.5620
    1.5936
    1.5806
    1.5890
    1.5977
    1.6107
    1.6052
    1.6239
    1.6232
    1.6358
    1.6604
    1.6550
    1.6546
    1.6587
    1.6495
    1.6316
    1.6455
    1.6752
    1.6740
    1.6567
    1.6638
    1.6835
    1.6788
    1.6623
    1.6517
    1.6686
    1.6625
    1.6668
    1.6680
    1.7097
    1.7177
    1.7199
    1.7309
    1.7550
    1.7669
    1.7851
    1.7971
    1.8013
    1.8092
    1.8054
    1.8296
    1.8440
    1.8739
    1.8581
    1.8835
    1.8868
    1.8912
    1.8684
    1.8848
    1.8887
    1.8725
    1.8455
    1.8703
    1.8544
    1.8649
    1.8679
    1.8864
    1.8831
    1.8948
    1.8865
    1.8812
    1.9074
    1.8916
    1.8783
    1.8812
    1.8650
    1.8666
    1.8789
    1.8922
    1.9214
    1.9280
    1.8927
    1.8771
    1.8665
    1.8764
    1.8910
    1.8687
    1.8723
    1.8864
    1.8508
    1.8925
    1.8805
    1.8929
    1.8816
    1.8835
    1.8612
    1.8339
    1.8977
    1.9378
    1.9159
    1.8923
    1.8843
    1.8513
    1.8334
    1.8172
    1.8131
    1.8108
    1.8008
    1.8109
    1.7873
    1.7773
    1.7443
    1.7237
    1.6933
    1.6915
    1.7069
    1.7017
    1.6721
    1.6826
    1.6705
    1.6728
    1.6529
    1.6370
    1.6337
    1.6388
    1.6390
    1.6313
    1.6134
    1.5796
    1.5866
    1.5840
    1.5894
    1.5727
    1.5586
    1.5581
    1.5601
    1.5641
    1.5306
    1.5333
    1.5234
    1.5184
    1.5104
    1.5300
    1.5332
    1.5066
    1.5066
    1.5037
    1.4964
    1.4872
    1.4842
    1.5185
    1.4910
    1.4860
    1.4605
    1.4630
    1.4693
    1.4830
    1.4902
    1.4857
    1.4763
    1.4885
    1.4897
    1.4849
    1.4959
    1.4900
    1.4620
    1.4643
    1.4701
    1.4820
    1.4855
    1.4789
    1.4776
    1.4695
    1.4647
    1.4848
    1.5075
    1.4807
    1.4629
    1.4299
    1.4272
    1.4348
    1.4358
    1.4485
    1.4515
    1.4387
    1.4335
    1.4395
    1.4305
    1.4358
    1.4351
    1.4277
    1.4076
    1.4221
    1.4177
    1.4021
    1.3961
    1.4009
    1.3840
    1.3954
    1.3806
    1.3920
    1.3887
    1.3830
    1.3912
    1.3822
    1.3835
    1.3664
    1.3631
    1.3630
    1.3464
    1.3394
    1.3283
    1.3186
    1.3422
    1.3458
    1.3483
    1.3474
    1.3564
    1.3725
    1.3714
    1.3812
    1.3601
    1.3559
    1.3442
    1.3225
    1.3510
    1.3516
    1.3513
    1.3568
    1.3509
    1.3392
    1.3522
    1.3509
    1.3547
    1.3512
    1.3546
    1.3563
    1.3548
    1.3536
    1.3626
    1.3617
    1.3434
    1.3373
    1.3387
    1.3337
    1.3373
    1.3304
    1.3219
    1.3088
    1.2777
    1.2747
    1.2691
    1.2589
    1.2489
    1.2449
    1.2507
    1.2395
    1.2287
    1.2262
    1.2230
    1.2137
    1.2102
    1.2019
    1.2176
    1.2105
    1.1965
    1.1912
    1.1632
    1.1567
    1.1546
    1.1591
    1.1583
    1.1535
    1.1518
    1.1474
    1.1432
    1.1326
    1.1259
    1.1256
    1.1392
    1.1337
    1.1325
    1.1360
    1.1433
    1.1390
    1.1371
    1.1176
    1.1277
    1.1310
    1.1420
    1.1180
    1.1010
    1.0907
    1.0842
    1.0821
    1.0907
    1.0848
    1.0842
    1.0787
    1.0771
    1.0751
    1.0777
    1.0682
    1.0742
    1.0644
    1.0674
    1.0685
    1.0706
    1.0670
    1.0826
    1.1002
    1.1107
    1.1100
    1.1228
    1.1217
    1.1252
    1.1252
    1.1208
    1.1287
    1.1487
    1.1457
    1.1530
    1.1550
    1.1544
    1.1453
    1.1258
    1.1238
    1.1331
    1.1383
    1.1351
    1.1342
    1.1429
    1.1341
    1.1462
    1.1630
    1.1599
    1.1534
    1.1512
    1.1542
    1.1618
    1.1732
    1.1743
    1.1685
    1.1774
    1.1819
    1.1675
    1.1673
    1.1874
    1.1769
    1.1829
    1.1859
    1.1958
    1.2148
    1.2187
    1.2186
    1.2237
    1.2085
    1.2115
    1.2122
    1.2045
    1.1997
    1.1936
    1.1990
    1.1982
    1.1972
    1.1823
    1.1888
    1.2012
    1.2036
    1.2082
    1.2142
    1.2185
    1.2082
    1.1986
    1.1927
    1.1947
    1.1846
    1.1864
    1.1899
    1.1875
    1.1835
    1.1953
    1.1923
    1.2007
    1.1980
    1.1965
    1.1840
    1.1837
    1.2056
    1.1962
    1.1948
    1.2040
    1.2096
    1.2125
    1.2119
    1.2146
    1.2145
    1.2178
    1.2251
    1.2298
    1.2409
    1.2626
    1.2788
    1.3025
    1.3279
    1.3477
    1.3660
    1.3653
    1.3889
    1.3776
    1.3910
    1.3883
    1.3972
    1.4103
    1.4414
    1.4441
    1.4421
    1.4445
    1.4524
    1.4398
    1.4484
    1.4747
    1.4746
    1.4722
    1.4744
    1.4786
    1.4781
    1.4739
    1.4776
    1.4731
    1.4858
    1.4836
    1.4804
    1.4786
    1.4770
    1.4838
    1.4879
    1.4812
    1.4864
    1.4859
    1.4893
    1.4825
    1.4878
    1.4851
    1.4841
    1.4728
    1.4840
    1.4826
    1.4958
    1.4914
    1.4923
    1.4954
    1.4888
    1.4974
    1.4985
    1.5142
    1.5205
    1.5197
    1.5309
    1.5384
    1.5372
    1.5611
    1.5628
    1.5757
    1.5744
    1.5739
    1.5809
    1.5862
    1.5861
    1.5981
    1.6119
    1.6222
    1.6283
    1.6375
    1.6425
    1.6431
    1.6465
    1.6567
    1.6578
    1.6580
    1.6579
    1.6635
    1.6681
    1.6757
    1.6737
    1.6871
    1.6897
    1.6927
    1.6951
    1.6963
    1.6888
    1.6954
    1.6985
    1.7007
    1.7112
    1.7134
    1.7184
    1.7360
    1.7478
    1.7499
    1.7496
    1.7552
    1.7558
    1.7625
    1.7651
    1.7713
    1.7735
    1.7885
    1.7898
    1.7778
    1.7836
    1.8024
    1.8054
    1.8082
    1.8095
    1.8120
    1.8119
    1.8092
    1.8141
    1.8263
    1.8305
    1.8336
    1.8567
    1.8569
    1.8667
    1.8617
    1.8642
    1.8901
    1.8882
    1.8901
    1.8912
    1.8783
    1.8787
    1.8784
    1.8902
    1.8848
    1.8833
    1.8977
    1.8941
    1.8984
    1.9165
    1.9170
    1.9306
    1.9386
    1.9364
    1.9419
    1.9636
    1.9618
    1.9874
    1.9969
    1.9842
    1.9848
    1.9945
    2.0013
    2.0059
    2.0067
    2.0336
    2.0293
    2.0573
    2.0792
    2.0808
    2.0878
    2.1152
    2.1326
    2.1416
    2.1502
    2.1590
    2.1806
    2.1600
    2.1607
    2.1757
    2.1671
    2.1850
    2.1875
    2.2283
    2.2350
    2.2236
    2.2321
    2.2321
    2.2513
    2.2701
    2.2763
    2.2754
    2.2811
    2.2869
    2.3062
    2.3458
    2.3458
    2.3337
    2.3356
    2.3361
    2.3455
    2.3561
    2.3398
    2.3338
    2.3149
    2.3149
    2.2820
    2.2662
    2.2714
    2.2684
    2.2922
    2.2701
    2.3231
    2.3145
    2.3604
    2.3604
    2.3537
    2.3118
    2.3516
    2.2848
    2.3007
    2.3338
    2.3632
    2.3574
    2.3574
    2.4231
    2.4114
    2.3977
    2.3818
    2.4047
    2.4487
    2.4707
    2.4894
    2.4894
    2.5425
    2.5852
    2.5978
    2.6797
    2.6886
    2.6593
    2.7102
    2.7686
    2.7686
    2.8796
    2.8999
    2.9020
    3.0007
    3.1332
    3.1088
    3.1013
    3.1440
    3.1440
    3.1850
    3.2896
    3.3293
    3.4402
    3.4993
    3.6218
    3.6993
    3.6693
    3.6693
    3.8149
    3.8056
    3.9674
    4.0673
    4.1565
    4.3608
    4.5094
    4.7328
    4.8235
    4.8235
    4.8971
    4.9925
    5.3456
    5.3537
    5.4195
    5.5908
    5.4199
    5.5352
    5.5352
    5.7121
    5.7961
    6.1131
    6.2749
    6.3086
    6.3559
    6.4140
    6.4632
    6.4632
    6.3827
    6.3650
    6.4950
    6.3909
    6.2873
    6.4531
