    3.7940
    4.4192
    4.3977
    1.7671
    1.3073
    2.8061
    5.6279
    2.4366
    1.6242
    1.7752
    1.5723
    1.7658
    2.0245
    3.3515
    4.1678
    3.3076
    3.4402
    5.3335
    5.8028
    6.3191
    4.9560
    4.4061
    4.7424
    5.0029
    4.6927
    5.2640
    5.2424
    5.2809
    5.2084
    4.9474
    5.1806
    5.6698
    6.1772
    5.8668
    5.6887
    5.6202
    5.9472
    5.9107
    6.4191
    6.2846
    6.2505
    6.2712
    6.2812
    6.7499
    6.9648
    7.1880
    6.9986
    6.5956
    6.7347
    6.7428
    6.7265
    6.6285
    6.5502
    6.9643
    7.1179
    6.3319
    5.8909
    5.5828
    5.6846
    6.3273
    6.0558
    6.1843
    6.1289
    6.3331
    6.1869
    6.1556
    6.3800
    6.6395
    7.1229
    7.1571
    7.6299
    7.7694
    7.5259
    6.9855
    6.8268
    7.0060
    6.4549
    6.0629
    5.9339
    5.5919
    5.3020
    5.3330
    5.3895
    5.2984
    5.3387
    5.2607
    5.1494
    5.2194
    5.0402
    4.8243
    4.1463
    3.9556
    3.7699
    3.5364
    3.1457
    2.8636
    2.7866
    2.7861
    2.7710
    2.8292
    2.9232
    3.0496
    3.0615
    3.0703
    2.9875
    2.9701
    3.0707
    3.0423
    3.0519
    3.1594
    3.2504
    3.3006
    3.4502
    3.4760
    3.9999
    4.2943
    4.5091
    4.9236
    5.5943
    5.6158
    5.9793
    6.2357
    6.2528
    6.2126
    5.9896
    5.7664
    5.6283
    5.4289
    4.7745
    4.4576
    4.1972
    4.2439
    4.1185
    3.9815
    3.8225
    3.7144
    3.5655
    3.4013
    3.1927
    3.1170
    3.2256
    3.2863
    3.3376
    3.3381
    3.3010
    3.1785
    3.2023
    3.1683
    3.0615
    2.9787
    3.0356
    3.0947
    3.0222
    2.9584
    2.8412
    2.9431
    3.0172
    2.9967
    2.9750
    2.8226
    2.7899
    2.8540
    2.8797
    2.8227
    2.8102
    2.7225
    2.6508
    2.6094
    2.5883
    2.6672
    2.7270
    2.7621
    2.8195
    2.9684
    2.9811
    3.0399
    3.2237
    3.2530
    3.3762
    3.5541
    3.6445
    3.7215
    3.8376
    3.7491
    3.7487
    3.7236
    3.8337
    3.7846
    3.7421
    3.6778
    3.7322
    3.7584
    3.7620
    3.7656
    3.7525
    3.6750
    3.6453
    3.6465
    3.6563
    3.6568
    3.6994
    3.6843
    3.7482
    3.7519
    3.7992
    3.8022
    3.7407
    3.6816
    3.6836
    3.6757
    3.6134
    3.6395
    3.6452
    3.6194
    3.6249
    3.5415
    3.4499
    3.4363
    3.3520
    3.2910
    3.2282
    3.1837
    3.1416
    3.1164
    3.1052
    2.9576
    2.9720
    2.9721
    2.9816
    3.1016
    3.0262
    3.0853
    2.9892
    2.9868
    2.9632
    2.9010
    2.9303
    3.0341
    3.0190
    3.0607
    2.9995
    2.9889
    3.0188
    3.0159
    3.0622
    3.1778
    3.1879
    3.2239
    3.2417
    3.2348
    3.1805
    3.1131
    3.1368
    3.1444
    3.0973
    3.0146
    3.0344
    3.0237
    2.9898
    2.9714
    3.0623
    3.0093
    2.9354
    2.9131
    2.9077
    2.8922
    2.8657
    2.8542
    2.8557
    2.7240
    2.6867
    2.6427
    2.7030
    2.6845
    2.6993
    2.6728
    2.6222
    2.6112
    2.6366
    2.6893
    2.6970
    2.6650
    2.5748
    2.6324
    2.6520
    2.6367
    2.5710
    2.5739
    2.5602
    2.5141
    2.4873
    2.4761
    2.4787
    2.4669
    2.4742
    2.4648
    2.4463
    2.4362
    2.4152
    2.4006
    2.4386
    2.4279
    2.4935
    2.4980
    2.4937
    2.4995
    2.5084
    2.5161
    2.5135
    2.4927
    2.5013
    2.4939
    2.4833
    2.5035
    2.4737
    2.4654
    2.4603
    2.4447
    2.4632
    2.4208
    2.4319
    2.4250
    2.4612
    2.4279
    2.4540
    2.4658
    2.4537
    2.4779
    2.4810
    2.5082
    2.5204
    2.5476
    2.6132
    2.6554
    2.6939
    2.6980
    2.6733
    2.6976
    2.7665
    2.7759
    2.8111
    2.8010
    2.8301
    2.8042
    2.8199
    2.8082
    2.8218
    2.8611
    2.8248
    2.8784
    2.8821
    2.8297
    2.8270
    2.8348
    2.8683
    2.9013
    2.8552
    2.8806
    2.8795
    2.8495
    2.9206
    2.9163
    2.8961
    2.8792
    2.8726
    2.9122
    2.9283
    2.9944
    3.0238
    3.0407
    3.0017
    2.9940
    2.9215
    2.9754
    2.9879
    2.9444
    2.9457
    2.9151
    2.8725
    2.8300
    2.7936
    2.7917
    2.7911
    2.7490
    2.7020
    2.6770
    2.7078
    2.6936
    2.6438
    2.6507
    2.6114
    2.5649
    2.5924
    2.5925
    2.5705
    2.5422
    2.5538
    2.5436
    2.5426
    2.5357
    2.5169
    2.5555
    2.5653
    2.5501
    2.5356
    2.5768
    2.5666
    2.5737
    2.5639
    2.5305
    2.5300
    2.5333
    2.4948
    2.4864
    2.4954
    2.4754
    2.4305
    2.4133
    2.3595
    2.3658
    2.3769
    2.3691
    2.3498
    2.3415
    2.3561
    2.3326
    2.3019
    2.3025
    2.2979
    2.3204
    2.3130
    2.3125
    2.3177
    2.3299
    2.3028
    2.3102
    2.3018
    2.3028
    2.3205
    2.3331
    2.3216
    2.3121
    2.2840
    2.2975
    2.3009
    2.2801
    2.2641
    2.2712
    2.2820
    2.2745
    2.2561
    2.2678
    2.2306
    2.2489
    2.2309
    2.2404
    2.2283
    2.2581
    2.2581
    2.2499
    2.2519
    2.2434
    2.2211
    2.2042
    2.2027
    2.2192
    2.2058
    2.2077
    2.2184
    2.2499
    2.2067
    2.2086
    2.2084
    2.2043
    2.2140
    2.2096
    2.2254
    2.2396
    2.2565
    2.2820
    2.2682
    2.2468
    2.2803
    2.2910
    2.3015
    2.3161
    2.3211
    2.2957
    2.2917
    2.3341
    2.3342
    2.3400
    2.3346
    2.3259
    2.3407
    2.3093
    2.3038
    2.2916
    2.2993
    2.3021
    2.3044
    2.3072
    2.3079
    2.2968
    2.3044
    2.2841
    2.2384
    2.2458
    2.2590
    2.2612
    2.2467
    2.2572
    2.2706
    2.2819
    2.2865
    2.3073
    2.3072
    2.3131
    2.3641
    2.3740
    2.3450
    2.3644
    2.3777
    2.3680
    2.3702
    2.3779
    2.3832
    2.3975
    2.3858
    2.3594
    2.3638
    2.3715
    2.3802
    2.3845
    2.3958
    2.4157
    2.4110
    2.3947
    2.3712
    2.3656
    2.3454
    2.3272
    2.3077
    2.3037
    2.2967
    2.3193
    2.3093
    2.3041
    2.2997
    2.2953
    2.3066
    2.2923
    2.2877
    2.2625
    2.2347
    2.2561
    2.2519
    2.2586
    2.2492
    2.2442
    2.2449
    2.2543
    2.2763
    2.2786
    2.2535
    2.2412
    2.2666
    2.2744
    2.2616
    2.2797
    2.2887
    2.2460
    2.2448
    2.2463
    2.2409
    2.2315
    2.2185
    2.2066
    2.2057
    2.2110
    2.1915
    2.2026
    2.2246
    2.2171
    2.2253
    2.2003
    2.1571
    2.1819
    2.1931
    2.1931
    2.2061
    2.2147
    2.2318
    2.2394
    2.2582
    2.2474
    2.2083
    2.1966
    2.2027
    2.2008
    2.1763
    2.1989
    2.2106
    2.1634
    2.1708
    2.1771
    2.1771
    2.1770
    2.1713
    2.1482
    2.1270
    2.1248
    2.0992
    2.0862
    2.0701
    2.0920
    2.0815
    2.0949
    2.0935
    2.1019
    2.0834
    2.0875
    2.0522
    2.0457
    2.0201
    2.0147
    2.0368
    2.0342
    2.0337
    2.0238
    2.0451
    2.0404
    2.0333
    2.0149
    2.0358
    2.0333
    2.0540
    2.0482
    2.0571
    2.0671
    2.0560
    2.0623
    2.0706
    2.0579
    2.0638
    2.0741
    2.0636
    2.0778
    2.0823
    2.0689
    2.0742
    2.0918
    2.0984
    2.0890
    2.0931
    2.0908
    2.0899
    2.1028
    2.0925
    2.0880
    2.0827
    2.1088
    2.1260
    2.1256
    2.1238
    2.1201
    2.1132
    2.1294
    2.1396
    2.1580
    2.1609
    2.1534
    2.1527
    2.1543
    2.1574
    2.1539
    2.1817
    2.2099
    2.2270
    2.2301
    2.2421
    2.2476
    2.2472
    2.2616
    2.2768
    2.2785
    2.2683
    2.2645
    2.2664
    2.2672
    2.2893
    2.2717
    2.2826
    2.2658
    2.2739
    2.2937
    2.3021
    2.3072
    2.3008
    2.2984
    2.3051
    2.3177
    2.3036
    2.3172
    2.3170
    2.3132
    2.3041
    2.3087
    2.3310
    2.3175
    2.3064
    2.3108
    2.3061
    2.2918
    2.2920
    2.2995
    2.3005
    2.3032
    2.3092
    2.3330
    2.3357
    2.3383
    2.3646
    2.3682
    2.3761
    2.3802
    2.3744
    2.3806
    2.3853
    2.3764
    2.3906
    2.3857
    2.3937
    2.3944
    2.3620
    2.3796
    2.3735
    2.3888
    2.4111
    2.4090
    2.3879
    2.3670
    2.3509
    2.3609
    2.3360
    2.3021
    2.2959
    2.2710
    2.2530
    2.2682
    2.2818
    2.2580
    2.2539
    2.2562
    2.2483
    2.2401
    2.2365
    2.2326
    2.2185
    2.2183
    2.2062
    2.2100
    2.2120
    2.2123
    2.2008
    2.2097
    2.2142
    2.2059
    2.2173
    2.2238
    2.2321
    2.2420
    2.2494
    2.2583
    2.2753
    2.2446
    2.2483
    2.2420
    2.2366
    2.2415
    2.2537
    2.2627
    2.2667
    2.2688
    2.2838
    2.3016
    2.3213
    2.3381
    2.3468
    2.3448
    2.3535
    2.3622
    2.3744
    2.3854
    2.3772
    2.3929
    2.4065
    2.4185
    2.4228
    2.4116
    2.4192
    2.4296
    2.4186
    2.4276
    2.4315
    2.4301
    2.4356
    2.4434
    2.4417
    2.4370
    2.4474
    2.4435
    2.4364
    2.4423
    2.4497
    2.4494
    2.4493
    2.4415
    2.4436
    2.4450
    2.4391
    2.4352
    2.4357
    2.4328
    2.4342
    2.4361
    2.4435
    2.4436
    2.4313
    2.4413
    2.4449
    2.4515
    2.4438
    2.4388
    2.4405
    2.4299
    2.4319
    2.4328
    2.4380
    2.4485
    2.4395
    2.4336
    2.4414
    2.4416
    2.4260
    2.4244
    2.4293
    2.4323
    2.4295
    2.4247
    2.4314
    2.4188
    2.4189
    2.4268
    2.4101
    2.3977
    2.3919
    2.3832
    2.3849
    2.3891
    2.3858
    2.3854
    2.3765
    2.3734
    2.3770
    2.3767
    2.3803
    2.3816
    2.3803
    2.3712
    2.3717
    2.3865
    2.3804
    2.3931
    2.3884
    2.3935
    2.3808
    2.3750
    2.3796
    2.3803
    2.3930
    2.3916
    2.3866
    2.3803
    2.3891
    2.3954
    2.3871
    2.3899
    2.3938
    2.3936
    2.3995
    2.3919
    2.3623
    2.3759
    2.3597
    2.3830
    2.3897
    2.4055
    2.4047
    2.4075
    2.4090
    2.4006
    2.4077
    2.3955
    2.3741
    2.3952
    2.3774
    2.3780
    2.3880
    2.3842
    2.3525
    2.3544
    2.3482
    2.3461
    2.3542
    2.3573
    2.3573
    2.3587
    2.3539
    2.3658
    2.3511
    2.3663
    2.3489
    2.3459
    2.3853
    2.3853
    2.3792
    2.3596
    2.3634
    2.3564
    2.3569
    2.3639
    2.3761
    2.4051
    2.4051
    2.4278
    2.4480
    2.4155
    2.4459
    2.4986
    2.5086
    2.5556
    2.5821
    2.5683
    2.5683
    2.5719
    2.6389
    2.6445
    2.6653
    2.6926
    2.7109
    2.7548
    2.7929
    2.7929
    2.7763
    2.8151
    2.8134
    2.9040
    2.9700
    2.9757
    2.9614
    2.9682
    2.9682
    3.0255
    3.0230
    3.0112
    3.0555
    3.1459
    3.1593
    3.1548
    3.1244
    3.1244
    3.0949
    3.1623
    3.1776
    3.1471
    3.2654
    3.3540
    3.3744
    3.4014
    3.4014
    3.4862
    3.5109
    3.4358
    3.4804
    3.5338
    3.6548
    3.6089
    3.6637
    3.6637
    3.5787
    3.5828
    3.4935
    3.4302
    3.4116
    3.3731
    3.4051
    3.3904
    3.3286
    3.3286
    3.2810
    3.3278
    3.1974
    3.1137
    2.9773
    3.0832
    3.1580
    3.2160
    3.2160
    3.1110
    3.0222
    3.0661
    3.0274
    3.0123
    2.9666
    2.8994
    2.8778
    2.8778
    2.9136
    2.9103
    2.9385
    2.8998
    2.9252
    2.9152
