    3.4888
    3.8044
    3.6738
    3.8676
    3.5269
    4.6504
    3.2954
    4.0074
    3.1695
    3.0209
    3.0513
    2.8335
    2.6833
    2.4535
    2.3223
    2.2855
    2.1203
    1.9964
    1.9597
    1.8743
    1.8095
    1.8092
    1.7810
    1.8057
    1.9519
    2.0418
    2.1594
    2.2134
    2.3017
    2.3903
    2.5274
    2.7426
    3.0558
    3.1617
    3.3392
    3.5383
    3.6079
    3.7846
    3.8851
    3.9215
    3.8776
    3.9697
    4.0468
    4.0020
    3.9224
    3.8594
    3.8114
    3.6640
    3.5085
    3.3172
    3.2565
    3.1044
    2.8974
    2.7610
    2.6763
    2.5323
    2.4254
    2.2745
    2.1658
    2.0961
    1.9888
    1.9745
    1.9724
    1.9468
    1.9807
    2.0707
    2.1231
    2.1698
    2.2947
    2.4124
    2.6001
    2.7704
    2.9334
    3.0310
    3.2523
    3.3893
    3.4896
    3.5307
    3.6003
    3.6410
    3.6908
    3.7597
    3.7025
    3.7267
    3.7044
    3.7011
    3.6263
    3.5954
    3.5043
    3.2973
    3.1911
    3.1317
    3.0480
    2.9350
    2.7953
    2.7511
    2.6894
    2.5842
    2.5157
    2.4564
    2.4865
    2.4527
    2.4713
    2.4201
    2.4165
    2.3814
    2.4313
    2.3889
    2.4620
    2.5869
    2.6430
    2.6390
    2.6867
    2.7481
    2.9139
    3.0269
    3.0716
    3.1686
    3.1874
    3.1752
    3.2155
    3.2589
    3.2968
    3.3509
    3.3260
    3.3291
    3.2574
    3.2271
    3.1474
    3.0891
    3.1353
    3.1844
    3.1702
    3.0362
    3.0767
    3.1719
    3.0057
    3.0741
    3.0049
    2.9784
    3.0864
    3.1521
    3.1859
    3.1940
    3.1575
    3.1717
    3.2353
    3.2225
    3.3235
    3.4425
    3.4665
    3.3855
    3.4195
    3.4468
    3.4391
    3.3119
    3.3901
    3.4249
    3.3965
    3.4306
    3.3479
    3.3944
    3.4587
    3.4914
    3.4461
    3.4360
    3.5233
    3.5341
    3.7219
    3.7141
    3.6912
    3.7415
    3.7506
    3.6909
    3.8294
    3.7898
    3.8294
    3.7919
    3.5578
    3.6425
    3.6668
    3.7095
    3.5789
    3.6622
    3.6791
    3.5891
    3.6491
    3.8104
    3.7240
    3.7324
    3.7630
    3.5980
    3.5060
    3.4941
    3.5472
    3.6780
    3.6382
    3.4850
    3.5248
    3.5892
    3.6215
    3.6894
    3.6786
    3.6379
    3.7305
    3.5381
    3.3886
    3.3579
    3.4496
    3.4962
    3.3535
    3.3899
    3.2947
    3.2896
    3.2000
    3.0109
    2.9070
    2.9071
    2.7602
    2.6800
    2.5734
    2.5062
    2.4482
    2.3964
    2.4248
    2.4037
    2.3975
    2.3551
    2.2968
    2.2734
    2.3271
    2.3359
    2.3020
    2.3345
    2.3195
    2.3813
    2.4164
    2.4275
    2.4889
    2.4555
    2.4507
    2.4633
    2.4809
    2.5367
    2.6916
    2.7626
    2.7468
    2.7132
    2.6938
    2.6900
    2.6675
    2.6583
    2.6235
    2.6212
    2.6415
    2.6016
    2.5811
    2.5881
    2.5392
    2.5740
    2.5517
    2.4942
    2.4396
    2.3766
    2.3792
    2.3360
    2.2671
    2.2407
    2.2037
    2.1624
    2.1336
    2.1327
    2.1297
    2.1008
    2.0815
    2.1094
    2.0871
    2.0282
    2.0078
    2.0034
    1.9763
    1.9692
    1.9517
    1.9534
    1.9582
    1.9472
    1.9592
    1.9618
    1.9410
    1.9543
    1.9159
    1.8959
    1.8962
    1.9163
    1.9260
    1.9315
    1.9176
    1.9188
    1.8900
    1.8918
    1.8638
    1.8901
    1.9347
    1.9638
    2.0019
    2.0107
    2.0244
    2.0218
    1.9805
    1.9441
    1.9641
    1.9575
    1.9946
    1.9624
    1.9934
    1.9855
    2.0018
    2.0081
    2.0558
    2.0815
    2.1006
    2.1072
    2.1367
    2.1582
    2.1723
    2.1970
    2.2008
    2.2198
    2.2567
    2.2628
    2.2832
    2.2989
    2.3132
    2.3181
    2.3509
    2.3867
    2.4118
    2.4291
    2.4309
    2.4156
    2.4497
    2.4372
    2.4660
    2.4837
    2.5202
    2.5401
    2.5332
    2.6010
    2.5915
    2.5625
    2.6464
    2.6756
    2.6724
    2.6944
    2.7110
    2.7110
    2.7302
    2.7272
    2.7475
    2.7562
    2.8127
    2.7841
    2.8027
    2.8304
    2.8357
    2.9014
    2.8632
    2.8909
    2.9142
    2.9282
    2.9181
    2.9109
    2.9049
    2.9094
    2.9148
    2.8827
    2.9012
    2.9094
    2.9509
    2.9152
    2.8716
    2.8495
    2.8190
    2.7800
    2.7808
    2.7550
    2.7267
    2.7033
    2.7032
    2.6508
    2.6641
    2.6169
    2.6085
    2.5942
    2.6019
    2.6554
    2.5832
    2.6270
    2.6225
    2.6190
    2.5468
    2.5488
    2.5358
    2.5576
    2.5334
    2.5459
    2.5515
    2.5681
    2.6455
    2.6161
    2.6210
    2.5916
    2.5959
    2.5890
    2.5354
    2.5335
    2.5473
    2.5625
    2.6116
    2.5499
    2.5151
    2.4978
    2.4922
    2.5130
    2.4768
    2.5058
    2.4598
    2.4846
    2.4553
    2.4606
    2.4478
    2.4269
    2.4456
    2.4725
    2.4663
    2.4364
    2.4434
    2.4186
    2.3904
    2.4189
    2.4219
    2.3885
    2.3499
    2.3612
    2.3670
    2.3476
    2.3709
    2.3753
    2.3831
    2.4186
    2.4011
    2.3979
    2.3847
    2.3575
    2.3322
    2.3275
    2.3447
    2.2886
    2.2657
    2.2566
    2.2270
    2.2139
    2.2318
    2.1878
    2.1835
    2.1761
    2.1572
    2.1635
    2.1712
    2.1752
    2.1728
    2.1510
    2.1576
    2.1873
    2.2067
    2.2104
    2.2310
    2.2152
    2.2266
    2.2415
    2.2652
    2.2476
    2.2738
    2.2737
    2.2596
    2.2550
    2.2403
    2.2772
    2.2826
    2.3195
    2.3416
    2.3929
    2.4633
    2.4839
    2.4906
    2.4971
    2.5001
    2.5194
    2.5901
    2.6115
    2.5974
    2.5874
    2.5858
    2.6001
    2.6330
    2.6448
    2.6419
    2.6550
    2.6650
    2.6708
    2.7034
    2.6957
    2.6292
    2.6455
    2.6296
    2.6667
    2.7502
    2.7303
    2.7787
    2.7946
    2.7014
    2.6833
    2.6968
    2.6830
    2.6711
    2.6428
    2.6324
    2.6339
    2.6443
    2.6307
    2.6131
    2.6199
    2.6006
    2.5997
    2.5953
    2.6006
    2.5792
    2.5840
    2.5830
    2.5814
    2.5727
    2.5692
    2.5446
    2.5577
    2.5511
    2.5518
    2.5189
    2.5313
    2.5528
    2.5372
    2.5301
    2.5126
    2.5061
    2.4911
    2.4891
    2.4629
    2.4912
    2.4779
    2.4560
    2.4496
    2.4558
    2.4635
    2.4431
    2.4354
    2.4359
    2.4468
    2.4397
    2.4296
    2.4173
    2.4106
    2.4146
    2.4461
    2.4191
    2.4555
    2.4752
    2.4944
    2.5072
    2.4817
    2.4903
    2.4619
    2.4811
    2.4969
    2.5146
    2.5240
    2.5272
    2.5288
    2.5254
    2.5487
    2.5554
    2.5506
    2.5436
    2.5354
    2.5320
    2.5291
    2.5351
    2.5306
    2.5297
    2.5089
    2.5005
    2.4927
    2.4859
    2.4948
    2.5003
    2.5066
    2.5078
    2.5174
    2.5211
    2.5272
    2.5106
    2.5324
    2.5360
    2.5257
    2.5222
    2.5218
    2.5444
    2.5387
    2.5187
    2.4823
    2.4753
    2.4560
    2.3696
    2.3456
    2.3400
    2.3357
    2.3320
    2.3354
    2.3433
    2.3200
    2.3138
    2.3084
    2.2926
    2.3011
    2.2697
    2.2665
    2.2754
    2.2558
    2.2571
    2.2520
    2.2436
    2.2504
    2.2346
    2.2246
    2.2164
    2.1974
    2.2055
    2.2160
    2.1943
    2.2007
    2.1998
    2.1912
    2.1934
    2.1743
    2.1665
    2.1580
    2.1480
    2.1715
    2.1801
    2.1793
    2.1825
    2.1800
    2.1870
    2.2022
    2.2304
    2.2405
    2.2403
    2.2528
    2.2599
    2.2721
    2.2759
    2.2812
    2.2865
    2.2987
    2.2870
    2.2748
    2.2814
    2.2602
    2.2705
    2.2510
    2.2503
    2.2438
    2.2425
    2.2501
    2.2531
    2.2790
    2.2817
    2.2758
    2.2678
    2.2827
    2.2821
    2.2953
    2.2936
    2.2915
    2.2889
    2.2835
    2.3043
    2.3227
    2.3399
    2.3525
    2.3738
    2.3895
    2.3842
    2.3641
    2.4006
    2.4064
    2.4029
    2.4006
    2.3829
    2.3772
    2.3832
    2.3889
    2.3801
    2.3835
    2.3708
    2.3787
    2.3806
    2.3872
    2.3861
    2.3644
    2.3281
    2.3239
    2.3110
    2.3367
    2.3269
    2.3284
    2.3310
    2.3064
    2.3096
    2.3304
    2.3372
    2.3486
    2.3440
    2.3156
    2.2956
    2.3070
    2.2907
    2.2861
    2.2799
    2.2865
    2.2802
    2.2817
    2.2554
    2.2628
    2.2505
    2.2066
    2.2159
    2.2288
    2.2298
    2.2209
    2.2023
    2.1819
    2.1780
    2.1496
    2.1488
    2.1602
    2.1730
    2.1820
    2.1832
    2.1878
    2.1732
    2.1756
    2.1671
    2.1573
    2.1493
    2.1407
    2.1459
    2.1401
    2.1443
    2.1318
    2.1256
    2.1210
    2.1321
    2.1274
    2.1266
    2.1185
    2.1038
    2.1199
    2.1240
    2.1565
    2.1661
    2.1651
    2.1662
    2.1815
    2.2138
    2.2191
    2.2189
    2.2226
    2.2292
    2.2218
    2.2169
    2.2132
    2.2229
    2.2248
    2.2072
    2.2149
    2.2233
    2.2179
    2.2426
    2.2437
    2.2530
    2.2406
    2.2541
    2.2514
    2.2367
    2.2421
    2.2457
    2.2355
    2.2348
    2.2403
    2.2495
    2.2537
    2.2559
    2.2457
    2.2430
    2.2515
    2.2619
    2.2650
    2.2603
    2.2564
    2.2505
    2.2481
    2.2424
    2.2516
    2.2533
    2.2448
    2.2448
    2.2361
    2.2278
    2.2244
    2.2235
    2.2143
    2.2180
    2.2173
    2.2128
    2.2068
    2.2073
    2.1936
    2.1863
    2.1784
    2.1712
    2.1729
    2.1693
    2.1656
    2.1639
    2.1656
    2.1629
    2.1549
    2.1512
    2.1570
    2.1693
    2.1626
    2.1838
    2.1759
    2.1762
    2.1862
    2.1871
    2.1878
    2.1949
    2.2006
    2.1963
    2.1967
    2.1834
    2.1839
    2.1771
    2.1743
    2.1817
    2.1861
    2.1717
    2.1817
    2.1738
    2.1587
    2.1591
    2.1535
    2.1629
    2.1682
    2.1537
    2.1526
    2.1414
    2.1236
    2.1119
    2.1120
    2.0982
    2.0926
    2.0947
    2.1000
    2.0911
    2.0714
    2.0745
    2.0797
    2.0801
    2.0805
    2.0955
    2.1014
    2.1031
    2.0978
    2.1002
    2.1093
    2.1010
    2.1004
    2.1014
    2.0935
    2.0895
    2.0886
    2.0949
    2.1218
    2.1410
    2.1612
    2.1497
    2.1500
    2.1599
    2.1478
    2.1345
    2.1100
    2.1059
    2.1272
    2.1280
    2.1138
    2.1138
    2.1004
    2.0882
    2.0761
    2.0992
    2.1297
    2.1551
    2.1344
    2.1215
    2.1215
    2.1346
    2.1434
    2.1461
    2.1316
    2.1430
    2.1340
    2.1596
    2.1422
    2.1422
    2.1649
    2.2172
    2.2626
    2.2430
    2.2170
    2.2155
    2.2497
    2.2935
    2.3595
    2.3595
    2.3710
    2.4063
    2.4756
    2.4846
    2.4706
    2.4290
    2.4047
    2.4009
    2.4009
    2.3741
    2.4123
    2.3748
    2.3880
    2.4317
    2.5099
    2.5126
    2.5164
    2.5164
    2.4892
    2.5031
    2.4936
    2.4913
    2.5062
    2.5512
    2.5845
    2.5581
    2.5581
    2.5978
    2.6206
    2.6332
    2.6439
    2.5860
    2.5696
    2.5884
    2.5041
    2.5041
    2.4722
    2.4859
    2.4802
    2.4393
    2.4357
    2.4573
    2.4879
    2.5054
    2.5054
    2.5098
    2.4819
    2.5042
    2.5538
    2.4961
    2.4588
    2.5046
    2.5241
    2.6170
    2.6170
    2.5741
    2.6157
    2.6195
    2.5878
    2.5875
    2.5143
    2.6066
    2.5421
    2.5421
    2.5279
    2.6305
    2.7206
    2.7241
    2.7306
    2.7174
    2.7467
    2.8077
    2.8077
    2.7752
    2.8087
    2.8347
    2.8896
    2.9345
    2.9433
