    2.9973
    4.0331
    3.2395
    1.7380
    2.6521
    6.8280
    4.4837
    4.3422
    3.9548
    4.6546
    5.3645
    5.9067
    5.1025
    4.8461
    4.6852
    4.6377
    4.6020
    4.8499
    4.9229
    5.1478
    5.3110
    5.2664
    5.1185
    5.0904
    5.0577
    4.8865
    5.1193
    5.0554
    4.9610
    5.0241
    4.7827
    4.7549
    4.7154
    4.2927
    3.9882
    3.8654
    3.8120
    3.7269
    3.6929
    3.4795
    3.3449
    3.2210
    3.4207
    3.7817
    4.0037
    4.1618
    4.3026
    4.4796
    4.7745
    4.9130
    5.2213
    5.3992
    5.6588
    5.6219
    5.9889
    5.5934
    5.5386
    5.1898
    5.3851
    5.0235
    5.0361
    5.4199
    5.2235
    5.2264
    5.0196
    4.8931
    4.6896
    4.6098
    4.1836
    4.1205
    3.8714
    3.6773
    3.5434
    3.1141
    2.9466
    2.8678
    2.7170
    2.4436
    2.5175
    2.3765
    2.3267
    2.4296
    2.5105
    2.4192
    2.4120
    2.4744
    2.6150
    2.6687
    2.8161
    3.0003
    3.1488
    3.1306
    3.3448
    3.4798
    3.5458
    3.6193
    3.8075
    3.9955
    3.8515
    3.9373
    3.9756
    3.8361
    3.6885
    3.7511
    3.6580
    3.5443
    3.4122
    3.3094
    3.3109
    3.3179
    3.3494
    3.2877
    3.2648
    3.1439
    3.0343
    2.9521
    2.9708
    2.9876
    2.9253
    2.8978
    2.9510
    2.8886
    2.9915
    2.9956
    3.1196
    3.1174
    3.1096
    3.1021
    2.9935
    3.1490
    3.3703
    3.5005
    3.7697
    3.8443
    3.8564
    3.7416
    3.7247
    3.5167
    3.3158
    3.4760
    3.5213
    3.5606
    3.5721
    3.5799
    3.6617
    3.5889
    3.5339
    3.4146
    3.5199
    3.5461
    3.6436
    3.6465
    3.5829
    3.5015
    3.4592
    3.3926
    3.3981
    3.4066
    3.3991
    3.3780
    3.3927
    3.5132
    3.5365
    3.2782
    3.2405
    3.2314
    3.2373
    2.9721
    2.9598
    2.9973
    2.9394
    2.8951
    3.0160
    3.0245
    3.1322
    3.2247
    3.3601
    3.4696
    3.4027
    3.5594
    3.6207
    3.6150
    3.6353
    3.5670
    3.6158
    3.6945
    3.5660
    3.4010
    3.3647
    3.2816
    3.3370
    3.3816
    3.3824
    3.3574
    3.3750
    3.3880
    3.4457
    3.4174
    3.4451
    3.4627
    3.5640
    3.5008
    3.7108
    3.6168
    3.7037
    3.6670
    3.6966
    3.6982
    3.7259
    3.7869
    3.8478
    3.8233
    3.7824
    3.6803
    3.6999
    3.7673
    3.5815
    3.4505
    3.4870
    3.4738
    3.4797
    3.5004
    3.3636
    3.3818
    3.4292
    3.3669
    3.3456
    3.3156
    3.4590
    3.3663
    3.4337
    3.3837
    3.2554
    3.2537
    3.2939
    3.2700
    3.3071
    3.3305
    3.3733
    3.3652
    3.2725
    3.2312
    3.2399
    3.2159
    3.2036
    3.1520
    3.1469
    3.0644
    3.0344
    3.0433
    3.0116
    3.0032
    2.9477
    2.9286
    2.8697
    2.9380
    2.9379
    2.8660
    2.7925
    2.7885
    2.7492
    2.8364
    2.7567
    2.6404
    2.6002
    2.6111
    2.5655
    2.5239
    2.4995
    2.4778
    2.4736
    2.4798
    2.4748
    2.4197
    2.4435
    2.4467
    2.4177
    2.4246
    2.3831
    2.3800
    2.3782
    2.3446
    2.3594
    2.3699
    2.3643
    2.2993
    2.2699
    2.2744
    2.2419
    2.1673
    2.1468
    2.1555
    2.1534
    2.1353
    2.1398
    2.1301
    2.1261
    2.0790
    2.0538
    2.0637
    2.0787
    2.0663
    2.0697
    2.0337
    2.0376
    2.0282
    2.0601
    2.0768
    2.0880
    2.0879
    2.1169
    2.1282
    2.1635
    2.1754
    2.1882
    2.2120
    2.2181
    2.2296
    2.2441
    2.2840
    2.2615
    2.2669
    2.2315
    2.2388
    2.2476
    2.2288
    2.2273
    2.1874
    2.1822
    2.2027
    2.1977
    2.1888
    2.2472
    2.2524
    2.2382
    2.2364
    2.2740
    2.2926
    2.2894
    2.2747
    2.2852
    2.3038
    2.3411
    2.3592
    2.3591
    2.3273
    2.3280
    2.3424
    2.3346
    2.3446
    2.3314
    2.3377
    2.3390
    2.3113
    2.3464
    2.3431
    2.3206
    2.3330
    2.3451
    2.3622
    2.3962
    2.4379
    2.4036
    2.4298
    2.4596
    2.4641
    2.4320
    2.3924
    2.4397
    2.4236
    2.4410
    2.3612
    2.3523
    2.3400
    2.3705
    2.3537
    2.3484
    2.3429
    2.3273
    2.3456
    2.3248
    2.3453
    2.3683
    2.3793
    2.4120
    2.4257
    2.4010
    2.3780
    2.3714
    2.3686
    2.2989
    2.3137
    2.2884
    2.2605
    2.2576
    2.2190
    2.1995
    2.1795
    2.2088
    2.1750
    2.1478
    2.1533
    2.1282
    2.1221
    2.1222
    2.1010
    2.0459
    2.0281
    2.0136
    2.0158
    2.0302
    2.0284
    2.0073
    2.0428
    2.0371
    2.0460
    2.0063
    2.0037
    1.9935
    1.9623
    1.9641
    1.9816
    2.0124
    2.0049
    1.9794
    1.9710
    1.9659
    1.9579
    1.9440
    1.9345
    1.9441
    1.9102
    1.8822
    1.9030
    1.9159
    1.9431
    1.9352
    1.9297
    1.9468
    1.9643
    1.9847
    2.0067
    1.9977
    2.0102
    2.0115
    2.0189
    1.9975
    1.9824
    1.9659
    1.9591
    1.9557
    1.9430
    1.9510
    1.9627
    1.9433
    1.9512
    1.9732
    1.9745
    2.0056
    2.0193
    2.0298
    2.0146
    2.0283
    2.0197
    1.9895
    2.0228
    2.0421
    2.0526
    2.0801
    2.0797
    2.0881
    2.0850
    2.0914
    2.0976
    2.0729
    2.0788
    2.0985
    2.0969
    2.0833
    2.1050
    2.0910
    2.0813
    2.0825
    2.0852
    2.0510
    2.0984
    2.0982
    2.0926
    2.0978
    2.1171
    2.1201
    2.1178
    2.1103
    2.1076
    2.1053
    2.1141
    2.1189
    2.1265
    2.1316
    2.1456
    2.1693
    2.1532
    2.1617
    2.1749
    2.2000
    2.2245
    2.2311
    2.2328
    2.2177
    2.2318
    2.2423
    2.2633
    2.2635
    2.2666
    2.2440
    2.2458
    2.2442
    2.2377
    2.2160
    2.2329
    2.2340
    2.2247
    2.2546
    2.2266
    2.2357
    2.2602
    2.2676
    2.2836
    2.3031
    2.2732
    2.2370
    2.2162
    2.2017
    2.1954
    2.2119
    2.2366
    2.2062
    2.1940
    2.2349
    2.2266
    2.2054
    2.2255
    2.2210
    2.2629
    2.2803
    2.2918
    2.2879
    2.2575
    2.2399
    2.2109
    2.2133
    2.2388
    2.2215
    2.2125
    2.1783
    2.1728
    2.1616
    2.1746
    2.1658
    2.1791
    2.1717
    2.1936
    2.2100
    2.2216
    2.2534
    2.2441
    2.2666
    2.2528
    2.2327
    2.2463
    2.2216
    2.2045
    2.2168
    2.2207
    2.2180
    2.1992
    2.1747
    2.1557
    2.1429
    2.1531
    2.1313
    2.1371
    2.1285
    2.1457
    2.1397
    2.1267
    2.1300
    2.1008
    2.0913
    2.0776
    2.0664
    2.0703
    2.0803
    2.0569
    2.0496
    2.0445
    2.0587
    2.0498
    2.0592
    2.0273
    2.0201
    2.0215
    2.0227
    2.0079
    2.0011
    2.0202
    2.0236
    2.0081
    2.0232
    2.0240
    2.0471
    2.0205
    2.0068
    2.0253
    2.0377
    2.0372
    2.0210
    1.9975
    2.0035
    2.0080
    2.0124
    2.0023
    2.0184
    2.0277
    2.0243
    2.0269
    2.0120
    2.0212
    2.0148
    2.0020
    1.9963
    1.9896
    1.9872
    1.9874
    1.9963
    2.0059
    1.9755
    1.9775
    1.9787
    1.9796
    1.9905
    2.0021
    2.0163
    2.0021
    1.9988
    2.0076
    2.0110
    2.0345
    2.0411
    2.0434
    2.0289
    2.0430
    2.0350
    2.0724
    2.0814
    2.0846
    2.0890
    2.0981
    2.1062
    2.1055
    2.1139
    2.1150
    2.1205
    2.1238
    2.1203
    2.1283
    2.1509
    2.1652
    2.1755
    2.1920
    2.2050
    2.2226
    2.2474
    2.2450
    2.2354
    2.2492
    2.2546
    2.2411
    2.2416
    2.2486
    2.2596
    2.2552
    2.2632
    2.2520
    2.2360
    2.2354
    2.2390
    2.2554
    2.2703
    2.2995
    2.2941
    2.3035
    2.3357
    2.3373
    2.3221
    2.3246
    2.3431
    2.3518
    2.3795
    2.3771
    2.3614
    2.3852
    2.3838
    2.3907
    2.3916
    2.3767
    2.3814
    2.4075
    2.4290
    2.4542
    2.4448
    2.4349
    2.4192
    2.4308
    2.4323
    2.4441
    2.4889
    2.5241
    2.5411
    2.5670
    2.5870
    2.5855
    2.6139
    2.6180
    2.6222
    2.6224
    2.6221
    2.6414
    2.6330
    2.5993
    2.6189
    2.6455
    2.6684
    2.6556
    2.6051
    2.6024
    2.6195
    2.6293
    2.6345
    2.6500
    2.6450
    2.6415
    2.6552
    2.6610
    2.6767
    2.6690
    2.6544
    2.6628
    2.6735
    2.6836
    2.6926
    2.6576
    2.6659
    2.6863
    2.6952
    2.7175
    2.7279
    2.7387
    2.7430
    2.7435
    2.7435
    2.7475
    2.7510
    2.7540
    2.7695
    2.7666
    2.7477
    2.7396
    2.7491
    2.7528
    2.7623
    2.7408
    2.7673
    2.7644
    2.7308
    2.7420
    2.7293
    2.7469
    2.7595
    2.7628
    2.7709
    2.7661
    2.7638
    2.7626
    2.7532
    2.7451
    2.7375
    2.7282
    2.7271
    2.7378
    2.7277
    2.7278
    2.7186
    2.7290
    2.7296
    2.7171
    2.7188
    2.7123
    2.7124
    2.7097
    2.7042
    2.7018
    2.7008
    2.7078
    2.6966
    2.6967
    2.6919
    2.6852
    2.6665
    2.6604
    2.6715
    2.6792
    2.6747
    2.6716
    2.6733
    2.6668
    2.6539
    2.6486
    2.6494
    2.6581
    2.6546
    2.6635
    2.6613
    2.6520
    2.6482
    2.6414
    2.6349
    2.6329
    2.6265
    2.6177
    2.6210
    2.6232
    2.6175
    2.6197
    2.6193
    2.6167
    2.6173
    2.6175
    2.6147
    2.6081
    2.6069
    2.6026
    2.5927
    2.5919
    2.5920
    2.5915
    2.5831
    2.5768
    2.5793
    2.5815
    2.5867
    2.5930
    2.5929
    2.6030
    2.5979
    2.5992
    2.5907
    2.5896
    2.6023
    2.5941
    2.6031
    2.6029
    2.6096
    2.6090
    2.6141
    2.6098
    2.6025
    2.5916
    2.5802
    2.5905
    2.5906
    2.5872
    2.5741
    2.5770
    2.5821
    2.5865
    2.5891
    2.5753
    2.5692
    2.5692
    2.5609
    2.5576
    2.5762
    2.5585
    2.5537
    2.5564
    2.5526
    2.5476
    2.5602
    2.5600
    2.5578
    2.5300
    2.5106
    2.4884
    2.4770
    2.4981
    2.5038
    2.5203
    2.5201
    2.5067
    2.5062
    2.5016
    2.4686
    2.4316
    2.4362
    2.4225
    2.3979
    2.3980
    2.3786
    2.3759
    2.3388
    2.3282
    2.3231
    2.3313
    2.3247
    2.3361
    2.3361
    2.3276
    2.3309
    2.3594
    2.3316
    2.3048
    2.2786
    2.2902
    2.3210
    2.3210
    2.3494
    2.3442
    2.3244
    2.3119
    2.3008
    2.2830
    2.2961
    2.3001
    2.3001
    2.2746
    2.2651
    2.2663
    2.2493
    2.2552
    2.2659
    2.2671
    2.2489
    2.2276
    2.2276
    2.1974
    2.2173
    2.2482
    2.2206
    2.1738
    2.1538
    2.1395
    2.1146
    2.1146
    2.0897
    2.0806
    2.0772
    2.0683
    2.0601
    2.0617
    2.0455
    2.0254
    2.0254
    1.9926
    2.0069
    2.0264
    2.0494
    2.0123
    1.9622
    1.9374
    1.9049
    1.9049
    1.9409
    1.8889
    1.8766
    1.9462
    1.9111
    1.8819
    1.9213
    1.8952
    1.8952
    1.8354
    1.8060
    1.7774
    1.7954
    1.7783
    1.7764
    1.7636
    1.7624
    1.7624
    1.7622
    1.7689
    1.7873
    1.7767
    1.7452
    1.7634
    1.7705
    1.7461
    1.8040
    1.8040
    1.7718
    1.7497
    1.8341
    1.8209
    1.8372
    1.8145
    1.7658
    1.6971
    1.6971
    1.6558
    1.7119
    1.7516
    1.7029
    1.7413
    1.7254
    1.7310
    1.7639
    1.7639
    1.8150
    1.8852
    1.8344
    1.8126
    1.7258
    1.7576
