    1.6641
    2.1422
    1.5961
    1.5966
    0.9958
    1.0021
    1.4105
    2.2811
    1.4218
    1.0461
    0.7961
    0.8751
    0.9753
    1.0797
    0.7183
    0.7062
    0.6854
    1.3384
    1.1940
    1.3922
    1.5119
    1.4098
    1.0490
    1.3098
    1.6989
    1.7592
    2.2475
    2.2219
    2.5473
    3.0428
    2.9525
    2.8852
    3.8904
    4.0181
    4.1623
    4.7483
    3.5699
    2.8026
    2.4642
    2.7089
    2.4892
    2.4001
    2.2591
    2.1909
    2.1603
    2.1747
    2.6443
    2.9693
    2.9330
    2.5915
    2.5641
    2.4241
    2.3938
    2.2055
    2.0919
    2.0795
    2.0051
    1.8723
    1.6376
    1.4944
    1.3384
    1.3004
    1.3127
    1.2273
    1.1831
    1.0276
    0.9671
    0.9491
    0.9959
    0.9919
    0.9122
    0.8244
    0.7692
    0.7160
    0.7262
    0.7203
    0.7252
    0.6905
    0.7037
    0.7703
    0.8036
    0.7626
    0.7384
    0.7646
    0.7651
    0.7454
    0.7230
    0.7222
    0.7623
    0.7641
    0.8571
    0.8928
    0.9341
    0.9463
    0.9299
    0.9309
    0.9665
    0.9948
    0.9570
    0.9060
    0.8871
    0.8884
    0.9413
    0.9892
    1.0587
    1.0812
    1.0726
    1.1118
    1.1070
    1.1665
    1.2037
    1.1922
    1.2509
    1.2733
    1.2242
    1.1876
    1.2012
    1.2176
    1.3129
    1.2731
    1.3752
    1.3667
    1.3570
    1.4026
    1.5052
    1.6303
    1.6488
    1.6440
    1.6886
    1.6700
    1.7186
    1.6941
    1.6753
    1.6943
    1.6711
    1.6231
    1.6694
    1.6525
    1.6203
    1.6116
    1.6304
    1.6331
    1.5806
    1.6468
    1.7027
    1.7111
    1.7524
    1.7316
    1.7189
    1.7252
    1.8092
    1.7817
    1.8228
    1.8557
    1.8224
    1.7606
    1.7740
    1.7637
    1.6821
    1.7494
    1.7595
    1.7684
    1.7169
    1.6286
    1.6800
    1.7193
    1.7306
    1.6869
    1.7366
    1.7845
    1.8031
    1.7498
    1.7278
    1.7448
    1.7070
    1.6897
    1.6503
    1.6888
    1.6987
    1.7341
    1.7705
    1.7919
    1.8634
    1.8653
    1.8548
    1.8539
    1.8282
    1.8267
    1.8196
    1.8227
    1.8515
    1.8467
    1.8661
    1.9361
    1.9370
    1.9297
    1.9689
    1.9087
    1.9299
    1.9365
    1.9472
    1.9344
    1.9979
    2.0113
    2.0304
    1.9813
    1.9863
    2.0237
    2.0689
    2.1050
    2.0688
    2.1757
    2.0700
    1.9616
    1.9446
    1.9275
    1.9647
    1.9627
    1.9354
    1.9721
    2.0070
    2.0175
    2.0270
    1.9664
    2.0254
    2.0156
    2.1100
    2.1235
    1.9958
    2.0415
    2.0550
    2.1126
    2.1059
    2.1432
    2.0836
    2.0759
    1.9801
    1.9910
    1.9564
    1.8737
    1.8718
    1.8794
    1.8965
    1.9001
    1.8745
    1.8585
    1.8712
    1.8861
    1.8482
    1.8158
    1.8626
    1.8617
    1.8225
    1.8194
    1.8343
    1.7977
    1.8186
    1.8116
    1.8093
    1.8347
    1.8255
    1.7797
    1.7933
    1.7640
    1.7830
    1.7994
    1.7777
    1.7894
    1.8066
    1.8471
    1.8402
    1.8805
    1.8797
    1.9276
    1.9574
    1.9893
    1.9910
    1.9927
    1.9960
    1.9892
    1.9614
    2.0090
    2.0278
    2.0387
    2.0544
    2.0526
    2.0542
    2.1261
    2.1510
    2.1532
    2.1763
    2.1491
    2.1889
    2.1239
    2.0989
    2.1358
    2.1519
    2.1727
    2.2210
    2.2186
    2.2240
    2.2680
    2.2608
    2.2355
    2.2210
    2.1822
    2.1809
    2.2198
    2.2252
    2.2453
    2.1879
    2.2247
    2.2000
    2.2218
    2.2237
    2.1788
    2.2424
    2.2703
    2.2784
    2.2916
    2.3203
    2.2968
    2.3528
    2.3304
    2.3714
    2.4034
    2.4210
    2.4642
    2.4926
    2.5066
    2.5131
    2.5283
    2.5054
    2.5106
    2.5545
    2.5826
    2.6293
    2.6479
    2.6179
    2.6126
    2.6252
    2.6119
    2.5622
    2.5866
    2.5551
    2.5213
    2.5394
    2.5581
    2.5755
    2.5784
    2.5999
    2.6106
    2.6216
    2.6567
    2.6136
    2.6094
    2.6633
    2.6752
    2.7033
    2.7544
    2.8044
    2.8104
    2.7985
    2.7842
    2.8216
    2.8511
    2.8448
    2.8555
    2.7907
    2.8545
    2.9055
    2.9729
    2.9772
    2.9997
    3.0245
    2.9895
    2.9702
    3.0086
    3.0105
    3.0268
    3.0865
    3.1142
    3.1025
    3.1851
    3.2188
    3.2230
    3.2281
    3.2188
    3.2382
    3.2591
    3.2663
    3.2374
    3.1900
    3.2113
    3.1835
    3.2252
    3.2523
    3.2388
    3.2052
    3.2063
    3.2246
    3.2883
    3.2981
    3.3247
    3.3245
    3.3424
    3.3241
    3.3548
    3.3904
    3.3833
    3.4043
    3.3958
    3.3809
    3.3989
    3.3888
    3.3706
    3.3999
    3.3864
    3.4634
    3.4566
    3.4394
    3.4866
    3.5086
    3.5153
    3.4964
    3.4518
    3.4802
    3.4932
    3.4580
    3.4662
    3.4724
    3.4727
    3.4119
    3.3898
    3.3644
    3.3679
    3.3416
    3.3162
    3.2735
    3.2664
    3.2606
    3.2426
    3.2589
    3.2118
    3.2037
    3.2237
    3.2427
    3.2487
    3.1755
    3.0574
    3.0225
    3.0143
    2.9868
    2.9692
    2.9360
    2.9136
    2.8636
    2.8402
    2.8248
    2.7655
    2.7282
    2.7176
    2.7173
    2.6991
    2.7216
    2.6952
    2.7037
    2.7039
    2.6687
    2.6217
    2.5939
    2.5842
    2.5725
    2.5794
    2.5878
    2.5780
    2.5557
    2.5681
    2.5439
    2.5144
    2.4793
    2.4617
    2.4416
    2.4112
    2.4006
    2.3779
    2.3983
    2.3911
    2.3908
    2.3283
    2.3123
    2.3140
    2.3084
    2.3023
    2.3159
    2.3181
    2.2866
    2.2833
    2.2801
    2.2661
    2.2686
    2.2453
    2.2380
    2.2530
    2.2225
    2.2031
    2.1565
    2.1563
    2.1578
    2.1532
    2.1408
    2.1205
    2.1131
    2.1268
    2.1032
    2.0585
    2.0516
    2.0303
    2.0130
    2.0060
    1.9753
    1.9710
    1.9673
    1.9621
    1.9578
    1.9223
    1.9082
    1.8980
    1.8979
    1.8941
    1.8934
    1.8970
    1.8759
    1.8558
    1.8412
    1.8517
    1.8622
    1.8653
    1.8523
    1.8499
    1.8414
    1.8519
    1.8410
    1.8472
    1.8620
    1.8532
    1.8541
    1.8758
    1.8822
    1.8817
    1.8624
    1.8710
    1.8842
    1.8666
    1.8598
    1.8486
    1.8374
    1.8181
    1.8143
    1.8132
    1.8064
    1.8029
    1.7893
    1.7669
    1.7608
    1.7780
    1.7773
    1.7479
    1.7252
    1.7168
    1.7125
    1.7006
    1.6800
    1.6780
    1.6820
    1.6924
    1.6844
    1.6792
    1.6828
    1.6725
    1.6645
    1.6570
    1.6461
    1.6382
    1.6396
    1.6425
    1.6382
    1.6144
    1.5995
    1.5823
    1.5779
    1.5842
    1.5836
    1.5703
    1.5586
    1.5439
    1.5404
    1.5347
    1.5132
    1.5009
    1.5065
    1.4967
    1.4912
    1.4828
    1.4938
    1.4888
    1.4886
    1.4946
    1.4975
    1.5013
    1.4909
    1.4964
    1.4820
    1.4864
    1.4830
    1.4933
    1.5018
    1.5119
    1.5098
    1.4953
    1.4720
    1.4715
    1.4511
    1.4592
    1.4547
    1.4625
    1.4582
    1.4434
    1.4216
    1.4250
    1.4334
    1.4422
    1.4486
    1.4446
    1.4375
    1.4326
    1.4295
    1.4217
    1.4279
    1.4233
    1.4130
    1.4225
    1.4104
    1.4162
    1.4246
    1.4301
    1.4161
    1.4209
    1.4147
    1.4208
    1.4245
    1.4183
    1.4174
    1.4314
    1.4348
    1.4340
    1.4286
    1.4278
    1.4273
    1.4305
    1.4304
    1.4163
    1.4328
    1.4428
    1.4372
    1.4266
    1.4258
    1.4158
    1.4167
    1.4336
    1.4140
    1.3964
    1.3997
    1.3847
    1.3651
    1.3626
    1.3609
    1.3622
    1.3638
    1.3492
    1.3468
    1.3508
    1.3350
    1.3370
    1.3427
    1.3308
    1.3271
    1.3294
    1.3229
    1.3093
    1.2960
    1.2872
    1.2873
    1.2953
    1.2879
    1.2888
    1.2903
    1.2969
    1.2850
    1.2911
    1.2844
    1.2873
    1.2927
    1.3007
    1.2984
    1.3037
    1.3127
    1.3115
    1.3114
    1.3094
    1.3082
    1.3087
    1.3193
    1.3113
    1.3172
    1.3255
    1.3240
    1.3283
    1.3187
    1.3149
    1.3155
    1.3257
    1.3256
    1.3276
    1.3347
    1.3282
    1.3313
    1.3321
    1.3378
    1.3400
    1.3482
    1.3520
    1.3530
    1.3559
    1.3657
    1.3769
    1.3787
    1.3792
    1.3808
    1.3808
    1.3814
    1.3789
    1.3857
    1.3952
    1.4005
    1.4048
    1.3975
    1.3968
    1.4107
    1.4212
    1.4205
    1.4214
    1.4175
    1.4225
    1.4372
    1.4437
    1.4479
    1.4628
    1.4720
    1.4815
    1.4817
    1.4699
    1.4676
    1.4736
    1.4811
    1.4723
    1.4642
    1.4654
    1.4643
    1.4703
    1.4687
    1.4659
    1.4596
    1.4530
    1.4584
    1.4484
    1.4506
    1.4427
    1.4475
    1.4475
    1.4622
    1.4713
    1.4804
    1.4861
    1.4940
    1.4883
    1.4923
    1.4935
    1.4972
    1.5057
    1.5102
    1.5073
    1.5159
    1.5148
    1.5033
    1.4946
    1.4923
    1.4954
    1.4988
    1.4965
    1.5088
    1.5091
    1.5072
    1.5055
    1.5006
    1.5021
    1.4998
    1.4952
    1.4885
    1.4943
    1.4899
    1.4885
    1.4868
    1.4820
    1.4871
    1.4879
    1.4889
    1.4940
    1.4942
    1.4922
    1.4941
    1.4986
    1.4918
    1.4896
    1.4898
    1.4906
    1.4933
    1.4980
    1.4985
    1.5000
    1.4991
    1.5018
    1.5094
    1.5126
    1.5134
    1.5106
    1.5031
    1.5035
    1.5125
    1.5129
    1.5159
    1.5087
    1.5017
    1.5020
    1.4957
    1.5120
    1.5280
    1.5275
    1.5382
    1.5529
    1.5519
    1.5509
    1.5514
    1.5603
    1.5532
    1.5526
    1.5699
    1.5746
    1.5725
    1.5839
    1.5855
    1.5857
    1.5751
    1.5740
    1.5853
    1.5941
    1.5924
    1.5974
    1.6064
    1.6218
    1.6218
    1.6297
    1.6280
    1.6286
    1.6321
    1.6351
    1.6279
    1.6289
    1.6246
    1.6247
    1.6464
    1.6385
    1.6482
    1.6487
    1.6460
    1.6464
    1.6434
    1.6491
    1.6454
    1.6454
    1.6305
    1.6265
    1.6311
    1.6452
    1.6486
    1.6490
    1.6532
    1.6400
    1.6398
    1.6495
    1.6416
    1.6517
    1.6730
    1.6715
    1.6806
    1.6946
    1.7124
    1.7125
    1.7099
    1.7036
    1.7059
    1.7109
    1.6988
    1.7106
    1.7039
    1.7175
    1.7175
    1.7246
    1.7124
    1.7243
    1.7102
    1.7132
    1.7171
    1.7136
    1.7120
    1.7120
    1.7053
    1.6826
    1.6737
    1.6604
    1.6638
    1.6831
    1.6792
    1.7003
    1.7003
    1.6860
    1.6879
    1.6878
    1.6747
    1.6689
    1.7018
    1.7197
    1.7001
    1.6934
    1.6934
    1.6918
    1.6939
    1.6969
    1.7013
    1.7101
    1.6907
    1.6749
    1.6582
    1.6582
    1.6165
    1.6043
    1.5768
    1.5850
    1.5866
    1.6205
    1.6174
    1.6083
    1.6083
    1.5986
    1.5995
    1.6134
    1.6004
    1.5955
    1.6124
    1.5863
    1.5860
    1.5860
    1.6121
    1.6589
    1.6797
    1.6684
    1.6934
    1.6837
    1.6752
    1.7022
    1.7022
    1.6766
    1.6822
    1.6555
    1.6133
    1.6400
    1.6297
    1.6039
    1.6030
    1.6030
    1.6062
    1.5929
    1.5975
    1.5720
    1.5321
    1.5426
    1.6046
    1.6238
    1.6130
    1.6130
    1.6180
    1.6849
    1.7342
    1.7175
    1.6895
    1.6877
    1.6764
    1.6281
    1.6281
    1.6685
    1.6954
    1.6804
    1.7935
    1.9304
    1.9263
    2.0107
    2.2162
    2.2162
    2.2713
    2.2951
    2.3590
    2.4141
    2.2951
    2.3799
