    7.5232
    6.9561
    6.2731
    4.6454
    7.3099
    3.7703
    7.1978
    1.4823
    2.9984
    2.3243
    2.5582
    1.9543
    1.9961
    1.9695
    2.2089
    2.1572
    1.8874
    1.6700
    1.6168
    1.6311
    1.5943
    1.5334
    1.5027
    1.5953
    1.6248
    1.6825
    1.9514
    2.0914
    2.3395
    2.7520
    3.0148
    3.3090
    3.5613
    3.5957
    3.7674
    4.2301
    4.4649
    4.2063
    4.3243
    4.6191
    4.6744
    4.2766
    3.8223
    3.5679
    3.1988
    2.8424
    2.4557
    2.2661
    2.0069
    1.8040
    1.7495
    1.4997
    1.4387
    1.3869
    1.2624
    1.2004
    1.0949
    1.1030
    1.1560
    1.1576
    1.1437
    1.2398
    1.2823
    1.2568
    1.3362
    1.5286
    1.4637
    1.5843
    1.7938
    1.8901
    2.0306
    2.2067
    2.2363
    2.4485
    2.4200
    2.4073
    2.4400
    2.3632
    2.4600
    2.4783
    2.3334
    2.3206
    2.2671
    2.2445
    2.3532
    2.2208
    2.1928
    2.1911
    2.1752
    2.0064
    1.8812
    1.9578
    1.8959
    1.7308
    1.6565
    1.6392
    1.6699
    1.6445
    1.5827
    1.5491
    1.6593
    1.7294
    1.6544
    1.6865
    1.6993
    1.7979
    1.8605
    1.9590
    2.0203
    2.0674
    2.2087
    2.3521
    2.4104
    2.5811
    2.6620
    2.6321
    2.5424
    2.7269
    2.7904
    2.7852
    2.5784
    2.5535
    2.5014
    2.4467
    2.4894
    2.4772
    2.4446
    2.5249
    2.5187
    2.4625
    2.4264
    2.3920
    2.3220
    2.3321
    2.2512
    2.3244
    2.3694
    2.3107
    2.3134
    2.3291
    2.3806
    2.4532
    2.4632
    2.4015
    2.3709
    2.4206
    2.4179
    2.3900
    2.4357
    2.4989
    2.5202
    2.6044
    2.7280
    2.5517
    2.6752
    2.7786
    2.6876
    2.8537
    2.9883
    2.9964
    3.0517
    3.1050
    3.2403
    3.3603
    3.3546
    3.2600
    3.1989
    3.2701
    3.1976
    3.0999
    2.9871
    3.0193
    3.1747
    3.1218
    3.0493
    3.0466
    3.1067
    3.1376
    3.1060
    3.1042
    3.0183
    3.1221
    3.2265
    3.2367
    3.2592
    3.3343
    3.3758
    3.1697
    3.1457
    3.1191
    3.1056
    3.0852
    3.1072
    3.1678
    3.2293
    3.2841
    3.3195
    3.4123
    3.3136
    3.3957
    3.2658
    3.2624
    3.1328
    3.0753
    3.0898
    3.0867
    3.1988
    3.0866
    3.1210
    3.1868
    3.2351
    3.2224
    3.4974
    3.6511
    3.7176
    3.6402
    3.5778
    3.5870
    3.6033
    3.5977
    3.6334
    3.6851
    3.6660
    3.7164
    3.8721
    3.8345
    3.7365
    3.8064
    3.8265
    3.8128
    3.7150
    3.6966
    3.8453
    3.8049
    3.7706
    3.8765
    3.6644
    3.7006
    3.6270
    3.6114
    3.5875
    3.5489
    3.4119
    3.3843
    3.4322
    3.4009
    3.3320
    3.3974
    3.4482
    3.5980
    3.6808
    3.7162
    3.8454
    3.8351
    3.9094
    3.9477
    3.9662
    3.9011
    3.7923
    3.7259
    3.7001
    3.5437
    3.4606
    3.4944
    3.3656
    3.3111
    3.2523
    3.1674
    3.0955
    2.9443
    2.8977
    2.8764
    2.8657
    2.8193
    2.7539
    2.7300
    2.7377
    2.6599
    2.6641
    2.6631
    2.6602
    2.6474
    2.5900
    2.6391
    2.6515
    2.6210
    2.5889
    2.5850
    2.5546
    2.5571
    2.5834
    2.5757
    2.5124
    2.5437
    2.5238
    2.5022
    2.5123
    2.5228
    2.5521
    2.5356
    2.5847
    2.6102
    2.5970
    2.6182
    2.6391
    2.6962
    2.7027
    2.6826
    2.6690
    2.6776
    2.6980
    2.6579
    2.5978
    2.5552
    2.4744
    2.4127
    2.3678
    2.2990
    2.3168
    2.2996
    2.3046
    2.2595
    2.2706
    2.2284
    2.2426
    2.2814
    2.2929
    2.2762
    2.2497
    2.2691
    2.3491
    2.3452
    2.3087
    2.3638
    2.4132
    2.4487
    2.4670
    2.4613
    2.5249
    2.5160
    2.5183
    2.5373
    2.5510
    2.5618
    2.5877
    2.6310
    2.6231
    2.6194
    2.5939
    2.6249
    2.6377
    2.5871
    2.5346
    2.4847
    2.4726
    2.4471
    2.4129
    2.3938
    2.3500
    2.3323
    2.3333
    2.3047
    2.2598
    2.2235
    2.1676
    2.1462
    2.1304
    2.1172
    2.0837
    2.0441
    2.0150
    1.9995
    2.0049
    1.9827
    1.9736
    1.9691
    1.9579
    1.9609
    1.8920
    1.8622
    1.8566
    1.8213
    1.8021
    1.7326
    1.7266
    1.6900
    1.6882
    1.6645
    1.6563
    1.6264
    1.6139
    1.6009
    1.6037
    1.5877
    1.5760
    1.5587
    1.5372
    1.5172
    1.5095
    1.5056
    1.4888
    1.4868
    1.4756
    1.4719
    1.4676
    1.4791
    1.4624
    1.4713
    1.4505
    1.4388
    1.4305
    1.4212
    1.3989
    1.3873
    1.3819
    1.3550
    1.3374
    1.3475
    1.3390
    1.3230
    1.3188
    1.2995
    1.2916
    1.2789
    1.2634
    1.2471
    1.2341
    1.2361
    1.2292
    1.2234
    1.2248
    1.2250
    1.2356
    1.2223
    1.2188
    1.2229
    1.2194
    1.2031
    1.2010
    1.2055
    1.1890
    1.1879
    1.1950
    1.2064
    1.2090
    1.2167
    1.2089
    1.2023
    1.1933
    1.2066
    1.2134
    1.2252
    1.2211
    1.2263
    1.2405
    1.2465
    1.2537
    1.2735
    1.2878
    1.3053
    1.3175
    1.3275
    1.3312
    1.3223
    1.3372
    1.3732
    1.4017
    1.3993
    1.4067
    1.4115
    1.3972
    1.4039
    1.3957
    1.4196
    1.4308
    1.4154
    1.4234
    1.4463
    1.4637
    1.4577
    1.4823
    1.4820
    1.4984
    1.5135
    1.5082
    1.5153
    1.5512
    1.5521
    1.5555
    1.5422
    1.5578
    1.5716
    1.5792
    1.5754
    1.5856
    1.6078
    1.6233
    1.6430
    1.6453
    1.6647
    1.6884
    1.7061
    1.7179
    1.7260
    1.7161
    1.7305
    1.7179
    1.7302
    1.7729
    1.8105
    1.8050
    1.7834
    1.8167
    1.8398
    1.9218
    1.9261
    1.9519
    1.9511
    1.9510
    1.9740
    1.9820
    1.9723
    1.9589
    1.9684
    2.0167
    2.0365
    2.0403
    2.0665
    2.0841
    2.0821
    2.1473
    2.1783
    2.1962
    2.2361
    2.2781
    2.3180
    2.3809
    2.3932
    2.3988
    2.4192
    2.4195
    2.4283
    2.4417
    2.4616
    2.4787
    2.5023
    2.5139
    2.5341
    2.5273
    2.5191
    2.5340
    2.5655
    2.6022
    2.6518
    2.6605
    2.6792
    2.7075
    2.7135
    2.7123
    2.7010
    2.7153
    2.7234
    2.7485
    2.7716
    2.7829
    2.7775
    2.7789
    2.7811
    2.7847
    2.7934
    2.8010
    2.8043
    2.8158
    2.8336
    2.8391
    2.8524
    2.8541
    2.8551
    2.8678
    2.8913
    2.8879
    2.8684
    2.8836
    2.9012
    2.8839
    2.8654
    2.8528
    2.8295
    2.8313
    2.8494
    2.8550
    2.8660
    2.8682
    2.8611
    2.8693
    2.8584
    2.8840
    2.8742
    2.8702
    2.8975
    2.9098
    2.9189
    2.9174
    2.9402
    2.9427
    2.9590
    2.9864
    2.9842
    3.0078
    3.0208
    3.0470
    3.0345
    3.0254
    3.0384
    3.0358
    3.0683
    3.0959
    3.1005
    3.1185
    3.1180
    3.0811
    3.0965
    3.1030
    3.1281
    3.1225
    3.1407
    3.1458
    3.1778
    3.1924
    3.1913
    3.2178
    3.2318
    3.2347
    3.2603
    3.2823
    3.3230
    3.3197
    3.3485
    3.3735
    3.3743
    3.3585
    3.3851
    3.3587
    3.3702
    3.4004
    3.4046
    3.3980
    3.3758
    3.3395
    3.3726
    3.3509
    3.3439
    3.3657
    3.4018
    3.4272
    3.4213
    3.4660
    3.4682
    3.5091
    3.4985
    3.5485
    3.5120
    3.5115
    3.5282
    3.5317
    3.5233
    3.5195
    3.4536
    3.4340
    3.4241
    3.3981
    3.3691
    3.3525
    3.2992
    3.3057
    3.2896
    3.3364
    3.3288
    3.3064
    3.3114
    3.3179
    3.3063
    3.3295
    3.3442
    3.3622
    3.3570
    3.3476
    3.3263
    3.3187
    3.2708
    3.2456
    3.2101
    3.2240
    3.2438
    3.2435
    3.2099
    3.2497
    3.2218
    3.2332
    3.1976
    3.1849
    3.1542
    3.1143
    3.0868
    3.1165
    3.1058
    3.0940
    3.0718
    3.0653
    3.0672
    3.0607
    3.0661
    3.0838
    3.1048
    3.1211
    3.1283
    3.1199
    3.1134
    3.1153
    3.1214
    3.1308
    3.1512
    3.1506
    3.1532
    3.1472
    3.1332
    3.1293
    3.1384
    3.1199
    3.1140
    3.0969
    3.0739
    3.0956
    3.0756
    3.0812
    3.0688
    3.0831
    3.0769
    3.0687
    3.0607
    3.0801
    3.0690
    3.0565
    3.0306
    3.0435
    3.0316
    3.0471
    3.0474
    3.0269
    3.0527
    3.0362
    3.0448
    3.0432
    3.0225
    3.0342
    3.0214
    2.9967
    2.9853
    2.9884
    2.9819
    2.9908
    2.9889
    2.9924
    2.9927
    3.0177
    3.0265
    3.0274
    3.0362
    3.0368
    3.0297
    3.0408
    3.0393
    3.0237
    3.0286
    3.0255
    3.0175
    3.0188
    3.0257
    3.0250
    3.0232
    3.0183
    3.0295
    3.0464
    3.0453
    3.0255
    3.0060
    3.0228
    3.0076
    2.9989
    2.9901
    2.9941
    2.9846
    2.9626
    2.9561
    2.9331
    2.9199
    2.9100
    2.9030
    2.9017
    2.8872
    2.8723
    2.8670
    2.8734
    2.8610
    2.8561
    2.8587
    2.8600
    2.8520
    2.8411
    2.8396
    2.8449
    2.8511
    2.8239
    2.8136
    2.8143
    2.8167
    2.8137
    2.8224
    2.8219
    2.8331
    2.8393
    2.8357
    2.8372
    2.8253
    2.8236
    2.8234
    2.8232
    2.8182
    2.8222
    2.8165
    2.8232
    2.8076
    2.8141
    2.8086
    2.8073
    2.8051
    2.8018
    2.8025
    2.7997
    2.8027
    2.8302
    2.8305
    2.8376
    2.8370
    2.8326
    2.8287
    2.8328
    2.8253
    2.8363
    2.8145
    2.8005
    2.7727
    2.7729
    2.7870
    2.7688
    2.7809
    2.7866
    2.7829
    2.7921
    2.7730
    2.7633
    2.7634
    2.7319
    2.7346
    2.7199
    2.7089
    2.7179
    2.7237
    2.7445
    2.7667
    2.7667
    2.7986
    2.7939
    2.7834
    2.7717
    2.7687
    2.7800
    2.7374
    2.7292
    2.7292
    2.7077
    2.7360
    2.7628
    2.7913
    2.7984
    2.8264
    2.8494
    2.8290
    2.8353
    2.8352
    2.8432
    2.8697
    2.8590
    2.8498
    2.8690
    2.8613
    2.8493
    2.8321
    2.8321
    2.8216
    2.7977
    2.7865
    2.7942
    2.7911
    2.7913
    2.7822
    2.7725
    2.7727
    2.7579
    2.7189
    2.7099
    2.7088
    2.7160
    2.7201
    2.7009
    2.7187
    2.7187
    2.7042
    2.7038
    2.6985
    2.7080
    2.7369
    2.7224
    2.7516
    2.7392
    2.7392
    2.7363
    2.7399
    2.7423
    2.7649
    2.7938
    2.8046
    2.7986
    2.7989
    2.7989
    2.8193
    2.8438
    2.8513
    2.8326
    2.8233
    2.7981
    2.8013
    2.8572
    2.8190
    2.8190
    2.8541
    2.8224
    2.8303
    2.7899
    2.8253
    2.8066
    2.8014
    2.8303
    2.8303
    2.8463
    2.8325
    2.8507
    2.8623
    2.8312
    2.8609
    2.8150
    2.7641
    2.7641
    2.6949
    2.6518
    2.6299
    2.6161
    2.6321
    2.6275
    2.6428
    2.6344
    2.6344
    2.6410
    2.6549
    2.6493
    2.6606
    2.6602
    2.6634
    2.6329
    2.6285
    2.6285
    2.5713
    2.5731
    2.5718
    2.5730
    2.5764
    2.5802
    2.5609
    2.6015
    2.6015
    2.6026
    2.5100
    2.5456
    2.5792
    2.6107
    2.5576
    2.5738
    2.6207
    2.6867
    2.6867
    2.7180
    2.8142
    2.8105
    2.8727
    2.9368
    2.8756
    2.9191
    2.9652
    2.9652
    2.9925
    3.0249
    2.9725
    3.0492
    3.0236
    2.9859
    2.9723
    2.9938
    2.9938
    2.9671
    2.8985
    2.8282
    2.8287
    2.8579
    2.9908
