    3.1198
    3.1310
    3.5793
    1.2857
    2.3250
    1.6560
    1.0851
    3.9475
    3.6090
    3.1271
    2.2988
    2.0719
    2.1740
    2.4169
    2.7259
    3.7771
    4.2782
    5.0295
    5.2146
    4.8093
    6.1065
    7.0286
    8.1956
    6.6252
    5.1156
    3.7006
    2.9449
    2.6976
    2.3453
    1.9719
    2.0547
    1.8630
    1.9123
    1.7333
    1.8562
    1.7198
    1.5840
    1.6580
    1.6277
    1.6809
    1.7184
    1.3939
    1.4723
    1.5137
    1.5934
    1.6658
    1.4387
    1.3690
    1.3165
    1.2720
    1.3533
    1.2487
    1.1884
    1.1359
    1.1072
    1.1196
    1.0811
    1.1003
    1.1549
    1.1045
    1.1022
    1.1553
    1.1086
    1.0318
    1.0418
    1.0596
    1.0945
    1.0770
    1.0636
    1.0375
    0.9899
    0.9884
    0.9888
    1.0895
    1.1358
    1.1718
    1.2447
    1.2388
    1.3106
    1.3784
    1.3951
    1.3828
    1.4064
    1.3393
    1.4191
    1.4308
    1.4580
    1.4710
    1.6019
    1.6806
    1.6925
    1.7324
    1.7833
    1.7681
    1.7468
    1.7610
    1.6885
    1.6027
    1.4996
    1.4147
    1.5006
    1.5931
    1.5777
    1.6502
    1.6760
    1.8063
    1.8189
    1.8065
    1.8053
    1.7314
    1.6953
    1.6958
    1.7157
    1.7181
    1.7766
    1.8014
    1.8515
    1.7956
    1.7584
    1.8337
    1.8919
    1.9467
    1.8805
    1.9599
    2.0215
    2.1810
    2.0123
    1.8901
    1.8479
    2.0015
    1.9257
    1.8837
    1.9550
    1.8075
    1.7910
    1.7437
    1.7642
    1.8277
    1.9593
    2.0595
    2.0364
    2.0555
    2.1061
    1.9779
    2.0664
    2.0983
    2.0812
    2.1310
    2.1932
    2.1429
    2.1358
    2.2129
    2.1300
    2.2407
    2.1142
    2.2188
    2.1619
    2.1223
    2.0249
    2.0548
    2.1346
    2.0994
    2.0793
    2.2343
    2.2690
    2.2886
    2.2807
    2.2659
    2.3294
    2.3286
    2.3326
    2.3569
    2.3393
    2.3056
    2.2098
    2.1703
    2.0841
    2.1429
    2.1601
    2.1717
    2.2603
    2.2360
    2.2861
    2.2730
    2.3716
    2.3152
    2.2434
    2.2259
    2.2465
    2.3341
    2.2970
    2.3442
    2.3518
    2.3528
    2.3614
    2.2740
    2.2976
    2.3531
    2.3797
    2.4146
    2.4045
    2.4330
    2.3928
    2.4153
    2.4181
    2.4219
    2.4517
    2.4453
    2.4700
    2.4942
    2.4805
    2.5159
    2.5663
    2.6213
    2.6611
    2.6946
    2.7242
    2.7409
    2.7620
    2.7414
    2.7501
    2.7802
    2.8139
    2.8243
    2.8100
    2.8461
    2.8679
    2.8746
    2.9614
    3.0393
    3.0515
    3.0710
    2.9614
    3.0045
    3.0557
    3.0418
    3.0463
    3.0783
    3.0952
    3.1022
    3.1339
    3.1656
    3.2085
    3.2358
    3.3025
    3.3090
    3.4289
    3.3682
    3.3518
    3.3693
    3.4370
    3.4085
    3.4759
    3.4843
    3.4812
    3.5216
    3.4824
    3.5382
    3.6233
    3.6868
    3.5813
    3.6470
    3.6628
    3.6142
    3.6764
    3.6775
    3.6844
    3.6101
    3.5427
    3.5452
    3.5437
    3.4765
    3.4034
    3.4234
    3.4295
    3.4539
    3.4966
    3.5039
    3.4809
    3.4981
    3.5528
    3.5134
    3.5477
    3.5461
    3.5339
    3.5281
    3.4966
    3.4858
    3.4695
    3.4126
    3.3691
    3.3960
    3.5206
    3.5096
    3.4779
    3.4757
    3.5368
    3.5840
    3.5954
    3.5997
    3.5969
    3.5188
    3.4902
    3.4722
    3.4796
    3.4375
    3.4093
    3.4306
    3.3803
    3.4146
    3.3934
    3.3994
    3.4609
    3.4471
    3.4540
    3.4320
    3.4783
    3.4492
    3.4591
    3.3752
    3.3520
    3.4564
    3.3768
    3.4273
    3.3931
    3.2856
    3.1638
    3.2054
    3.1455
    3.1646
    3.1466
    3.1439
    3.1656
    3.1379
    3.0519
    2.9865
    3.0044
    3.0286
    2.9633
    2.9744
    2.8845
    2.8891
    2.9691
    3.0182
    2.9585
    2.8503
    2.8372
    2.7828
    2.7464
    2.7135
    2.7379
    2.6860
    2.6384
    2.6026
    2.5882
    2.5382
    2.4589
    2.4204
    2.3928
    2.3254
    2.3120
    2.2874
    2.2622
    2.2148
    2.1350
    2.0633
    2.0448
    2.0075
    1.9393
    1.9277
    1.9223
    1.8949
    1.8931
    1.8350
    1.8256
    1.8305
    1.8242
    1.7799
    1.7603
    1.7442
    1.7294
    1.7336
    1.7145
    1.7051
    1.6938
    1.6970
    1.7055
    1.6917
    1.6761
    1.6251
    1.5789
    1.5546
    1.5389
    1.5035
    1.4898
    1.4653
    1.4351
    1.3869
    1.3553
    1.3553
    1.3238
    1.3200
    1.3246
    1.3090
    1.2866
    1.2570
    1.2607
    1.2273
    1.2142
    1.2071
    1.1974
    1.1977
    1.2022
    1.1945
    1.1780
    1.1619
    1.1516
    1.1421
    1.1344
    1.1168
    1.1214
    1.1217
    1.1288
    1.1226
    1.1383
    1.1496
    1.1541
    1.1511
    1.1594
    1.1471
    1.1576
    1.1446
    1.1460
    1.1360
    1.1413
    1.1630
    1.1556
    1.1505
    1.1605
    1.1715
    1.1654
    1.1729
    1.1674
    1.1756
    1.1841
    1.1763
    1.1699
    1.1736
    1.1825
    1.1924
    1.1751
    1.1767
    1.1887
    1.1745
    1.1722
    1.1720
    1.1723
    1.1572
    1.1513
    1.1622
    1.1821
    1.1869
    1.1745
    1.1752
    1.1863
    1.1711
    1.1724
    1.1645
    1.1601
    1.1550
    1.1587
    1.1403
    1.1440
    1.1354
    1.1351
    1.1504
    1.1523
    1.1547
    1.1620
    1.1614
    1.1451
    1.1456
    1.1431
    1.1329
    1.1433
    1.1556
    1.1419
    1.1225
    1.1216
    1.1112
    1.1241
    1.1427
    1.1501
    1.1454
    1.1513
    1.1523
    1.1774
    1.1974
    1.2192
    1.2172
    1.2334
    1.2434
    1.2511
    1.2515
    1.2599
    1.2701
    1.2777
    1.2837
    1.2953
    1.3211
    1.3255
    1.3292
    1.3492
    1.3503
    1.3632
    1.3709
    1.3736
    1.3826
    1.3875
    1.3909
    1.4054
    1.4026
    1.3907
    1.3905
    1.3877
    1.3940
    1.3926
    1.3939
    1.4101
    1.4054
    1.4163
    1.4065
    1.3996
    1.4033
    1.3853
    1.3768
    1.3801
    1.3786
    1.3673
    1.3669
    1.3727
    1.3787
    1.3671
    1.3787
    1.3872
    1.3981
    1.4030
    1.4032
    1.4039
    1.4050
    1.4179
    1.4251
    1.4205
    1.4166
    1.4133
    1.4289
    1.4319
    1.4350
    1.4279
    1.4363
    1.4301
    1.4339
    1.4267
    1.4147
    1.4270
    1.4334
    1.4323
    1.4456
    1.4569
    1.4632
    1.4581
    1.4954
    1.5024
    1.5154
    1.5187
    1.5226
    1.5359
    1.5373
    1.5467
    1.5610
    1.5576
    1.5772
    1.5933
    1.6104
    1.6299
    1.6451
    1.6671
    1.6702
    1.6732
    1.6904
    1.7216
    1.7391
    1.7418
    1.7492
    1.7301
    1.7213
    1.7281
    1.7484
    1.7559
    1.7517
    1.7474
    1.7448
    1.7476
    1.7677
    1.7565
    1.7713
    1.7780
    1.7816
    1.7890
    1.8001
    1.7950
    1.7835
    1.7729
    1.7924
    1.7867
    1.7906
    1.8087
    1.8146
    1.8158
    1.8193
    1.8259
    1.8318
    1.8393
    1.8415
    1.8336
    1.8262
    1.8077
    1.8181
    1.8267
    1.8480
    1.8646
    1.8843
    1.8789
    1.8718
    1.8733
    1.8706
    1.9074
    1.9100
    1.9061
    1.9067
    1.8981
    1.9181
    1.9183
    1.9296
    1.9204
    1.9277
    1.9343
    1.9338
    1.9487
    1.9427
    1.9698
    1.9594
    1.9482
    1.9581
    1.9546
    1.9601
    1.9684
    1.9790
    1.9885
    1.9949
    2.0086
    2.0326
    2.0357
    2.0354
    2.0544
    2.0705
    2.0879
    2.0785
    2.0923
    2.0909
    2.1141
    2.1509
    2.1565
    2.1787
    2.2165
    2.2392
    2.2772
    2.3367
    2.3640
    2.3948
    2.4060
    2.4301
    2.4623
    2.5017
    2.4899
    2.4669
    2.4688
    2.4881
    2.4772
    2.4704
    2.4816
    2.4807
    2.4914
    2.4754
    2.4912
    2.4895
    2.4951
    2.4844
    2.4942
    2.5153
    2.5266
    2.5289
    2.5346
    2.5597
    2.5694
    2.5811
    2.5880
    2.5962
    2.6273
    2.6524
    2.6575
    2.6583
    2.6637
    2.6716
    2.6769
    2.6913
    2.6886
    2.7104
    2.7108
    2.7148
    2.6964
    2.7040
    2.6842
    2.7039
    2.7020
    2.7166
    2.7381
    2.7437
    2.7521
    2.7648
    2.7561
    2.7749
    2.7604
    2.7524
    2.7589
    2.7496
    2.7405
    2.7334
    2.7212
    2.7257
    2.7447
    2.7448
    2.7564
    2.7623
    2.7629
    2.7540
    2.7629
    2.7850
    2.7980
    2.8123
    2.8364
    2.8356
    2.8519
    2.8510
    2.8510
    2.8501
    2.8754
    2.8884
    2.8815
    2.8811
    2.8755
    2.8810
    2.9108
    2.9247
    2.9354
    2.9458
    2.9241
    2.8975
    2.9090
    2.8974
    2.9021
    2.9331
    2.9516
    2.9367
    2.9667
    2.9581
    2.9681
    2.9794
    2.9728
    2.9844
    2.9754
    2.9475
    2.9387
    2.9521
    2.9434
    2.9564
    2.9585
    2.9347
    2.9145
    2.9423
    2.9282
    2.8976
    2.9123
    2.8973
    2.8891
    2.8748
    2.8603
    2.8457
    2.8488
    2.8463
    2.8611
    2.8546
    2.8397
    2.8402
    2.8538
    2.8495
    2.8448
    2.8600
    2.8331
    2.8232
    2.8095
    2.8199
    2.8221
    2.8060
    2.7947
    2.7840
    2.7717
    2.7589
    2.7707
    2.7476
    2.7561
    2.7751
    2.7726
    2.7766
    2.7682
    2.7737
    2.7623
    2.7655
    2.7670
    2.7750
    2.7731
    2.7708
    2.7681
    2.7657
    2.7622
    2.7569
    2.7640
    2.7501
    2.7408
    2.7353
    2.7447
    2.7342
    2.7379
    2.7369
    2.7387
    2.7347
    2.7015
    2.7035
    2.7038
    2.6827
    2.6577
    2.6364
    2.6361
    2.6220
    2.5939
    2.5671
    2.5542
    2.5414
    2.5183
    2.4972
    2.4663
    2.4658
    2.4800
    2.4882
    2.4957
    2.4927
    2.4691
    2.4914
    2.5043
    2.5079
    2.5070
    2.5032
    2.4938
    2.5062
    2.5047
    2.4880
    2.4875
    2.4791
    2.4938
    2.4932
    2.5002
    2.4770
    2.4589
    2.4534
    2.4605
    2.4587
    2.4383
    2.4229
    2.4049
    2.4045
    2.4051
    2.4045
    2.3807
    2.3737
    2.3616
    2.3778
    2.3654
    2.3563
    2.3555
    2.3464
    2.3381
    2.3316
    2.3295
    2.3043
    2.3104
    2.2964
    2.2899
    2.2893
    2.3003
    2.2904
    2.3020
    2.2795
    2.2764
    2.2676
    2.2482
    2.2460
    2.2460
    2.2395
    2.2315
    2.2030
    2.2123
    2.2016
    2.2036
    2.2112
    2.1891
    2.1891
    2.1873
    2.1921
    2.1814
    2.1819
    2.1720
    2.1704
    2.1576
    2.1471
    2.1471
    2.1232
    2.1056
    2.1081
    2.1053
    2.0962
    2.0967
    2.0765
    2.0819
    2.0856
    2.0856
    2.0672
    2.0755
    2.0605
    2.0334
    2.0194
    2.0066
    2.0061
    1.9913
    1.9913
    1.9799
    1.9787
    1.9664
    1.9484
    1.9485
    1.9388
    1.9132
    1.8922
    1.8922
    1.8656
    1.8487
    1.8521
    1.8823
    1.8793
    1.8604
    1.8585
    1.8500
    1.8500
    1.8211
    1.8236
    1.8511
    1.8192
    1.8251
    1.8234
    1.7837
    1.7628
    1.7628
    1.7757
    1.7209
    1.6917
    1.7448
    1.7276
    1.6874
    1.6497
    1.6356
    1.6356
    1.6034
    1.6073
    1.6580
    1.6790
    1.6286
    1.6299
    1.6422
    1.6244
    1.6028
    1.6028
    1.6254
    1.6181
    1.6019
    1.6406
    1.6761
    1.6387
    1.6610
    1.5980
    1.5980
    1.5646
    1.5271
    1.4903
    1.4827
    1.4660
    1.4505
    1.4587
    1.4246
    1.4246
    1.4241
    1.4144
    1.4136
    1.4250
    1.4177
    1.4024
