    4.5640
    3.5282
    4.1432
    2.9824
    6.4629
    4.1614
    2.7323
    2.2043
    2.0259
    3.0047
    4.4784
    9.9031
    7.1840
    6.2001
    7.8891
    8.5289
    6.2815
    4.9499
    4.3633
    4.0896
    3.8389
    3.8673
    3.8053
    4.2467
    3.4820
    3.4044
    3.2423
    3.3818
    3.2934
    3.4058
    3.7887
    3.9204
    3.9845
    4.1593
    4.1145
    4.0189
    3.8858
    3.8023
    3.6587
    3.6916
    3.6731
    3.5566
    3.2591
    3.0611
    3.1518
    3.2923
    3.5397
    3.5029
    4.0238
    4.1917
    4.1874
    3.9784
    3.4114
    3.3372
    3.4495
    3.6874
    3.3234
    3.2394
    3.2345
    3.2530
    3.0337
    3.0866
    3.1327
    3.1498
    3.5029
    3.7720
    3.8798
    3.5725
    3.1806
    3.0532
    3.4677
    3.7959
    3.4369
    3.4955
    3.3944
    3.4053
    3.4357
    3.4754
    3.5097
    3.5592
    3.4799
    3.3465
    3.2202
    2.9791
    3.0597
    3.2445
    3.4195
    3.2342
    2.8761
    2.5738
    2.5873
    2.5288
    2.5774
    2.4112
    2.3505
    2.3369
    2.3637
    2.2689
    2.1732
    2.1484
    2.1903
    2.1323
    2.1195
    2.0868
    2.0039
    2.0648
    1.8801
    1.8913
    1.9128
    1.9877
    1.9393
    2.0265
    2.0359
    2.0326
    2.0114
    1.9093
    1.8415
    1.8557
    1.7794
    1.7422
    1.6688
    1.6392
    1.5891
    1.5045
    1.5015
    1.4439
    1.4162
    1.3887
    1.3170
    1.3112
    1.2709
    1.2852
    1.2823
    1.2717
    1.2160
    1.1333
    1.0995
    1.1110
    1.1275
    1.1320
    1.1079
    1.0473
    1.0538
    1.1072
    1.1177
    1.1063
    1.1111
    1.1120
    1.1173
    1.1269
    1.1495
    1.1163
    1.1180
    1.1396
    1.1949
    1.2277
    1.2680
    1.2935
    1.3354
    1.3519
    1.3298
    1.3541
    1.3295
    1.3327
    1.3263
    1.3244
    1.3562
    1.3053
    1.3284
    1.3037
    1.3667
    1.3160
    1.2493
    1.1930
    1.1837
    1.1353
    1.1459
    1.1298
    1.1552
    1.1031
    1.0934
    1.0731
    1.0903
    1.0673
    1.0733
    1.0767
    1.0564
    1.0330
    1.0500
    1.0034
    1.0169
    1.0094
    1.0113
    1.0068
    0.9844
    0.9707
    0.9355
    0.9353
    0.9201
    0.9050
    0.9063
    0.9089
    0.9236
    0.8740
    0.8784
    0.8920
    0.8989
    0.9140
    0.8792
    0.8873
    0.9358
    0.9435
    0.9033
    0.9105
    0.9184
    0.9327
    0.9472
    0.9591
    0.9775
    0.9993
    1.0384
    1.0642
    1.0765
    1.0842
    1.1150
    1.1134
    1.1316
    1.1373
    1.1614
    1.1643
    1.1354
    1.1597
    1.1682
    1.1635
    1.1801
    1.1917
    1.2052
    1.2050
    1.2038
    1.2331
    1.2232
    1.2155
    1.2255
    1.2307
    1.2620
    1.2735
    1.3017
    1.2775
    1.2814
    1.2908
    1.2801
    1.3028
    1.3212
    1.2989
    1.3080
    1.3671
    1.3630
    1.3492
    1.3519
    1.3546
    1.3893
    1.3432
    1.3679
    1.3578
    1.3269
    1.3390
    1.3676
    1.3761
    1.3949
    1.3632
    1.3412
    1.3117
    1.2918
    1.2867
    1.2811
    1.2924
    1.2751
    1.2919
    1.2853
    1.2491
    1.1892
    1.1777
    1.1517
    1.1288
    1.1205
    1.0775
    1.0223
    0.9991
    0.9748
    0.9462
    0.9261
    0.9081
    0.8974
    0.9112
    0.9110
    0.9067
    0.8995
    0.8992
    0.8922
    0.8725
    0.8701
    0.8753
    0.8762
    0.8690
    0.8552
    0.8266
    0.8189
    0.8237
    0.8123
    0.8182
    0.8041
    0.7963
    0.7906
    0.7878
    0.7712
    0.7677
    0.7409
    0.7265
    0.7170
    0.7191
    0.7326
    0.7360
    0.7322
    0.7323
    0.7462
    0.7445
    0.7266
    0.7267
    0.7242
    0.7299
    0.7287
    0.7293
    0.7334
    0.7313
    0.7402
    0.7385
    0.7561
    0.7555
    0.7553
    0.7576
    0.7525
    0.7640
    0.7628
    0.7602
    0.7602
    0.7572
    0.7473
    0.7402
    0.7453
    0.7350
    0.7446
    0.7364
    0.7444
    0.7564
    0.7499
    0.7510
    0.7623
    0.7625
    0.7570
    0.7598
    0.7624
    0.7749
    0.7810
    0.7846
    0.7977
    0.8081
    0.8130
    0.8181
    0.8102
    0.8077
    0.7975
    0.8000
    0.8020
    0.8038
    0.8004
    0.7955
    0.8054
    0.8027
    0.8038
    0.7994
    0.7980
    0.8003
    0.7904
    0.7864
    0.7817
    0.7822
    0.7807
    0.7661
    0.7619
    0.7526
    0.7545
    0.7645
    0.7638
    0.7669
    0.7663
    0.7570
    0.7653
    0.7698
    0.7732
    0.7832
    0.7721
    0.7719
    0.7619
    0.7515
    0.7254
    0.7219
    0.7157
    0.7061
    0.6880
    0.6883
    0.6970
    0.6917
    0.7030
    0.7030
    0.7018
    0.6970
    0.6947
    0.6894
    0.6853
    0.6864
    0.6786
    0.6824
    0.6731
    0.6748
    0.6627
    0.6614
    0.6654
    0.6663
    0.6685
    0.6656
    0.6589
    0.6538
    0.6670
    0.6775
    0.6835
    0.6838
    0.6855
    0.6863
    0.6824
    0.6868
    0.6814
    0.6846
    0.6868
    0.6993
    0.6929
    0.6878
    0.6912
    0.6975
    0.6850
    0.6872
    0.6871
    0.6902
    0.6812
    0.6854
    0.6899
    0.6927
    0.6880
    0.6893
    0.6903
    0.6871
    0.6834
    0.6817
    0.6863
    0.6849
    0.6915
    0.6941
    0.6939
    0.6963
    0.6921
    0.6942
    0.6925
    0.6974
    0.7041
    0.7168
    0.7078
    0.7046
    0.7062
    0.7054
    0.7056
    0.7052
    0.7054
    0.7139
    0.7247
    0.7170
    0.7215
    0.7305
    0.7293
    0.7286
    0.7275
    0.7398
    0.7338
    0.7315
    0.7249
    0.7159
    0.7069
    0.7000
    0.6958
    0.6985
    0.7029
    0.7031
    0.7011
    0.6985
    0.6795
    0.6847
    0.6844
    0.6884
    0.6714
    0.6626
    0.6657
    0.6774
    0.6770
    0.6826
    0.6842
    0.6790
    0.6796
    0.6725
    0.6774
    0.6748
    0.6805
    0.6665
    0.6649
    0.6661
    0.6719
    0.6776
    0.6802
    0.6816
    0.6886
    0.6854
    0.6880
    0.6998
    0.6849
    0.6825
    0.6934
    0.6856
    0.6923
    0.6942
    0.7026
    0.7021
    0.6955
    0.7008
    0.7015
    0.7018
    0.7076
    0.7144
    0.7120
    0.7075
    0.6989
    0.6981
    0.6982
    0.7026
    0.7021
    0.7046
    0.7127
    0.7141
    0.7153
    0.7117
    0.7052
    0.6976
    0.6974
    0.7070
    0.7103
    0.7139
    0.7140
    0.7092
    0.7133
    0.7071
    0.7038
    0.7011
    0.7018
    0.7001
    0.7054
    0.7081
    0.7103
    0.7117
    0.7123
    0.7068
    0.7079
    0.7062
    0.7107
    0.7011
    0.7004
    0.7020
    0.7001
    0.7004
    0.7028
    0.7029
    0.7081
    0.7022
    0.7083
    0.7086
    0.7106
    0.7052
    0.7034
    0.7018
    0.7032
    0.7011
    0.7031
    0.6999
    0.7005
    0.7001
    0.7006
    0.7022
    0.7031
    0.7048
    0.7105
    0.7060
    0.7069
    0.7101
    0.7059
    0.7126
    0.7065
    0.7008
    0.6998
    0.6992
    0.7016
    0.7004
    0.6983
    0.6924
    0.6935
    0.6910
    0.6987
    0.6969
    0.7023
    0.7024
    0.7123
    0.7091
    0.7050
    0.7074
    0.7075
    0.7029
    0.7071
    0.7031
    0.7071
    0.7162
    0.7145
    0.7158
    0.7199
    0.7312
    0.7363
    0.7401
    0.7411
    0.7450
    0.7382
    0.7447
    0.7418
    0.7383
    0.7420
    0.7460
    0.7499
    0.7493
    0.7501
    0.7497
    0.7521
    0.7426
    0.7457
    0.7364
    0.7335
    0.7320
    0.7356
    0.7385
    0.7370
    0.7358
    0.7336
    0.7276
    0.7295
    0.7304
    0.7322
    0.7396
    0.7528
    0.7527
    0.7504
    0.7435
    0.7457
    0.7423
    0.7434
    0.7360
    0.7305
    0.7391
    0.7409
    0.7380
    0.7424
    0.7462
    0.7467
    0.7470
    0.7493
    0.7510
    0.7508
    0.7543
    0.7571
    0.7508
    0.7519
    0.7517
    0.7520
    0.7534
    0.7618
    0.7611
    0.7679
    0.7690
    0.7701
    0.7742
    0.7778
    0.7822
    0.8009
    0.8087
    0.8087
    0.8104
    0.8114
    0.8191
    0.8201
    0.8274
    0.8416
    0.8437
    0.8521
    0.8525
    0.8587
    0.8681
    0.8688
    0.8715
    0.8875
    0.8874
    0.8933
    0.9005
    0.9131
    0.9214
    0.9265
    0.9286
    0.9314
    0.9385
    0.9395
    0.9441
    0.9542
    0.9592
    0.9508
    0.9463
    0.9553
    0.9609
    0.9592
    0.9631
    0.9729
    0.9796
    0.9864
    0.9917
    0.9921
    0.9962
    1.0015
    1.0074
    1.0189
    1.0329
    1.0261
    1.0358
    1.0395
    1.0463
    1.0468
    1.0499
    1.0576
    1.0665
    1.0691
    1.0736
    1.0800
    1.0832
    1.0889
    1.0960
    1.0967
    1.1119
    1.1154
    1.1250
    1.1344
    1.1482
    1.1561
    1.1619
    1.1767
    1.1883
    1.1916
    1.2043
    1.2074
    1.2251
    1.2306
    1.2367
    1.2465
    1.2412
    1.2500
    1.2592
    1.2585
    1.2723
    1.2752
    1.2765
    1.2795
    1.2878
    1.2883
    1.2957
    1.2987
    1.3019
    1.3111
    1.3171
    1.3184
    1.3278
    1.3327
    1.3324
    1.3355
    1.3439
    1.3492
    1.3575
    1.3552
    1.3527
    1.3540
    1.3691
    1.3723
    1.3773
    1.3791
    1.3930
    1.3973
    1.4067
    1.4123
    1.4326
    1.4386
    1.4453
    1.4529
    1.4566
    1.4732
    1.4790
    1.4843
    1.4865
    1.5061
    1.5266
    1.5312
    1.5414
    1.5613
    1.5749
    1.5800
    1.5838
    1.5878
    1.5960
    1.6054
    1.6103
    1.6110
    1.6231
    1.6385
    1.6449
    1.6484
    1.6461
    1.6524
    1.6477
    1.6528
    1.6542
    1.6657
    1.6795
    1.6918
    1.7056
    1.7126
    1.7225
    1.7364
    1.7550
    1.7562
    1.7604
    1.7585
    1.7642
    1.7894
    1.7844
    1.7877
    1.7986
    1.8063
    1.8070
    1.8096
    1.8043
    1.8224
    1.8350
    1.8339
    1.8399
    1.8657
    1.8670
    1.8677
    1.8788
    1.8890
    1.8972
    1.9013
    1.8987
    1.9076
    1.9022
    1.9024
    1.9030
    1.9062
    1.9156
    1.9290
    1.9370
    1.9554
    1.9488
    1.9521
    1.9530
    1.9698
    1.9702
    1.9866
    1.9753
    1.9993
    1.9920
    2.0064
    1.9879
    1.9925
    1.9889
    1.9895
    2.0069
    2.0098
    2.0089
    2.0184
    2.0416
    2.0468
    2.0375
    2.0487
    2.0493
    2.0623
    2.0542
    2.0389
    2.0545
    2.0564
    2.0876
    2.1314
    2.1253
    2.1253
    2.1294
    2.1372
    2.1579
    2.1663
    2.1746
    2.2355
    2.2840
    2.2878
    2.2878
    2.2803
    2.2844
    2.3106
    2.3416
    2.3253
    2.3507
    2.3772
    2.3723
    2.3723
    2.4125
    2.4148
    2.4513
    2.4871
    2.5155
    2.4974
    2.4741
    2.5582
    2.5435
    2.5435
    2.5565
    2.5924
    2.6320
    2.6734
    2.7134
    2.7089
    2.7278
    2.7734
    2.7734
    2.8539
    2.8751
    2.9498
    3.0210
    2.9930
    2.9778
    3.0215
    2.9967
    2.9967
    2.9996
    2.9804
    2.9497
    2.9391
    2.8887
    2.8922
    2.8892
    2.8448
    2.8448
    2.8849
    2.8757
    2.8282
    2.8550
    2.8093
    2.8179
    2.8334
    2.8842
    2.8842
    2.8844
    3.0389
    3.0501
    3.0348
    3.0600
    3.1706
    3.1449
    3.1954
    3.1954
    3.2400
    3.1974
    3.2737
    3.3574
    3.3870
    3.4211
    3.4841
    3.5144
    3.5189
    3.5189
    3.7037
    3.8209
    3.9047
    3.8708
    3.9995
    4.0688
    4.0941
    4.0697
    4.0697
    4.2821
    4.3772
    4.4842
    4.5652
    4.6532
    4.5810
    4.6447
    4.6349
    4.6349
    4.9368
    5.0046
    5.1718
    5.1974
    5.1969
    5.4181
