    4.6791
    3.1037
    9.0700
    2.6577
    1.5723
    3.7995
    0.6576
    2.1938
    2.8049
    2.2936
    2.8012
    2.4634
    2.9390
    2.6722
    3.3378
    3.0652
    2.8797
    2.0404
    2.1943
    2.6586
    2.2334
    2.5364
    2.9680
    2.8644
    2.8257
    3.1918
    3.2398
    2.5106
    1.8705
    1.6804
    1.7705
    1.4044
    1.2191
    1.2523
    1.3718
    1.5278
    1.3690
    1.4338
    1.6178
    1.6145
    1.5896
    1.9295
    2.0619
    1.9193
    1.5506
    1.5859
    1.7081
    1.8016
    1.8230
    1.7686
    1.8523
    1.8987
    1.7345
    1.6769
    1.6928
    1.6513
    1.7781
    1.7672
    1.8094
    1.6882
    1.5587
    1.5760
    1.5235
    1.6044
    1.5208
    1.4152
    1.4464
    1.4913
    1.5686
    1.6890
    1.7038
    1.7160
    1.8004
    1.9962
    1.9396
    1.8745
    1.7806
    1.7328
    1.9161
    1.8971
    2.1978
    2.3237
    2.2697
    2.2856
    2.4208
    2.3462
    2.4792
    2.1998
    2.2344
    2.2750
    2.1710
    2.0412
    1.9678
    2.0112
    1.9268
    2.0740
    1.9569
    2.0189
    2.0141
    1.9522
    1.9330
    1.7980
    1.7462
    1.7569
    1.7991
    1.9079
    1.8059
    1.8163
    1.7290
    1.7590
    1.8606
    1.8794
    1.8911
    1.8691
    1.9515
    2.0553
    2.0984
    2.0266
    2.2046
    2.2562
    2.0683
    2.2408
    2.2905
    2.3304
    2.3336
    2.4346
    2.4874
    2.5067
    2.5293
    2.5352
    2.5176
    2.5421
    2.4494
    2.4668
    2.5119
    2.5946
    2.5892
    2.6389
    2.6825
    2.6204
    2.5850
    2.5098
    2.5397
    2.4324
    2.4261
    2.4556
    2.5131
    2.5711
    2.5865
    2.5290
    2.4282
    2.5621
    2.5876
    2.6701
    2.6113
    2.5772
    2.4647
    2.4293
    2.4220
    2.3673
    2.4006
    2.4990
    2.6190
    2.7455
    2.7682
    2.6973
    2.6673
    2.6777
    2.6624
    2.5568
    2.4613
    2.6534
    2.7948
    2.8057
    2.8031
    2.7762
    2.7287
    2.7143
    2.7648
    2.8627
    2.8929
    2.8797
    2.8622
    2.9105
    2.8737
    2.9027
    2.9228
    3.0142
    2.9556
    2.9540
    2.8749
    2.8486
    2.8243
    2.7958
    2.7694
    2.8433
    2.8190
    2.8896
    2.9610
    3.0511
    3.0732
    3.1478
    3.2151
    3.2152
    3.2875
    3.2933
    3.4027
    3.4345
    3.4308
    3.4547
    3.4820
    3.5395
    3.7149
    3.7557
    3.8660
    3.8512
    3.7908
    3.6862
    3.6336
    3.7453
    3.9652
    4.0292
    4.1163
    4.1580
    4.2053
    4.2636
    4.4770
    4.5398
    4.6209
    4.6365
    4.6994
    4.6898
    4.7233
    4.6501
    4.6510
    4.5310
    4.4813
    4.5079
    4.5466
    4.5359
    4.5877
    4.5568
    4.5971
    4.6279
    4.6594
    4.5387
    4.4385
    4.4167
    4.4484
    4.2922
    4.2337
    4.1538
    4.1092
    4.0294
    3.9016
    3.8504
    3.8719
    3.8665
    3.8311
    3.8233
    3.7727
    3.7617
    3.7581
    3.7230
    3.6729
    3.5869
    3.5327
    3.4988
    3.4373
    3.4358
    3.4313
    3.4113
    3.4045
    3.3832
    3.3613
    3.3830
    3.2679
    3.1088
    3.0733
    3.0454
    3.0095
    2.9692
    2.9189
    2.8626
    2.8490
    2.7506
    2.7288
    2.6506
    2.6163
    2.5559
    2.4897
    2.4818
    2.5024
    2.4860
    2.4904
    2.4385
    2.4867
    2.4697
    2.4586
    2.4448
    2.3878
    2.4105
    2.3898
    2.3973
    2.3875
    2.3828
    2.3657
    2.3110
    2.2762
    2.2837
    2.1954
    2.1934
    2.1674
    2.1597
    2.1580
    2.1513
    2.1401
    2.1271
    2.1416
    2.1378
    2.1989
    2.2340
    2.2466
    2.1953
    2.1567
    2.1400
    2.1562
    2.1258
    2.0622
    2.0567
    2.0936
    2.1091
    2.0899
    2.1107
    2.1698
    2.1938
    2.1890
    2.1799
    2.1863
    2.1836
    2.1625
    2.1509
    2.1589
    2.1201
    2.1222
    2.1028
    2.1026
    2.1519
    2.1548
    2.1915
    2.2277
    2.2365
    2.2608
    2.2615
    2.2886
    2.2867
    2.3090
    2.3051
    2.3218
    2.3887
    2.3826
    2.3844
    2.4159
    2.4384
    2.4718
    2.5239
    2.5302
    2.5247
    2.5461
    2.5650
    2.5783
    2.5763
    2.5933
    2.5776
    2.5912
    2.5893
    2.6119
    2.6426
    2.6724
    2.6598
    2.6661
    2.6728
    2.6602
    2.6788
    2.6784
    2.6915
    2.7079
    2.7511
    2.7903
    2.7698
    2.8007
    2.8758
    2.9148
    2.9224
    2.9307
    2.9411
    2.9927
    3.0136
    3.0387
    3.0750
    3.0541
    3.0547
    3.0493
    3.0803
    3.0510
    3.0420
    3.0586
    3.1188
    3.1805
    3.1746
    3.1547
    3.1389
    3.1071
    3.0965
    3.1529
    3.1827
    3.1487
    3.1462
    3.2092
    3.2214
    3.2074
    3.1419
    3.1193
    3.0819
    3.0740
    3.0736
    3.0665
    3.0524
    3.0653
    3.0715
    3.0780
    3.0703
    3.0852
    3.1416
    3.1164
    3.1308
    3.1141
    3.0937
    3.0937
    3.0795
    3.0813
    3.0725
    3.0712
    3.0784
    3.0839
    3.1085
    3.0831
    3.0683
    3.0847
    3.1053
    3.1062
    3.0996
    3.0299
    3.0103
    2.9950
    2.9922
    2.9657
    2.9839
    3.0028
    3.0030
    2.9666
    2.9399
    2.9626
    2.9577
    2.9189
    2.9151
    2.8732
    2.8465
    2.8134
    2.8120
    2.8432
    2.8214
    2.8200
    2.8122
    2.8464
    2.8328
    2.8169
    2.8343
    2.8390
    2.8239
    2.8071
    2.8268
    2.8144
    2.8278
    2.8511
    2.8347
    2.8383
    2.8348
    2.8307
    2.8703
    2.9084
    2.9066
    2.9304
    2.9540
    2.9412
    2.9134
    2.9371
    2.9520
    2.9211
    2.9225
    2.9232
    2.9171
    2.9279
    2.9462
    2.9562
    2.9409
    2.9651
    2.9575
    2.9378
    2.9316
    2.9467
    2.9364
    2.9615
    2.9804
    2.9442
    2.9415
    2.9581
    2.9916
    2.9975
    2.9973
    3.0184
    3.0042
    3.0072
    3.0289
    3.0115
    3.0307
    3.0085
    2.9685
    2.9760
    2.9873
    3.0392
    3.0382
    3.0159
    3.0308
    3.0323
    2.9828
    2.9817
    2.9957
    2.9652
    2.9482
    2.9812
    2.9528
    2.9550
    2.9242
    2.8942
    2.9115
    2.9094
    2.9539
    2.9501
    2.9469
    2.9462
    2.9363
    2.8766
    2.8558
    2.8186
    2.7633
    2.7691
    2.7546
    2.7595
    2.7521
    2.7373
    2.7345
    2.7416
    2.7039
    2.6821
    2.6449
    2.6325
    2.6289
    2.6303
    2.6252
    2.6621
    2.6310
    2.6106
    2.5969
    2.6109
    2.5783
    2.5715
    2.5618
    2.5444
    2.5117
    2.4796
    2.4852
    2.4200
    2.3974
    2.3619
    2.3412
    2.3071
    2.2595
    2.2490
    2.2535
    2.2557
    2.2453
    2.2185
    2.1784
    2.1253
    2.1222
    2.1138
    2.0716
    2.0086
    1.9664
    1.9417
    1.8897
    1.8787
    1.8351
    1.8147
    1.8071
    1.8042
    1.7738
    1.7631
    1.7370
    1.7276
    1.7169
    1.6951
    1.6743
    1.6748
    1.6616
    1.6366
    1.5971
    1.5692
    1.5555
    1.5115
    1.4837
    1.4715
    1.4605
    1.4372
    1.3839
    1.3565
    1.3442
    1.3340
    1.3303
    1.3186
    1.3109
    1.3060
    1.2887
    1.2757
    1.2571
    1.2512
    1.2341
    1.2130
    1.2180
    1.2068
    1.2101
    1.1980
    1.1896
    1.1813
    1.1657
    1.1469
    1.1509
    1.1430
    1.1278
    1.1382
    1.1356
    1.1193
    1.1070
    1.0968
    1.0799
    1.0775
    1.0584
    1.0559
    1.0557
    1.0495
    1.0419
    1.0397
    1.0343
    1.0295
    1.0199
    1.0187
    1.0173
    1.0035
    1.0076
    1.0045
    1.0072
    1.0054
    1.0002
    1.0058
    1.0067
    1.0059
    1.0143
    1.0109
    1.0118
    1.0070
    1.0030
    1.0033
    1.0021
    1.0050
    1.0052
    1.0031
    1.0142
    1.0065
    0.9982
    0.9963
    0.9975
    0.9966
    0.9941
    0.9936
    0.9968
    0.9918
    0.9933
    0.9956
    0.9959
    0.9870
    0.9812
    0.9743
    0.9720
    0.9750
    0.9730
    0.9682
    0.9637
    0.9614
    0.9630
    0.9481
    0.9477
    0.9474
    0.9393
    0.9375
    0.9338
    0.9293
    0.9256
    0.9242
    0.9246
    0.9249
    0.9264
    0.9217
    0.9228
    0.9258
    0.9198
    0.9210
    0.9226
    0.9239
    0.9205
    0.9198
    0.9243
    0.9257
    0.9267
    0.9311
    0.9271
    0.9321
    0.9349
    0.9397
    0.9368
    0.9379
    0.9403
    0.9447
    0.9406
    0.9423
    0.9442
    0.9382
    0.9470
    0.9516
    0.9496
    0.9476
    0.9451
    0.9399
    0.9427
    0.9467
    0.9589
    0.9604
    0.9653
    0.9608
    0.9665
    0.9649
    0.9661
    0.9712
    0.9712
    0.9754
    0.9810
    0.9800
    0.9848
    0.9819
    0.9820
    0.9788
    0.9798
    0.9812
    0.9837
    0.9875
    0.9898
    0.9928
    0.9936
    0.9972
    0.9990
    1.0052
    1.0084
    1.0116
    1.0254
    1.0306
    1.0351
    1.0421
    1.0590
    1.0611
    1.0677
    1.0711
    1.0767
    1.0809
    1.0788
    1.0829
    1.0825
    1.0859
    1.0872
    1.0916
    1.0963
    1.1049
    1.1027
    1.1087
    1.1140
    1.1201
    1.1197
    1.1210
    1.1266
    1.1257
    1.1295
    1.1309
    1.1348
    1.1386
    1.1386
    1.1464
    1.1478
    1.1455
    1.1508
    1.1599
    1.1547
    1.1516
    1.1564
    1.1608
    1.1628
    1.1634
    1.1696
    1.1830
    1.1840
    1.1953
    1.1973
    1.1993
    1.1957
    1.2044
    1.2047
    1.2050
    1.2031
    1.2073
    1.2121
    1.2156
    1.2153
    1.2194
    1.2288
    1.2166
    1.2173
    1.2308
    1.2294
    1.2286
    1.2252
    1.2307
    1.2299
    1.2314
    1.2296
    1.2297
    1.2244
    1.2170
    1.2226
    1.2261
    1.2320
    1.2235
    1.2224
    1.2167
    1.2168
    1.2171
    1.2190
    1.2201
    1.2173
    1.2011
    1.2087
    1.2106
    1.2126
    1.2126
    1.2099
    1.2074
    1.2091
    1.2093
    1.2122
    1.2132
    1.2261
    1.2280
    1.2279
    1.2218
    1.2207
    1.2413
    1.2481
    1.2552
    1.2665
    1.2643
    1.2567
    1.2646
    1.2646
    1.2741
    1.2790
    1.2767
    1.2835
    1.3035
    1.3275
    1.3256
    1.3333
    1.3333
    1.3544
    1.3689
    1.3850
    1.3960
    1.4065
    1.4015
    1.4066
    1.4093
    1.4091
    1.4097
    1.4128
    1.4281
    1.4268
    1.4211
    1.4443
    1.4573
    1.4438
    1.4438
    1.4394
    1.4310
    1.4575
    1.4594
    1.4585
    1.4517
    1.4550
    1.4480
    1.4480
    1.4542
    1.4840
    1.4726
    1.4628
    1.4584
    1.4687
    1.4844
    1.4783
    1.4783
    1.4685
    1.4646
    1.4875
    1.4863
    1.4839
    1.5085
    1.4905
    1.5106
    1.5216
    1.5216
    1.5350
    1.5688
    1.6064
    1.6689
    1.6776
    1.7034
    1.6718
    1.7022
    1.7022
    1.7126
    1.7484
    1.7683
    1.8044
    1.8449
    1.8341
    1.8441
    1.8543
    1.8543
    1.8317
    1.8081
    1.8357
    1.8237
    1.8720
    1.8856
    1.9020
    1.9444
    1.9444
    1.9580
    1.9552
    1.9560
    1.9081
    1.9300
    1.9571
    1.9285
    2.0114
    2.0114
    2.0906
    2.0909
    2.0409
    2.0796
    2.1381
    2.0766
    2.0364
    2.0109
    2.0109
    2.0239
    2.0351
    2.0238
    2.0656
    2.1165
    2.1201
    2.0790
    2.0926
    2.1980
    2.1980
    2.1988
    2.1607
    2.2077
    2.2000
    2.2277
    2.1952
    2.2249
    2.1992
    2.1992
    2.2242
    2.2189
    2.2080
    2.1885
    2.2134
    2.1203
    2.1646
    2.1372
    2.1372
    2.1818
    2.2012
    2.2202
    2.2110
    2.2052
    2.1805
