    1.0938
    1.0499
    0.9750
    1.1819
    1.2136
    1.4808
    1.7455
    0.7882
    4.0900
    2.8727
    2.1906
    2.2949
    3.2455
    2.5429
    1.9442
    1.5398
    1.2167
    1.3183
    1.2567
    1.4078
    1.6709
    1.6919
    1.3078
    1.3060
    1.0285
    1.0956
    0.8383
    0.8851
    1.1119
    0.9555
    1.0181
    1.2274
    1.2571
    1.4308
    1.5863
    1.7721
    1.8090
    1.9476
    2.2027
    2.1480
    2.2779
    1.6809
    1.6038
    1.3904
    1.1544
    1.1587
    1.0133
    1.0378
    1.0069
    0.9294
    0.8142
    0.7053
    0.7754
    0.8043
    0.7928
    0.7982
    0.9231
    0.8663
    0.8736
    0.8849
    0.7741
    0.7669
    0.7662
    0.8034
    0.8385
    0.8454
    0.8713
    0.8815
    0.8981
    0.9238
    0.8609
    0.9537
    1.0637
    1.0747
    1.1571
    1.1518
    1.2897
    1.2199
    1.3171
    1.3548
    1.3494
    1.3676
    1.3986
    1.4749
    1.4396
    1.4115
    1.4555
    1.4688
    1.4972
    1.3918
    1.2584
    1.2257
    1.2017
    1.2840
    1.2289
    1.1810
    1.1626
    1.0945
    1.0771
    1.0263
    0.9343
    0.9458
    0.8967
    0.8544
    0.8388
    0.8150
    0.8313
    0.8135
    0.8053
    0.8088
    0.8106
    0.8181
    0.8188
    0.7985
    0.8250
    0.8452
    0.8529
    0.8071
    0.8163
    0.8107
    0.8261
    0.8504
    0.8365
    0.8427
    0.8191
    0.8251
    0.8742
    0.7909
    0.8020
    0.8254
    0.8413
    0.8210
    0.8030
    0.8059
    0.8244
    0.8347
    0.8222
    0.8447
    0.8202
    0.8057
    0.7983
    0.7988
    0.8077
    0.8071
    0.7987
    0.7752
    0.7884
    0.7781
    0.7774
    0.7890
    0.7967
    0.7858
    0.7842
    0.8094
    0.8068
    0.7989
    0.8022
    0.8122
    0.7929
    0.8008
    0.8395
    0.8339
    0.8262
    0.8124
    0.8188
    0.8291
    0.8181
    0.8271
    0.8231
    0.8285
    0.8323
    0.8589
    0.8558
    0.8505
    0.8520
    0.8555
    0.8542
    0.8469
    0.8519
    0.8170
    0.8255
    0.8390
    0.8272
    0.8292
    0.8406
    0.8292
    0.8621
    0.8762
    0.8720
    0.8340
    0.8184
    0.8038
    0.8247
    0.8156
    0.8300
    0.8309
    0.8379
    0.8391
    0.8397
    0.8412
    0.8374
    0.8392
    0.8399
    0.8414
    0.8362
    0.8350
    0.8585
    0.8623
    0.8671
    0.8724
    0.8814
    0.8864
    0.8813
    0.8749
    0.8801
    0.8631
    0.8352
    0.8290
    0.8146
    0.8285
    0.8686
    0.8670
    0.8568
    0.8600
    0.8352
    0.8274
    0.8527
    0.8549
    0.8617
    0.8774
    0.8785
    0.8574
    0.8413
    0.8252
    0.8034
    0.8046
    0.7907
    0.7953
    0.8127
    0.8124
    0.8122
    0.8107
    0.7974
    0.7943
    0.7959
    0.7957
    0.7840
    0.7872
    0.7906
    0.7811
    0.7805
    0.7822
    0.7766
    0.7562
    0.7436
    0.7447
    0.7488
    0.7592
    0.7463
    0.7473
    0.7368
    0.7385
    0.7350
    0.7327
    0.7346
    0.7353
    0.7403
    0.7485
    0.7457
    0.7382
    0.7427
    0.7477
    0.7525
    0.7584
    0.7633
    0.7600
    0.7696
    0.7744
    0.7816
    0.7791
    0.7830
    0.7766
    0.7779
    0.7843
    0.7832
    0.7827
    0.7779
    0.7756
    0.7718
    0.7565
    0.7584
    0.7637
    0.7605
    0.7478
    0.7546
    0.7546
    0.7673
    0.7716
    0.7685
    0.7651
    0.7534
    0.7558
    0.7520
    0.7557
    0.7626
    0.7618
    0.7631
    0.7710
    0.7698
    0.7680
    0.7816
    0.7952
    0.7922
    0.7824
    0.7703
    0.7741
    0.7615
    0.7470
    0.7222
    0.7089
    0.7025
    0.7018
    0.6930
    0.6947
    0.7050
    0.7134
    0.7093
    0.7100
    0.7104
    0.7117
    0.6995
    0.7046
    0.7000
    0.6959
    0.7012
    0.6902
    0.6873
    0.6878
    0.6901
    0.6839
    0.6865
    0.6882
    0.6688
    0.6684
    0.6580
    0.6519
    0.6548
    0.6383
    0.6326
    0.6301
    0.6212
    0.5992
    0.6075
    0.6030
    0.5972
    0.6007
    0.6032
    0.6069
    0.6084
    0.6042
    0.6023
    0.6033
    0.6066
    0.6031
    0.6062
    0.5999
    0.5963
    0.5911
    0.5967
    0.6020
    0.6099
    0.6181
    0.6236
    0.6210
    0.6197
    0.6282
    0.6338
    0.6373
    0.6383
    0.6370
    0.6356
    0.6394
    0.6363
    0.6358
    0.6298
    0.6251
    0.6284
    0.6217
    0.6217
    0.6162
    0.6023
    0.6042
    0.5933
    0.5921
    0.5956
    0.5964
    0.6051
    0.5962
    0.5984
    0.6102
    0.6120
    0.6317
    0.6491
    0.6515
    0.6534
    0.6640
    0.6708
    0.6660
    0.6427
    0.6370
    0.6319
    0.6236
    0.6231
    0.6242
    0.6241
    0.6271
    0.6414
    0.6384
    0.6367
    0.6370
    0.6400
    0.6437
    0.6429
    0.6526
    0.6518
    0.6579
    0.6586
    0.6647
    0.6615
    0.6585
    0.6508
    0.6623
    0.6672
    0.6695
    0.6703
    0.6682
    0.6681
    0.6683
    0.6766
    0.6866
    0.6828
    0.6910
    0.7080
    0.7077
    0.6873
    0.6971
    0.7030
    0.6986
    0.6949
    0.6785
    0.6709
    0.6731
    0.6778
    0.6779
    0.6734
    0.6774
    0.6743
    0.6818
    0.6887
    0.6930
    0.7034
    0.7090
    0.7122
    0.7203
    0.7292
    0.7293
    0.7317
    0.7279
    0.7221
    0.7221
    0.7171
    0.7224
    0.7217
    0.7143
    0.7096
    0.6906
    0.6850
    0.6895
    0.6976
    0.6983
    0.6959
    0.6953
    0.6917
    0.6913
    0.6974
    0.6912
    0.6919
    0.6925
    0.7005
    0.7036
    0.7097
    0.7109
    0.7146
    0.7103
    0.7065
    0.7099
    0.7065
    0.7060
    0.7054
    0.7036
    0.7070
    0.7119
    0.7126
    0.7152
    0.7146
    0.7116
    0.7070
    0.7072
    0.7021
    0.7038
    0.6951
    0.6951
    0.6967
    0.6941
    0.6897
    0.6913
    0.6960
    0.7040
    0.7160
    0.7147
    0.7129
    0.7159
    0.7128
    0.7167
    0.7172
    0.7135
    0.7088
    0.7106
    0.7176
    0.7125
    0.7232
    0.7291
    0.7252
    0.7239
    0.7230
    0.7235
    0.7135
    0.7037
    0.6959
    0.7027
    0.7096
    0.7135
    0.7216
    0.7252
    0.7293
    0.7349
    0.7387
    0.7455
    0.7454
    0.7466
    0.7486
    0.7567
    0.7610
    0.7570
    0.7559
    0.7540
    0.7545
    0.7547
    0.7572
    0.7552
    0.7664
    0.7598
    0.7628
    0.7662
    0.7558
    0.7643
    0.7759
    0.7671
    0.7615
    0.7618
    0.7660
    0.7708
    0.7731
    0.7637
    0.7607
    0.7594
    0.7607
    0.7641
    0.7621
    0.7610
    0.7561
    0.7570
    0.7575
    0.7577
    0.7499
    0.7499
    0.7507
    0.7493
    0.7470
    0.7486
    0.7518
    0.7533
    0.7522
    0.7478
    0.7523
    0.7523
    0.7540
    0.7578
    0.7593
    0.7689
    0.7724
    0.7740
    0.7707
    0.7766
    0.7823
    0.7858
    0.7852
    0.7974
    0.8099
    0.8093
    0.8152
    0.8236
    0.8254
    0.8238
    0.8274
    0.8216
    0.8206
    0.8179
    0.8170
    0.8150
    0.8018
    0.8113
    0.8189
    0.8221
    0.8249
    0.8288
    0.8296
    0.8329
    0.8521
    0.8581
    0.8577
    0.8624
    0.8663
    0.8683
    0.8714
    0.8752
    0.8779
    0.8844
    0.8910
    0.8905
    0.8979
    0.8923
    0.8979
    0.9044
    0.9072
    0.9081
    0.9185
    0.9190
    0.9290
    0.9300
    0.9265
    0.9341
    0.9323
    0.9350
    0.9434
    0.9448
    0.9385
    0.9404
    0.9519
    0.9498
    0.9460
    0.9445
    0.9486
    0.9546
    0.9673
    0.9679
    0.9690
    0.9538
    0.9557
    0.9598
    0.9584
    0.9660
    0.9704
    0.9805
    0.9884
    0.9950
    1.0160
    1.0428
    1.0441
    1.0548
    1.0478
    1.0430
    1.0340
    1.0322
    1.0319
    1.0297
    1.0302
    1.0360
    1.0316
    1.0341
    1.0377
    1.0425
    1.0446
    1.0432
    1.0338
    1.0255
    1.0269
    1.0227
    1.0217
    1.0252
    1.0379
    1.0375
    1.0395
    1.0364
    1.0334
    1.0275
    1.0260
    1.0248
    1.0284
    1.0283
    1.0252
    1.0393
    1.0441
    1.0318
    1.0287
    1.0463
    1.0599
    1.0599
    1.0512
    1.0528
    1.0497
    1.0592
    1.0678
    1.0700
    1.0708
    1.0693
    1.0686
    1.0655
    1.0571
    1.0558
    1.0523
    1.0581
    1.0543
    1.0604
    1.0681
    1.0711
    1.0745
    1.0813
    1.0874
    1.0931
    1.1001
    1.1077
    1.1071
    1.0969
    1.0937
    1.0906
    1.0818
    1.0734
    1.0589
    1.0569
    1.0485
    1.0426
    1.0384
    1.0400
    1.0477
    1.0467
    1.0455
    1.0428
    1.0409
    1.0381
    1.0404
    1.0408
    1.0391
    1.0362
    1.0382
    1.0427
    1.0390
    1.0283
    1.0231
    1.0171
    1.0141
    1.0201
    1.0210
    1.0160
    1.0087
    1.0047
    1.0109
    1.0053
    0.9988
    0.9974
    1.0075
    1.0143
    1.0097
    1.0051
    1.0041
    1.0005
    0.9936
    0.9948
    0.9960
    0.9974
    0.9961
    0.9911
    0.9893
    0.9885
    0.9911
    0.9878
    0.9854
    0.9858
    0.9866
    0.9881
    0.9852
    0.9849
    0.9893
    0.9842
    0.9788
    0.9790
    0.9817
    0.9780
    0.9852
    0.9835
    0.9811
    0.9778
    0.9772
    0.9760
    0.9713
    0.9706
    0.9763
    0.9735
    0.9767
    0.9805
    0.9741
    0.9753
    0.9714
    0.9709
    0.9704
    0.9671
    0.9707
    0.9766
    0.9746
    0.9692
    0.9712
    0.9697
    0.9665
    0.9682
    0.9680
    0.9662
    0.9662
    0.9615
    0.9568
    0.9584
    0.9661
    0.9612
    0.9570
    0.9571
    0.9578
    0.9563
    0.9528
    0.9487
    0.9419
    0.9373
    0.9387
    0.9346
    0.9346
    0.9246
    0.9208
    0.9192
    0.9138
    0.9140
    0.9112
    0.9140
    0.9159
    0.9158
    0.9143
    0.9151
    0.9127
    0.9079
    0.9017
    0.8996
    0.8951
    0.8927
    0.8927
    0.8923
    0.8898
    0.8898
    0.8918
    0.8959
    0.8993
    0.8976
    0.8995
    0.8995
    0.9025
    0.9031
    0.8954
    0.8936
    0.8968
    0.8908
    0.8910
    0.8977
    0.9038
    0.9038
    0.9076
    0.9135
    0.9108
    0.9133
    0.9154
    0.9142
    0.9105
    0.9058
    0.9059
    0.9169
    0.9189
    0.9159
    0.9071
    0.9041
    0.9157
    0.9116
    0.9171
    0.9171
    0.9115
    0.9037
    0.9042
    0.9052
    0.9018
    0.9032
    0.9076
    0.9006
    0.9006
    0.8993
    0.9066
    0.9120
    0.9152
    0.9077
    0.9156
    0.9029
    0.9026
    0.9026
    0.8880
    0.8736
    0.8641
    0.8462
    0.8338
    0.8281
    0.8163
    0.8042
    0.8042
    0.8010
    0.8171
    0.8215
    0.8123
    0.8076
    0.8314
    0.8530
    0.8716
    0.8791
    0.8791
    0.8960
    0.9010
    0.9056
    0.9232
    0.9162
    0.8973
    0.9155
    0.9294
    0.9294
    0.9282
    0.9306
    0.9282
    0.9345
    0.9258
    0.9147
    0.9156
    0.9163
    0.9163
    0.9000
    0.8736
    0.8596
    0.8729
    0.8928
    0.8981
    0.9221
    0.9267
    0.9267
    0.9175
    0.9146
    0.9344
    0.9574
    0.9826
    0.9741
    0.9619
    0.9941
    0.9941
    1.0353
    1.0448
    1.0307
    1.0510
    1.0931
    1.1190
    1.1083
    1.0996
    1.0996
    1.1234
    1.1811
    1.1877
    1.1781
    1.1578
    1.1630
    1.1803
    1.1451
    1.1386
    1.1386
    1.1399
    1.1427
    1.1399
    1.1420
    1.1430
    1.1105
    1.0761
    1.0650
    1.0650
    1.1016
    1.0897
    1.0791
    1.0837
    1.0906
    1.0783
    1.0265
    1.0430
    1.0430
    1.0188
    1.0056
    0.9919
    1.0013
    1.0252
    1.0770
