    2.0625
    2.2262
    2.2558
    2.1382
    2.3582
    2.1195
    2.7632
    4.4672
    3.6510
    4.3241
    5.3448
    2.9774
    2.3343
    1.5570
    1.2804
    0.9339
    0.6996
    0.9459
    1.1170
    1.2043
    1.1679
    1.3162
    1.2895
    1.1151
    1.1056
    1.2095
    1.0564
    1.0691
    1.0121
    1.1223
    1.0615
    1.2546
    1.0234
    1.3694
    1.4076
    1.1342
    1.1612
    0.9988
    0.9942
    0.9671
    1.0048
    0.9389
    0.9231
    0.8728
    0.9686
    1.0984
    1.0787
    1.1779
    1.2862
    1.4385
    1.4883
    1.6714
    1.7003
    1.5665
    1.4617
    1.4214
    1.3526
    1.3222
    1.3236
    1.2424
    1.0835
    0.9545
    0.8711
    0.8918
    0.9115
    0.8340
    0.8678
    0.9819
    1.0233
    1.1053
    1.1811
    1.1098
    1.0822
    1.1015
    1.0647
    1.0906
    1.0997
    1.1235
    1.1530
    1.1483
    1.1775
    1.2543
    1.1435
    1.1918
    1.2187
    1.1158
    1.1525
    1.0510
    1.0257
    1.0440
    1.0216
    1.0390
    1.0397
    0.9794
    0.9899
    0.9288
    0.8653
    0.8424
    0.8127
    0.7535
    0.7029
    0.6820
    0.6537
    0.6268
    0.6585
    0.6231
    0.6308
    0.6531
    0.6279
    0.6372
    0.6389
    0.6455
    0.6600
    0.6390
    0.6751
    0.6831
    0.7065
    0.7336
    0.7413
    0.7485
    0.7842
    0.8461
    0.9059
    0.9567
    1.0033
    1.0820
    1.2392
    1.2790
    1.2802
    1.2920
    1.4085
    1.4291
    1.5375
    1.5281
    1.5426
    1.5194
    1.5564
    1.5186
    1.5701
    1.5486
    1.5197
    1.5096
    1.5823
    1.5843
    1.6352
    1.6470
    1.6591
    1.6049
    1.5722
    1.5196
    1.5422
    1.4881
    1.4912
    1.4425
    1.3587
    1.3060
    1.3546
    1.2862
    1.2802
    1.2318
    1.2717
    1.2574
    1.2554
    1.2639
    1.2489
    1.2427
    1.2785
    1.2921
    1.3281
    1.3292
    1.3513
    1.3204
    1.3565
    1.3608
    1.3531
    1.3306
    1.3633
    1.3619
    1.3626
    1.3569
    1.3590
    1.3825
    1.4186
    1.4261
    1.4317
    1.4323
    1.4818
    1.5166
    1.5984
    1.6339
    1.6703
    1.6938
    1.7375
    1.7533
    1.7854
    1.8307
    1.7796
    1.7202
    1.7431
    1.7525
    1.7682
    1.7784
    1.7868
    1.8427
    1.7806
    1.7851
    1.7919
    1.8666
    1.8956
    1.8639
    1.8697
    1.8234
    1.8584
    1.8846
    1.8547
    1.8934
    1.9462
    1.9583
    1.9803
    1.9913
    2.0658
    2.0940
    2.1455
    2.1871
    2.2225
    2.1953
    2.1619
    2.1356
    2.1692
    2.2097
    2.1699
    2.1995
    2.2347
    2.3060
    2.2750
    2.2937
    2.2710
    2.1765
    2.1593
    2.1172
    2.1500
    2.1726
    2.1236
    2.0903
    2.0022
    1.9718
    1.9069
    1.8812
    1.9032
    1.8749
    1.8896
    1.8466
    1.8470
    1.7920
    1.7725
    1.7348
    1.7640
    1.7596
    1.7700
    1.7043
    1.6803
    1.6361
    1.5710
    1.5439
    1.5081
    1.4936
    1.5033
    1.4732
    1.4629
    1.4222
    1.4181
    1.3955
    1.3916
    1.3687
    1.3472
    1.3337
    1.3188
    1.3113
    1.2864
    1.2744
    1.2518
    1.2419
    1.2103
    1.1842
    1.1720
    1.1923
    1.1759
    1.1627
    1.1360
    1.1264
    1.1181
    1.0859
    1.0590
    1.0583
    1.0363
    1.0161
    0.9999
    0.9968
    0.9998
    0.9959
    0.9965
    1.0025
    1.0036
    0.9901
    0.9583
    0.9452
    0.9465
    0.9625
    0.9699
    0.9658
    0.9864
    0.9858
    0.9822
    0.9840
    0.9934
    0.9797
    0.9849
    0.9689
    0.9662
    0.9736
    0.9608
    0.9601
    0.9524
    0.9374
    0.9317
    0.9399
    0.9545
    0.9641
    0.9617
    0.9553
    0.9776
    0.9659
    0.9722
    0.9817
    0.9555
    0.9464
    0.9492
    0.9339
    0.9108
    0.9194
    0.9203
    0.8912
    0.9043
    0.8939
    0.8821
    0.8671
    0.8559
    0.8378
    0.8392
    0.8207
    0.8178
    0.8275
    0.8167
    0.7999
    0.7757
    0.7700
    0.7856
    0.7848
    0.7841
    0.7607
    0.7631
    0.7672
    0.7639
    0.7575
    0.7450
    0.7398
    0.7357
    0.7446
    0.7491
    0.7447
    0.7435
    0.7373
    0.7335
    0.7180
    0.7122
    0.6998
    0.6974
    0.6950
    0.7024
    0.6952
    0.7052
    0.7088
    0.7093
    0.7142
    0.7184
    0.7222
    0.7163
    0.7124
    0.7123
    0.7132
    0.7224
    0.7269
    0.7322
    0.7459
    0.7500
    0.7547
    0.7603
    0.7683
    0.7621
    0.7696
    0.7686
    0.7725
    0.7785
    0.7831
    0.7913
    0.7870
    0.7849
    0.7838
    0.7871
    0.7848
    0.7887
    0.7919
    0.7940
    0.7906
    0.7843
    0.7876
    0.7721
    0.7795
    0.7755
    0.7719
    0.7718
    0.7639
    0.7609
    0.7593
    0.7451
    0.7414
    0.7442
    0.7365
    0.7307
    0.7335
    0.7340
    0.7286
    0.7167
    0.7135
    0.7201
    0.7197
    0.7224
    0.7192
    0.7163
    0.7186
    0.7303
    0.7285
    0.7214
    0.7192
    0.7219
    0.7297
    0.7415
    0.7471
    0.7355
    0.7197
    0.7194
    0.7133
    0.7249
    0.7252
    0.7237
    0.7226
    0.7257
    0.7343
    0.7303
    0.7284
    0.7326
    0.7346
    0.7264
    0.7199
    0.7222
    0.7354
    0.7292
    0.7292
    0.7284
    0.7322
    0.7415
    0.7438
    0.7446
    0.7590
    0.7626
    0.7657
    0.7671
    0.7578
    0.7635
    0.7546
    0.7399
    0.7365
    0.7372
    0.7337
    0.7350
    0.7304
    0.7297
    0.7378
    0.7375
    0.7307
    0.7317
    0.7253
    0.7150
    0.7132
    0.7167
    0.7016
    0.6923
    0.6836
    0.6688
    0.6625
    0.6589
    0.6562
    0.6492
    0.6453
    0.6469
    0.6529
    0.6487
    0.6430
    0.6409
    0.6415
    0.6472
    0.6519
    0.6485
    0.6540
    0.6595
    0.6558
    0.6470
    0.6500
    0.6526
    0.6484
    0.6474
    0.6559
    0.6532
    0.6464
    0.6461
    0.6486
    0.6490
    0.6512
    0.6553
    0.6479
    0.6514
    0.6511
    0.6587
    0.6580
    0.6656
    0.6668
    0.6711
    0.6705
    0.6693
    0.6690
    0.6704
    0.6758
    0.6815
    0.6808
    0.6879
    0.6915
    0.6946
    0.6947
    0.7026
    0.7060
    0.7063
    0.7143
    0.7163
    0.7188
    0.7149
    0.7144
    0.7182
    0.7138
    0.7139
    0.7169
    0.7210
    0.7175
    0.7137
    0.7168
    0.7217
    0.7334
    0.7369
    0.7368
    0.7406
    0.7473
    0.7414
    0.7494
    0.7435
    0.7426
    0.7384
    0.7376
    0.7354
    0.7353
    0.7374
    0.7459
    0.7487
    0.7520
    0.7517
    0.7520
    0.7508
    0.7461
    0.7460
    0.7452
    0.7518
    0.7494
    0.7468
    0.7519
    0.7488
    0.7387
    0.7420
    0.7431
    0.7465
    0.7411
    0.7409
    0.7465
    0.7409
    0.7426
    0.7374
    0.7415
    0.7369
    0.7432
    0.7422
    0.7308
    0.7267
    0.7267
    0.7304
    0.7400
    0.7403
    0.7362
    0.7321
    0.7245
    0.7288
    0.7292
    0.7223
    0.7149
    0.7266
    0.7261
    0.7254
    0.7282
    0.7377
    0.7347
    0.7386
    0.7464
    0.7543
    0.7547
    0.7541
    0.7594
    0.7559
    0.7628
    0.7605
    0.7551
    0.7598
    0.7631
    0.7662
    0.7678
    0.7652
    0.7657
    0.7651
    0.7632
    0.7671
    0.7630
    0.7630
    0.7662
    0.7642
    0.7652
    0.7709
    0.7754
    0.7752
    0.7813
    0.7839
    0.7903
    0.7862
    0.7882
    0.7965
    0.7965
    0.8038
    0.8009
    0.8045
    0.8002
    0.7950
    0.7914
    0.7996
    0.8028
    0.8112
    0.8183
    0.8233
    0.8236
    0.8321
    0.8367
    0.8422
    0.8385
    0.8401
    0.8293
    0.8351
    0.8414
    0.8425
    0.8374
    0.8463
    0.8412
    0.8431
    0.8462
    0.8471
    0.8493
    0.8508
    0.8505
    0.8572
    0.8565
    0.8561
    0.8572
    0.8595
    0.8584
    0.8642
    0.8695
    0.8654
    0.8650
    0.8638
    0.8657
    0.8828
    0.8834
    0.8801
    0.8799
    0.8779
    0.8837
    0.8874
    0.8896
    0.8810
    0.8731
    0.8735
    0.8743
    0.8696
    0.8599
    0.8593
    0.8559
    0.8530
    0.8519
    0.8465
    0.8387
    0.8415
    0.8426
    0.8415
    0.8340
    0.8288
    0.8288
    0.8328
    0.8374
    0.8392
    0.8379
    0.8402
    0.8428
    0.8503
    0.8535
    0.8505
    0.8443
    0.8452
    0.8452
    0.8499
    0.8456
    0.8425
    0.8480
    0.8506
    0.8414
    0.8434
    0.8446
    0.8421
    0.8425
    0.8466
    0.8448
    0.8416
    0.8481
    0.8463
    0.8432
    0.8479
    0.8486
    0.8549
    0.8535
    0.8498
    0.8502
    0.8542
    0.8509
    0.8543
    0.8675
    0.8723
    0.8715
    0.8642
    0.8642
    0.8614
    0.8608
    0.8654
    0.8662
    0.8708
    0.8767
    0.8791
    0.8790
    0.8839
    0.8826
    0.8861
    0.8851
    0.8853
    0.8853
    0.8868
    0.8846
    0.8824
    0.8833
    0.8844
    0.8816
    0.8776
    0.8733
    0.8675
    0.8682
    0.8727
    0.8744
    0.8773
    0.8756
    0.8765
    0.8827
    0.8875
    0.8833
    0.8785
    0.8778
    0.8771
    0.8750
    0.8750
    0.8767
    0.8786
    0.8778
    0.8782
    0.8746
    0.8765
    0.8827
    0.8816
    0.8818
    0.8781
    0.8772
    0.8771
    0.8727
    0.8740
    0.8704
    0.8637
    0.8629
    0.8633
    0.8639
    0.8606
    0.8612
    0.8629
    0.8580
    0.8579
    0.8556
    0.8556
    0.8594
    0.8590
    0.8578
    0.8613
    0.8651
    0.8670
    0.8669
    0.8659
    0.8615
    0.8610
    0.8610
    0.8564
    0.8535
    0.8533
    0.8477
    0.8450
    0.8407
    0.8447
    0.8470
    0.8472
    0.8536
    0.8578
    0.8521
    0.8503
    0.8512
    0.8554
    0.8480
    0.8487
    0.8488
    0.8499
    0.8460
    0.8439
    0.8438
    0.8415
    0.8390
    0.8374
    0.8325
    0.8325
    0.8320
    0.8300
    0.8294
    0.8244
    0.8249
    0.8257
    0.8193
    0.8099
    0.8099
    0.8134
    0.8161
    0.8162
    0.8124
    0.8032
    0.7983
    0.7969
    0.7981
    0.7972
    0.7973
    0.7962
    0.7915
    0.7887
    0.7817
    0.7845
    0.7904
    0.7997
    0.7975
    0.7976
    0.7957
    0.8006
    0.8156
    0.8129
    0.8166
    0.8176
    0.8206
    0.8219
    0.8218
    0.8295
    0.8457
    0.8415
    0.8420
    0.8438
    0.8592
    0.8801
    0.8724
    0.8724
    0.8736
    0.8680
    0.8602
    0.8508
    0.8499
    0.8427
    0.8369
    0.8328
    0.8328
    0.8242
    0.8248
    0.8287
    0.8419
    0.8405
    0.8399
    0.8303
    0.8374
    0.8374
    0.8451
    0.8352
    0.8367
    0.8393
    0.8586
    0.8632
    0.8784
    0.8808
    0.8802
    0.8802
    0.8795
    0.8810
    0.8854
    0.8839
    0.8675
    0.8718
    0.8736
    0.8684
    0.8684
    0.8667
    0.8523
    0.8600
    0.8540
    0.8697
    0.8699
    0.8663
    0.8840
    0.8840
    0.8860
    0.8588
    0.8516
    0.8640
    0.8724
    0.8895
    0.8904
    0.8857
    0.8857
    0.8793
    0.8679
    0.8737
    0.8704
    0.8639
    0.8690
    0.8558
    0.8564
    0.8564
    0.8569
    0.8647
    0.8710
    0.8721
    0.8521
    0.8434
    0.8459
    0.8309
    0.8309
    0.8354
    0.8378
    0.8455
    0.8358
    0.8658
    0.8963
    0.9324
    0.9539
    0.9806
    0.9806
    0.9849
    0.9427
    0.9349
    0.9413
    0.9661
    0.9373
    0.9140
    0.8968
    0.8968
    0.9060
    0.9545
    0.9629
    0.9541
    0.9634
    0.9835
    0.9868
    0.9790
    0.9790
    0.9506
    0.9512
    0.9524
    0.9268
    0.9015
    0.8820
