    0.3881
    0.4656
    0.4509
    0.8589
    1.1566
    1.1991
    0.9054
    1.5021
    8.8761
    4.7186
    4.0796
    2.7496
    2.4945
    1.8426
    1.3175
    1.3835
    1.0116
    0.9754
    1.0198
    1.0383
    1.1335
    1.2403
    1.3115
    1.4940
    1.4798
    1.1977
    1.2223
    1.2903
    1.4478
    1.3311
    1.0611
    0.9803
    1.1355
    1.1193
    1.0925
    1.1109
    1.1659
    1.0728
    1.2691
    1.2956
    1.2212
    1.1629
    1.0206
    0.9905
    1.1042
    1.0668
    1.0362
    1.1133
    1.1633
    1.3030
    1.4523
    1.5947
    1.6955
    1.8673
    1.8249
    1.9256
    1.9795
    1.5051
    1.3035
    1.1998
    1.2722
    1.1968
    1.1597
    1.1164
    1.1546
    1.0973
    1.0841
    1.0029
    0.8918
    0.8191
    0.8123
    0.8286
    0.9326
    0.9118
    0.9022
    0.8981
    0.8242
    0.8196
    0.7856
    0.7767
    0.8021
    0.7516
    0.7728
    0.7889
    0.7573
    0.7589
    0.8330
    0.8658
    0.7582
    0.7289
    0.6952
    0.7161
    0.7066
    0.7161
    0.7723
    0.7866
    0.8001
    0.7818
    0.7890
    0.7497
    0.7331
    0.6961
    0.6881
    0.6910
    0.6994
    0.6913
    0.7204
    0.7566
    0.7633
    0.7982
    0.7942
    0.8533
    0.9224
    0.9291
    1.0288
    0.9943
    0.9881
    1.0500
    1.0812
    1.0721
    1.0929
    1.1177
    1.1494
    1.1723
    1.2131
    1.2434
    1.3084
    1.3079
    1.2751
    1.3414
    1.3355
    1.3004
    1.3396
    1.3776
    1.3532
    1.4654
    1.4575
    1.4701
    1.4763
    1.4889
    1.5042
    1.4421
    1.4538
    1.4494
    1.5211
    1.5646
    1.5262
    1.5713
    1.5748
    1.5347
    1.5515
    1.6072
    1.6370
    1.6892
    1.6536
    1.6066
    1.5753
    1.5381
    1.5496
    1.5181
    1.4955
    1.5536
    1.5008
    1.5376
    1.5399
    1.5207
    1.5307
    1.5034
    1.5057
    1.5571
    1.4850
    1.4633
    1.4459
    1.4247
    1.4144
    1.3879
    1.3695
    1.4097
    1.4765
    1.4238
    1.3542
    1.3354
    1.3185
    1.3107
    1.3265
    1.3272
    1.2644
    1.2622
    1.2496
    1.2755
    1.2566
    1.2684
    1.3019
    1.2845
    1.2863
    1.2984
    1.3251
    1.3561
    1.3856
    1.3450
    1.3722
    1.3666
    1.3592
    1.3325
    1.3363
    1.3134
    1.2773
    1.2730
    1.3207
    1.2852
    1.2901
    1.3141
    1.3135
    1.3109
    1.3007
    1.3254
    1.3423
    1.3425
    1.3504
    1.3473
    1.3262
    1.3863
    1.4033
    1.3832
    1.3356
    1.3227
    1.3341
    1.3510
    1.3984
    1.4067
    1.4153
    1.4162
    1.3888
    1.3848
    1.4391
    1.4586
    1.4542
    1.4492
    1.4673
    1.4411
    1.4872
    1.4773
    1.4461
    1.4403
    1.4384
    1.4325
    1.4160
    1.3988
    1.4054
    1.3948
    1.3925
    1.4127
    1.4116
    1.4258
    1.4379
    1.4259
    1.4066
    1.3981
    1.4207
    1.4045
    1.3914
    1.3749
    1.3759
    1.3881
    1.3909
    1.3834
    1.3890
    1.4070
    1.4256
    1.4049
    1.4219
    1.4218
    1.4140
    1.4215
    1.4295
    1.4326
    1.4341
    1.4733
    1.4736
    1.4486
    1.4511
    1.4257
    1.4433
    1.4748
    1.4834
    1.4742
    1.4635
    1.4604
    1.4515
    1.4327
    1.4390
    1.4270
    1.4415
    1.4003
    1.3764
    1.3397
    1.2862
    1.2747
    1.2627
    1.2722
    1.2506
    1.2608
    1.2406
    1.2149
    1.2266
    1.2353
    1.2548
    1.2696
    1.2744
    1.2666
    1.2764
    1.2768
    1.2825
    1.2721
    1.2744
    1.2677
    1.2686
    1.2811
    1.2853
    1.2948
    1.2963
    1.2831
    1.2932
    1.2955
    1.3166
    1.3282
    1.3498
    1.3899
    1.3998
    1.3814
    1.3734
    1.3598
    1.3520
    1.3485
    1.3660
    1.3572
    1.3481
    1.3383
    1.3542
    1.3573
    1.3658
    1.3530
    1.3352
    1.3401
    1.3377
    1.3086
    1.3031
    1.2838
    1.2776
    1.2584
    1.2418
    1.2382
    1.2345
    1.2286
    1.2356
    1.2399
    1.2237
    1.2142
    1.2051
    1.2008
    1.1913
    1.1979
    1.2059
    1.1866
    1.2023
    1.1869
    1.1665
    1.1812
    1.1884
    1.2059
    1.2048
    1.2191
    1.2314
    1.2518
    1.2540
    1.2595
    1.2663
    1.2721
    1.2742
    1.2587
    1.2717
    1.2679
    1.2633
    1.2338
    1.2392
    1.2345
    1.2011
    1.1909
    1.1965
    1.2127
    1.2227
    1.2068
    1.2252
    1.2250
    1.2290
    1.2329
    1.2390
    1.2397
    1.2345
    1.2279
    1.2144
    1.2185
    1.1799
    1.1775
    1.1566
    1.1454
    1.1264
    1.1164
    1.1202
    1.1025
    1.0991
    1.0809
    1.0645
    1.0403
    1.0323
    1.0333
    1.0287
    1.0160
    1.0159
    1.0188
    1.0140
    1.0110
    1.0103
    1.0073
    0.9890
    0.9854
    0.9639
    0.9574
    0.9470
    0.9529
    0.9366
    0.9337
    0.9183
    0.9029
    0.8994
    0.9010
    0.9004
    0.9079
    0.9051
    0.9048
    0.8962
    0.8997
    0.8942
    0.8934
    0.8826
    0.8613
    0.8548
    0.8598
    0.8681
    0.8728
    0.8744
    0.8795
    0.8762
    0.8791
    0.8763
    0.8689
    0.8573
    0.8463
    0.8451
    0.8403
    0.8427
    0.8510
    0.8532
    0.8486
    0.8490
    0.8449
    0.8545
    0.8459
    0.8516
    0.8419
    0.8400
    0.8430
    0.8379
    0.8310
    0.8268
    0.8144
    0.8144
    0.8146
    0.8257
    0.8367
    0.8391
    0.8383
    0.8466
    0.8434
    0.8403
    0.8464
    0.8470
    0.8454
    0.8471
    0.8476
    0.8480
    0.8423
    0.8581
    0.8578
    0.8567
    0.8552
    0.8519
    0.8534
    0.8502
    0.8483
    0.8370
    0.8328
    0.8309
    0.8245
    0.8297
    0.8274
    0.8198
    0.8296
    0.8330
    0.8325
    0.8475
    0.8556
    0.8690
    0.8709
    0.8777
    0.8771
    0.8658
    0.8648
    0.8662
    0.8689
    0.8666
    0.8639
    0.8631
    0.8601
    0.8664
    0.8705
    0.8885
    0.8921
    0.8921
    0.8970
    0.9041
    0.9154
    0.9236
    0.9328
    0.9418
    0.9525
    0.9647
    0.9736
    0.9701
    0.9677
    0.9705
    0.9610
    0.9664
    0.9683
    0.9718
    0.9831
    0.9911
    1.0007
    1.0076
    0.9966
    1.0002
    1.0028
    1.0074
    1.0101
    1.0119
    1.0221
    1.0190
    1.0209
    1.0191
    1.0170
    1.0232
    1.0324
    1.0361
    1.0328
    1.0340
    1.0242
    1.0222
    1.0269
    1.0256
    1.0179
    1.0122
    1.0082
    1.0180
    1.0232
    1.0228
    1.0179
    1.0393
    1.0396
    1.0361
    1.0435
    1.0414
    1.0474
    1.0503
    1.0494
    1.0518
    1.0505
    1.0475
    1.0455
    1.0463
    1.0475
    1.0475
    1.0455
    1.0435
    1.0450
    1.0554
    1.0484
    1.0539
    1.0469
    1.0521
    1.0597
    1.0668
    1.0757
    1.0755
    1.0836
    1.0778
    1.0853
    1.0907
    1.0939
    1.0789
    1.0821
    1.0842
    1.0814
    1.0904
    1.1001
    1.1011
    1.1042
    1.1041
    1.1010
    1.0950
    1.1099
    1.0922
    1.0930
    1.0840
    1.0768
    1.0683
    1.0725
    1.0686
    1.0755
    1.0602
    1.0650
    1.0739
    1.0770
    1.0791
    1.0758
    1.0749
    1.0711
    1.0802
    1.0947
    1.1027
    1.0971
    1.1010
    1.0904
    1.0903
    1.0849
    1.0885
    1.0883
    1.0901
    1.0843
    1.0784
    1.0781
    1.0786
    1.0889
    1.0933
    1.0884
    1.0880
    1.0963
    1.1033
    1.1101
    1.1041
    1.0956
    1.1102
    1.1134
    1.1139
    1.1165
    1.1166
    1.1232
    1.1192
    1.1164
    1.1047
    1.1025
    1.0909
    1.0895
    1.0756
    1.0800
    1.0658
    1.0533
    1.0483
    1.0488
    1.0498
    1.0495
    1.0446
    1.0363
    1.0464
    1.0608
    1.0563
    1.0419
    1.0350
    1.0363
    1.0384
    1.0392
    1.0326
    1.0290
    1.0399
    1.0333
    1.0310
    1.0293
    1.0191
    1.0207
    1.0193
    1.0136
    1.0245
    1.0350
    1.0438
    1.0522
    1.0527
    1.0449
    1.0468
    1.0402
    1.0453
    1.0354
    1.0441
    1.0526
    1.0577
    1.0579
    1.0562
    1.0547
    1.0597
    1.0598
    1.0636
    1.0677
    1.0712
    1.0627
    1.0692
    1.0779
    1.0812
    1.0871
    1.0698
    1.0767
    1.0851
    1.0855
    1.0834
    1.0869
    1.0914
    1.0950
    1.0984
    1.0914
    1.0900
    1.0909
    1.0989
    1.1023
    1.0980
    1.0985
    1.1021
    1.1117
    1.1149
    1.1097
    1.1100
    1.1114
    1.1095
    1.1114
    1.1121
    1.1067
    1.1134
    1.1215
    1.1195
    1.1232
    1.1262
    1.1200
    1.1221
    1.1194
    1.1162
    1.1192
    1.1213
    1.1192
    1.1157
    1.1101
    1.1183
    1.1340
    1.1326
    1.1276
    1.1266
    1.1250
    1.1206
    1.1240
    1.1197
    1.1182
    1.1209
    1.1232
    1.1246
    1.1241
    1.1203
    1.1251
    1.1184
    1.1182
    1.1224
    1.1266
    1.1293
    1.1281
    1.1282
    1.1279
    1.1264
    1.1283
    1.1238
    1.1208
    1.1201
    1.1227
    1.1228
    1.1244
    1.1294
    1.1324
    1.1327
    1.1295
    1.1280
    1.1231
    1.1235
    1.1275
    1.1281
    1.1258
    1.1310
    1.1354
    1.1357
    1.1331
    1.1315
    1.1305
    1.1304
    1.1297
    1.1319
    1.1353
    1.1357
    1.1348
    1.1344
    1.1331
    1.1359
    1.1375
    1.1369
    1.1387
    1.1372
    1.1371
    1.1357
    1.1389
    1.1435
    1.1370
    1.1357
    1.1336
    1.1340
    1.1329
    1.1262
    1.1265
    1.1230
    1.1225
    1.1253
    1.1302
    1.1282
    1.1283
    1.1319
    1.1359
    1.1343
    1.1409
    1.1375
    1.1444
    1.1484
    1.1519
    1.1520
    1.1558
    1.1559
    1.1559
    1.1578
    1.1651
    1.1721
    1.1690
    1.1596
    1.1596
    1.1628
    1.1719
    1.1765
    1.1820
    1.1816
    1.1794
    1.1771
    1.1822
    1.1823
    1.1850
    1.1816
    1.1885
    1.1918
    1.1916
    1.1933
    1.2054
    1.2045
    1.2045
    1.2100
    1.2183
    1.2047
    1.1972
    1.1947
    1.1917
    1.1851
    1.1868
    1.1979
    1.1979
    1.1969
    1.2068
    1.2021
    1.2158
    1.2056
    1.2061
    1.1932
    1.1930
    1.1932
    1.1958
    1.2004
    1.2020
    1.1975
    1.2026
    1.2012
    1.2073
    1.2003
    1.2003
    1.2034
    1.2148
    1.2065
    1.1985
    1.1944
    1.1889
    1.1952
    1.2168
    1.2168
    1.2058
    1.1947
    1.1930
    1.1930
    1.1903
    1.1764
    1.1707
    1.1553
    1.1553
    1.1587
    1.1809
    1.1797
    1.1846
    1.1712
    1.1723
    1.1804
    1.1763
    1.1763
    1.1688
    1.1592
    1.1542
    1.1441
    1.1696
    1.1754
    1.1716
    1.1719
    1.1777
    1.1777
    1.1695
    1.1792
    1.1891
    1.1737
    1.1592
    1.1662
    1.1530
    1.1352
    1.1352
    1.1486
    1.1346
    1.1332
    1.1238
    1.1364
    1.1303
    1.1266
    1.1219
    1.1219
    1.1287
    1.1552
    1.1442
    1.0797
    1.0695
    1.0725
    1.0963
    1.1031
    1.1031
    1.0996
    1.1137
    1.0843
    1.1075
    1.0935
    1.1098
    1.0968
    1.0795
    1.0795
    1.0844
    1.0875
    1.0770
    1.0803
    1.1211
    1.1353
    1.1332
    1.1427
    1.1427
    1.1364
    1.1354
    1.1440
    1.1438
    1.1656
    1.1800
    1.2038
    1.3090
    1.3151
    1.3151
    1.3520
    1.3692
    1.3296
    1.3207
    1.2981
    1.2439
    1.2305
    1.2347
    1.2347
    1.2466
    1.2860
    1.3059
    1.3348
    1.2971
    1.2841
    1.2762
    1.2559
    1.2559
    1.2535
    1.2652
    1.2077
    1.2047
    1.2263
    1.2711
