    2.2843
    2.2254
    2.1761
    1.9268
    1.2454
    1.5999
    2.1288
    2.2419
    1.5375
    1.6186
    1.4050
    1.6012
    1.3890
    1.2529
    0.8622
    1.0762
    1.3474
    1.2066
    1.1443
    1.2705
    1.3224
    1.3454
    1.4799
    1.9881
    2.0773
    1.9787
    2.1394
    2.1623
    2.5058
    1.6952
    1.2856
    1.3173
    1.1819
    1.0827
    0.8619
    0.8630
    0.9154
    1.0749
    1.1994
    1.1213
    1.1638
    1.2545
    1.3075
    1.5228
    1.5912
    1.7372
    1.8222
    1.6457
    1.4089
    1.4745
    1.3032
    1.2609
    1.1776
    1.2751
    1.3185
    1.4328
    1.3377
    1.2402
    1.2777
    1.1706
    1.2236
    1.1228
    1.0458
    1.0840
    1.1275
    1.1905
    1.2857
    1.1794
    1.1574
    1.1515
    1.1775
    1.0833
    1.1740
    1.1742
    1.0751
    1.1545
    1.1649
    1.2599
    1.2760
    1.1842
    1.0902
    1.1213
    1.1194
    1.0249
    0.9922
    1.0206
    0.9827
    0.9141
    0.8725
    0.9164
    0.8215
    0.8036
    0.7781
    0.7627
    0.7897
    0.7935
    0.7872
    0.7491
    0.7025
    0.7096
    0.7355
    0.7456
    0.7514
    0.7526
    0.7199
    0.7374
    0.7462
    0.7467
    0.7748
    0.7759
    0.7578
    0.7845
    0.7927
    0.7768
    0.8169
    0.8199
    0.8141
    0.8258
    0.8073
    0.8281
    0.8346
    0.8528
    0.8956
    0.9440
    1.0231
    1.0986
    1.0736
    1.0832
    1.0776
    1.0492
    1.0747
    1.1225
    1.0933
    1.0915
    1.0840
    1.1309
    1.0948
    1.0725
    1.1076
    1.1640
    1.1255
    1.1483
    1.2136
    1.2164
    1.2205
    1.1849
    1.1236
    1.1384
    1.1580
    1.1298
    1.1151
    1.1349
    1.1228
    1.1218
    1.0623
    1.0662
    1.0411
    1.0347
    0.9888
    0.9911
    1.0076
    1.0130
    1.0365
    1.0833
    1.0877
    1.0835
    1.0923
    1.1037
    1.1191
    1.1192
    1.1010
    1.0736
    1.0738
    1.0620
    1.0529
    1.0412
    1.0343
    1.0443
    1.0571
    1.0209
    0.9946
    0.9867
    0.9911
    0.9937
    1.0343
    1.0464
    1.0740
    1.0685
    1.1063
    1.1131
    1.1019
    1.1068
    1.1060
    1.1028
    1.1191
    1.1388
    1.1463
    1.1682
    1.1877
    1.2014
    1.2007
    1.2201
    1.2439
    1.2824
    1.2552
    1.2213
    1.1789
    1.1618
    1.1538
    1.1186
    1.1033
    1.1010
    1.0622
    1.0657
    1.0899
    1.0733
    1.0908
    1.1079
    1.1225
    1.1341
    1.1195
    1.1278
    1.1097
    1.1104
    1.0987
    1.1398
    1.1554
    1.1989
    1.1784
    1.1851
    1.1622
    1.1575
    1.1214
    1.1194
    1.0910
    1.1207
    1.1212
    1.1421
    1.1489
    1.1558
    1.1506
    1.1522
    1.1640
    1.1608
    1.1903
    1.1937
    1.1662
    1.1636
    1.1644
    1.1712
    1.1594
    1.1475
    1.1600
    1.1312
    1.1375
    1.1149
    1.1213
    1.1180
    1.1262
    1.1445
    1.1553
    1.1532
    1.1657
    1.1600
    1.1536
    1.1525
    1.1576
    1.1608
    1.1764
    1.1761
    1.1419
    1.1571
    1.1471
    1.1174
    1.0879
    1.0754
    1.0730
    1.0549
    1.0755
    1.0694
    1.0729
    1.0602
    1.0649
    1.0501
    1.0501
    1.0295
    1.0039
    0.9996
    0.9965
    0.9881
    0.9896
    0.9740
    0.9940
    0.9717
    0.9660
    0.9766
    0.9572
    0.9714
    0.9459
    0.9222
    0.9149
    0.9061
    0.9081
    0.9070
    0.8998
    0.9016
    0.9009
    0.8777
    0.8612
    0.8413
    0.8344
    0.8343
    0.8291
    0.8140
    0.7826
    0.7909
    0.7952
    0.7808
    0.7890
    0.7866
    0.7881
    0.7767
    0.7724
    0.7626
    0.7580
    0.7499
    0.7405
    0.7315
    0.7274
    0.7163
    0.7134
    0.7098
    0.7083
    0.7031
    0.7086
    0.7058
    0.6997
    0.6886
    0.6776
    0.6805
    0.6772
    0.6842
    0.6729
    0.6757
    0.6890
    0.6962
    0.6889
    0.6738
    0.6684
    0.6681
    0.6668
    0.6559
    0.6500
    0.6462
    0.6485
    0.6402
    0.6402
    0.6365
    0.6377
    0.6426
    0.6439
    0.6432
    0.6384
    0.6288
    0.6154
    0.6205
    0.6229
    0.6205
    0.6101
    0.6065
    0.6016
    0.6065
    0.5987
    0.6042
    0.5885
    0.6030
    0.6122
    0.6123
    0.6126
    0.6163
    0.6082
    0.6003
    0.6031
    0.6027
    0.6021
    0.5815
    0.5788
    0.5787
    0.5708
    0.5710
    0.5709
    0.5831
    0.5898
    0.5985
    0.5937
    0.5967
    0.6001
    0.6018
    0.5884
    0.5826
    0.5801
    0.5804
    0.5817
    0.5865
    0.5931
    0.6066
    0.6085
    0.6118
    0.6196
    0.6233
    0.6324
    0.6295
    0.6310
    0.6373
    0.6354
    0.6335
    0.6287
    0.6171
    0.6214
    0.6265
    0.6246
    0.6311
    0.6346
    0.6373
    0.6430
    0.6454
    0.6448
    0.6476
    0.6434
    0.6297
    0.6288
    0.6236
    0.6250
    0.6288
    0.6243
    0.6270
    0.6368
    0.6523
    0.6583
    0.6564
    0.6513
    0.6567
    0.6656
    0.6620
    0.6616
    0.6641
    0.6626
    0.6653
    0.6680
    0.6612
    0.6649
    0.6620
    0.6633
    0.6527
    0.6513
    0.6491
    0.6489
    0.6483
    0.6464
    0.6567
    0.6506
    0.6505
    0.6505
    0.6601
    0.6630
    0.6621
    0.6660
    0.6639
    0.6569
    0.6634
    0.6549
    0.6593
    0.6516
    0.6489
    0.6443
    0.6490
    0.6578
    0.6595
    0.6546
    0.6598
    0.6619
    0.6570
    0.6609
    0.6591
    0.6583
    0.6579
    0.6656
    0.6661
    0.6718
    0.6739
    0.6668
    0.6679
    0.6592
    0.6601
    0.6598
    0.6585
    0.6568
    0.6618
    0.6582
    0.6637
    0.6583
    0.6666
    0.6705
    0.6681
    0.6725
    0.6750
    0.6792
    0.6802
    0.6714
    0.6635
    0.6554
    0.6624
    0.6532
    0.6534
    0.6447
    0.6487
    0.6370
    0.6301
    0.6302
    0.6320
    0.6352
    0.6362
    0.6463
    0.6497
    0.6488
    0.6557
    0.6617
    0.6623
    0.6562
    0.6532
    0.6458
    0.6488
    0.6482
    0.6518
    0.6570
    0.6610
    0.6645
    0.6715
    0.6700
    0.6745
    0.6707
    0.6817
    0.6802
    0.6862
    0.6911
    0.6973
    0.6932
    0.6953
    0.6969
    0.6966
    0.6945
    0.6827
    0.6745
    0.6779
    0.6737
    0.6678
    0.6695
    0.6718
    0.6779
    0.6759
    0.6841
    0.6865
    0.6913
    0.6964
    0.6923
    0.6998
    0.7007
    0.6958
    0.6963
    0.6993
    0.7072
    0.7147
    0.7204
    0.7190
    0.7218
    0.7244
    0.7244
    0.7215
    0.7287
    0.7321
    0.7338
    0.7379
    0.7444
    0.7395
    0.7399
    0.7405
    0.7424
    0.7489
    0.7501
    0.7510
    0.7527
    0.7498
    0.7441
    0.7486
    0.7511
    0.7499
    0.7518
    0.7538
    0.7617
    0.7588
    0.7455
    0.7466
    0.7470
    0.7457
    0.7432
    0.7428
    0.7446
    0.7398
    0.7413
    0.7487
    0.7562
    0.7550
    0.7662
    0.7745
    0.7695
    0.7668
    0.7727
    0.7696
    0.7766
    0.7818
    0.7833
    0.7724
    0.7696
    0.7644
    0.7595
    0.7583
    0.7519
    0.7540
    0.7610
    0.7654
    0.7678
    0.7716
    0.7782
    0.7802
    0.7804
    0.7776
    0.7783
    0.7664
    0.7668
    0.7690
    0.7685
    0.7696
    0.7635
    0.7608
    0.7590
    0.7554
    0.7490
    0.7498
    0.7514
    0.7563
    0.7511
    0.7564
    0.7578
    0.7642
    0.7600
    0.7494
    0.7420
    0.7359
    0.7345
    0.7274
    0.7257
    0.7287
    0.7212
    0.7215
    0.7250
    0.7364
    0.7352
    0.7421
    0.7446
    0.7462
    0.7476
    0.7507
    0.7407
    0.7399
    0.7262
    0.7245
    0.7229
    0.7250
    0.7226
    0.7280
    0.7284
    0.7266
    0.7181
    0.7168
    0.7213
    0.7161
    0.7210
    0.7182
    0.7129
    0.7084
    0.7060
    0.7040
    0.7036
    0.7088
    0.7127
    0.7127
    0.7077
    0.7044
    0.7073
    0.7035
    0.7014
    0.7023
    0.6899
    0.6961
    0.6967
    0.6962
    0.6953
    0.6980
    0.6918
    0.6839
    0.6813
    0.6844
    0.6882
    0.6870
    0.6823
    0.6765
    0.6779
    0.6721
    0.6583
    0.6590
    0.6549
    0.6567
    0.6617
    0.6624
    0.6680
    0.6689
    0.6726
    0.6738
    0.6715
    0.6644
    0.6621
    0.6626
    0.6569
    0.6550
    0.6534
    0.6502
    0.6501
    0.6545
    0.6553
    0.6529
    0.6475
    0.6487
    0.6509
    0.6488
    0.6472
    0.6518
    0.6610
    0.6593
    0.6567
    0.6542
    0.6490
    0.6486
    0.6504
    0.6456
    0.6378
    0.6387
    0.6400
    0.6412
    0.6400
    0.6347
    0.6355
    0.6361
    0.6390
    0.6379
    0.6396
    0.6442
    0.6397
    0.6347
    0.6310
    0.6297
    0.6252
    0.6240
    0.6202
    0.6124
    0.6164
    0.6120
    0.6106
    0.6136
    0.6188
    0.6177
    0.6142
    0.6110
    0.6131
    0.6148
    0.6168
    0.6171
    0.6179
    0.6176
    0.6171
    0.6172
    0.6160
    0.6105
    0.6104
    0.6070
    0.6078
    0.6074
    0.6053
    0.6073
    0.6073
    0.6058
    0.6046
    0.6037
    0.6041
    0.6052
    0.6059
    0.6048
    0.6053
    0.6071
    0.6069
    0.6081
    0.6084
    0.6083
    0.6109
    0.6117
    0.6155
    0.6153
    0.6147
    0.6139
    0.6122
    0.6141
    0.6140
    0.6147
    0.6105
    0.6102
    0.6101
    0.6112
    0.6138
    0.6167
    0.6180
    0.6165
    0.6193
    0.6208
    0.6202
    0.6206
    0.6206
    0.6228
    0.6233
    0.6209
    0.6164
    0.6172
    0.6132
    0.6122
    0.6107
    0.6106
    0.6101
    0.6084
    0.6063
    0.6086
    0.6069
    0.6120
    0.6109
    0.6096
    0.6097
    0.6063
    0.6051
    0.6062
    0.6043
    0.6037
    0.6051
    0.6094
    0.6106
    0.6106
    0.6071
    0.6071
    0.6072
    0.6027
    0.6042
    0.6067
    0.6084
    0.6098
    0.6098
    0.6097
    0.6093
    0.6046
    0.6029
    0.6015
    0.6035
    0.6067
    0.6081
    0.6081
    0.6076
    0.6114
    0.6129
    0.6105
    0.6099
    0.6157
    0.6089
    0.6087
    0.6084
    0.6083
    0.6055
    0.6013
    0.6045
    0.6077
    0.6074
    0.6088
    0.6050
    0.6003
    0.6001
    0.6000
    0.6039
    0.6104
    0.6083
    0.6123
    0.6229
    0.6228
    0.6208
    0.6208
    0.6238
    0.6201
    0.6158
    0.6140
    0.6068
    0.6057
    0.6019
    0.6009
    0.6009
    0.5993
    0.5979
    0.6043
    0.6057
    0.6042
    0.6088
    0.6111
    0.6126
    0.6126
    0.6096
    0.6137
    0.6129
    0.6065
    0.6025
    0.6057
    0.6102
    0.6077
    0.6077
    0.6032
    0.6060
    0.6054
    0.6085
    0.5991
    0.5868
    0.5853
    0.5892
    0.5932
    0.5932
    0.6046
    0.6059
    0.6045
    0.5962
    0.6045
    0.6167
    0.6136
    0.6146
    0.6146
    0.6065
    0.6100
    0.6156
    0.6263
    0.6233
    0.6227
    0.6125
    0.6153
    0.6153
    0.6084
    0.5960
    0.6072
    0.6046
    0.6145
    0.6196
    0.6245
    0.6440
    0.6440
    0.6393
    0.6512
    0.6750
    0.6624
    0.6671
    0.6871
    0.6808
    0.6758
    0.6758
    0.6471
    0.6542
    0.6702
    0.6811
    0.6802
    0.6779
    0.6853
    0.6766
    0.6766
    0.6847
    0.6787
    0.6751
    0.6811
    0.6952
    0.6942
    0.7298
    0.7365
    0.7522
    0.7522
    0.7692
    0.7585
    0.7548
    0.7496
    0.7261
    0.7209
    0.7494
    0.7614
    0.7614
    0.7765
    0.7685
    0.7645
    0.7998
    0.7844
    0.7917
    0.7889
    0.7810
    0.7810
    0.7756
    0.7892
    0.8181
    0.8126
    0.7899
    0.7807
