    0.7090
    0.7081
    0.7774
    0.8266
    0.2825
    0.2915
    0.7098
    0.5441
    0.5752
    0.5935
    0.5391
    0.5493
    0.5471
    0.5845
    0.6122
    0.5653
    0.4891
    0.4538
    0.4846
    0.5386
    0.5741
    0.6077
    0.6351
    0.6725
    0.6516
    0.6483
    0.6565
    0.6435
    0.6084
    0.6047
    0.6147
    0.6097
    0.5697
    0.5778
    0.5796
    0.6086
    0.5982
    0.5775
    0.5597
    0.5726
    0.6124
    0.6037
    0.6170
    0.6299
    0.6358
    0.6293
    0.6395
    0.6481
    0.6758
    0.6485
    0.6568
    0.6621
    0.6532
    0.6827
    0.6726
    0.6610
    0.6385
    0.6763
    0.7151
    0.7514
    0.7732
    0.7496
    0.8411
    0.8282
    0.8289
    0.9036
    0.9810
    0.9357
    0.9136
    0.9189
    1.0190
    0.9789
    0.9912
    0.9555
    0.9621
    0.9352
    0.9701
    1.0116
    0.9924
    0.9774
    1.0529
    0.9676
    0.9479
    0.9835
    0.8982
    0.9153
    0.9281
    0.9588
    0.9471
    0.9474
    0.9630
    0.9248
    0.9990
    0.9874
    0.9681
    1.0575
    0.9783
    1.0364
    1.0042
    1.0359
    1.0574
    1.0490
    1.0607
    1.0245
    1.0417
    1.0529
    1.1004
    1.1067
    1.1178
    1.1022
    1.1159
    1.0898
    1.0376
    1.0902
    1.0432
    1.0517
    0.9893
    1.0421
    1.0292
    1.0298
    0.9954
    1.0587
    1.0156
    1.0256
    1.0444
    1.0246
    1.0347
    1.0244
    1.0009
    0.9888
    1.0138
    0.9856
    0.9915
    0.9952
    0.9790
    0.9748
    1.0227
    1.0239
    1.0190
    0.9601
    0.9610
    1.0328
    1.0284
    1.0282
    1.0299
    1.0454
    1.0470
    1.0773
    1.0279
    1.0879
    1.0936
    1.0908
    1.1014
    1.1613
    1.1414
    1.1742
    1.1612
    1.1274
    1.1550
    1.1400
    1.0989
    1.0907
    1.0894
    1.0933
    1.1042
    1.0739
    1.1300
    1.1192
    1.1031
    1.1548
    1.2907
    1.5052
    1.5943
    1.5797
    1.4280
    1.3438
    1.2940
    1.2955
    1.2755
    1.2984
    1.3331
    1.3215
    1.3309
    1.3244
    1.3113
    1.3292
    1.3592
    1.4108
    1.4039
    1.4047
    1.4193
    1.4153
    1.4206
    1.4102
    1.4143
    1.3920
    1.3841
    1.4078
    1.3919
    1.3594
    1.3757
    1.3805
    1.3830
    1.4010
    1.4471
    1.4500
    1.4694
    1.4961
    1.5164
    1.5205
    1.5414
    1.5613
    1.5657
    1.5573
    1.5176
    1.4706
    1.4353
    1.4052
    1.4139
    1.4124
    1.4566
    1.4971
    1.5468
    1.5290
    1.5246
    1.5132
    1.5186
    1.5308
    1.5598
    1.5729
    1.5561
    1.5732
    1.6029
    1.6250
    1.5904
    1.5650
    1.5295
    1.5004
    1.5066
    1.5108
    1.5037
    1.5003
    1.4953
    1.4879
    1.4902
    1.4940
    1.4939
    1.4944
    1.5036
    1.4923
    1.5474
    1.6032
    1.5975
    1.5718
    1.5681
    1.5486
    1.5581
    1.5284
    1.5001
    1.5139
    1.5199
    1.4960
    1.4714
    1.4715
    1.4338
    1.4248
    1.4206
    1.4413
    1.4503
    1.4814
    1.4698
    1.4671
    1.4814
    1.4928
    1.5259
    1.5102
    1.4998
    1.5688
    1.5822
    1.5941
    1.5735
    1.6245
    1.6550
    1.6738
    1.6187
    1.5911
    1.5267
    1.5093
    1.5200
    1.4665
    1.4696
    1.4764
    1.4667
    1.4825
    1.4762
    1.4700
    1.4718
    1.4631
    1.4681
    1.4936
    1.4883
    1.4909
    1.4998
    1.4918
    1.4784
    1.4414
    1.4285
    1.4452
    1.4453
    1.4576
    1.4718
    1.4880
    1.4782
    1.4774
    1.4852
    1.4558
    1.4430
    1.4465
    1.4678
    1.4814
    1.4754
    1.4886
    1.5000
    1.5104
    1.5054
    1.5178
    1.5161
    1.5181
    1.4921
    1.4815
    1.5012
    1.5100
    1.5075
    1.5070
    1.5097
    1.5042
    1.4895
    1.4892
    1.4575
    1.4510
    1.4603
    1.4656
    1.4953
    1.4872
    1.4828
    1.4669
    1.4817
    1.4866
    1.4873
    1.4775
    1.4539
    1.4439
    1.4405
    1.4469
    1.4504
    1.4624
    1.4761
    1.4756
    1.5201
    1.5653
    1.5773
    1.5794
    1.5831
    1.5664
    1.6070
    1.6321
    1.6384
    1.6215
    1.6265
    1.6274
    1.5931
    1.5665
    1.5589
    1.5573
    1.5749
    1.5733
    1.5685
    1.5850
    1.5912
    1.5963
    1.6125
    1.6186
    1.6362
    1.6725
    1.6683
    1.6957
    1.7285
    1.7165
    1.7125
    1.7144
    1.7170
    1.7494
    1.7614
    1.7804
    1.7640
    1.7904
    1.7940
    1.8045
    1.7833
    1.7652
    1.7554
    1.7493
    1.7279
    1.7193
    1.7293
    1.7263
    1.7281
    1.7170
    1.7143
    1.7159
    1.7151
    1.7181
    1.7165
    1.7161
    1.7155
    1.7289
    1.7346
    1.7394
    1.7342
    1.7497
    1.7668
    1.7684
    1.7720
    1.7553
    1.7398
    1.7381
    1.7498
    1.7730
    1.7713
    1.7906
    1.8057
    1.8178
    1.8177
    1.8009
    1.8003
    1.8028
    1.7879
    1.7830
    1.7790
    1.7786
    1.8036
    1.8142
    1.8343
    1.8493
    1.8550
    1.8689
    1.8748
    1.8709
    1.8738
    1.9095
    1.9377
    1.9372
    1.9318
    1.9047
    1.8934
    1.9001
    1.9043
    1.9380
    1.9337
    1.9357
    1.9491
    1.9452
    1.9432
    1.9339
    1.9433
    1.9540
    1.9701
    1.9697
    1.9799
    2.0135
    2.0347
    2.0188
    2.0287
    2.0189
    2.0390
    2.0480
    2.0429
    2.0563
    2.0578
    2.0512
    2.0400
    2.0508
    2.0167
    2.0034
    2.0139
    2.0119
    2.0111
    1.9835
    1.9922
    1.9487
    1.9348
    1.9345
    1.9191
    1.8846
    1.8585
    1.8349
    1.8023
    1.8031
    1.7916
    1.7562
    1.7577
    1.7805
    1.8086
    1.8279
    1.8426
    1.8530
    1.8517
    1.8556
    1.8619
    1.8647
    1.8709
    1.8824
    1.8817
    1.8721
    1.8610
    1.8447
    1.8249
    1.8046
    1.7952
    1.7865
    1.7733
    1.7483
    1.7685
    1.7774
    1.7695
    1.7761
    1.7967
    1.7934
    1.7806
    1.7751
    1.7844
    1.7816
    1.7861
    1.7937
    1.7888
    1.7626
    1.7444
    1.7338
    1.7181
    1.7127
    1.7189
    1.6995
    1.7135
    1.7060
    1.6855
    1.6567
    1.6464
    1.6197
    1.6202
    1.6216
    1.6192
    1.6367
    1.6391
    1.6399
    1.6343
    1.6267
    1.6233
    1.6270
    1.6214
    1.6215
    1.6091
    1.6040
    1.6088
    1.5840
    1.5535
    1.5398
    1.5312
    1.5077
    1.5177
    1.5178
    1.5241
    1.5372
    1.5248
    1.5218
    1.5293
    1.5313
    1.5207
    1.4935
    1.4731
    1.4538
    1.4471
    1.4510
    1.4508
    1.4502
    1.4395
    1.4413
    1.4440
    1.4471
    1.4368
    1.4335
    1.4388
    1.4371
    1.4347
    1.4283
    1.4264
    1.4159
    1.4079
    1.4063
    1.3983
    1.3760
    1.3733
    1.3703
    1.3621
    1.3552
    1.3556
    1.3578
    1.3525
    1.3543
    1.3643
    1.3688
    1.3643
    1.3647
    1.3590
    1.3666
    1.3581
    1.3483
    1.3570
    1.3607
    1.3567
    1.3605
    1.3810
    1.3910
    1.4008
    1.4114
    1.4110
    1.4234
    1.4387
    1.4308
    1.4348
    1.4451
    1.4387
    1.4308
    1.4265
    1.4133
    1.4024
    1.3990
    1.3941
    1.3969
    1.3947
    1.3911
    1.3794
    1.3741
    1.3769
    1.3754
    1.3568
    1.3447
    1.3365
    1.3261
    1.3192
    1.3182
    1.3138
    1.3103
    1.3132
    1.3118
    1.3045
    1.3077
    1.3072
    1.2946
    1.2775
    1.2786
    1.2732
    1.2573
    1.2467
    1.2392
    1.2342
    1.2337
    1.2277
    1.2295
    1.2159
    1.2024
    1.1965
    1.1871
    1.1821
    1.1851
    1.1885
    1.1883
    1.1875
    1.1842
    1.1867
    1.1839
    1.1850
    1.1786
    1.1740
    1.1505
    1.1398
    1.1272
    1.1295
    1.1269
    1.1255
    1.1333
    1.1393
    1.1395
    1.1384
    1.1405
    1.1355
    1.1320
    1.1327
    1.1287
    1.1286
    1.1265
    1.1214
    1.1137
    1.0962
    1.0894
    1.0776
    1.0777
    1.0781
    1.0801
    1.0746
    1.0743
    1.0714
    1.0791
    1.0810
    1.0840
    1.0902
    1.0941
    1.0907
    1.0839
    1.0753
    1.0655
    1.0621
    1.0663
    1.0699
    1.0719
    1.0753
    1.0751
    1.0831
    1.0948
    1.1083
    1.1098
    1.1152
    1.1152
    1.1118
    1.1165
    1.1227
    1.1165
    1.1123
    1.1060
    1.1000
    1.1003
    1.0954
    1.0959
    1.0935
    1.0754
    1.0723
    1.0716
    1.0728
    1.0739
    1.0730
    1.0810
    1.0808
    1.0830
    1.0853
    1.0889
    1.0881
    1.0918
    1.0897
    1.0889
    1.0919
    1.0792
    1.0678
    1.0568
    1.0537
    1.0495
    1.0549
    1.0470
    1.0387
    1.0382
    1.0408
    1.0458
    1.0454
    1.0557
    1.0607
    1.0600
    1.0645
    1.0694
    1.0660
    1.0624
    1.0598
    1.0567
    1.0500
    1.0454
    1.0390
    1.0316
    1.0284
    1.0214
    1.0195
    1.0153
    1.0152
    1.0054
    1.0059
    1.0043
    1.0088
    1.0053
    1.0078
    1.0122
    1.0129
    1.0124
    1.0139
    1.0139
    1.0135
    1.0158
    1.0175
    1.0191
    1.0154
    1.0146
    1.0121
    1.0169
    1.0169
    1.0132
    1.0123
    1.0176
    1.0185
    1.0215
    1.0261
    1.0255
    1.0286
    1.0358
    1.0403
    1.0426
    1.0514
    1.0513
    1.0486
    1.0550
    1.0562
    1.0631
    1.0601
    1.0644
    1.0689
    1.0743
    1.0713
    1.0700
    1.0687
    1.0759
    1.0756
    1.0799
    1.0740
    1.0734
    1.0713
    1.0717
    1.0660
    1.0662
    1.0712
    1.0708
    1.0754
    1.0781
    1.0796
    1.0803
    1.0812
    1.0780
    1.0797
    1.0792
    1.0784
    1.0768
    1.0768
    1.0736
    1.0734
    1.0690
    1.0700
    1.0750
    1.0846
    1.0839
    1.0895
    1.0999
    1.1064
    1.1102
    1.1122
    1.1186
    1.1130
    1.1081
    1.1072
    1.1000
    1.0970
    1.0922
    1.0865
    1.0850
    1.0838
    1.0797
    1.0777
    1.0767
    1.0719
    1.0714
    1.0744
    1.0800
    1.0901
    1.0913
    1.0955
    1.1066
    1.1056
    1.1048
    1.1059
    1.0998
    1.0938
    1.0888
    1.0873
    1.0957
    1.0954
    1.0897
    1.0882
    1.0761
    1.0650
    1.0603
    1.0527
    1.0536
    1.0569
    1.0526
    1.0601
    1.0590
    1.0565
    1.0574
    1.0544
    1.0392
    1.0321
    1.0222
    1.0156
    1.0046
    1.0046
    1.0015
    0.9934
    0.9918
    0.9844
    0.9753
    0.9712
    0.9618
    0.9625
    0.9625
    0.9467
    0.9593
    0.9661
    0.9696
    0.9742
    0.9681
    0.9683
    0.9746
    0.9746
    0.9777
    0.9914
    1.0094
    1.0041
    0.9966
    0.9897
    0.9922
    0.9866
    0.9743
    0.9743
    0.9715
    0.9664
    0.9630
    0.9602
    0.9526
    0.9526
    0.9554
    0.9549
    0.9549
    0.9434
    0.9388
    0.9631
    0.9714
    1.0031
    1.0252
    1.0344
    1.0387
    1.0387
    1.0145
    1.0215
    1.0329
    1.0313
    1.0221
    1.0065
    0.9853
    0.9756
    0.9756
    0.9510
    0.9212
    0.9117
    0.9087
    0.8960
    0.8869
    0.8808
    0.8872
    0.8872
    0.9012
    0.9120
    0.9099
    0.8998
    0.8900
    0.8966
    0.9013
    0.8927
    0.8927
    0.8864
    0.8824
    0.8806
    0.8774
    0.8785
    0.8726
    0.8537
    0.8242
    0.8054
    0.8054
    0.8063
    0.7979
    0.7713
    0.7693
    0.7668
    0.7631
    0.7589
    0.7361
    0.7361
    0.7178
    0.6963
    0.6639
    0.6424
    0.6408
    0.6383
    0.6429
    0.6341
    0.6341
    0.6321
    0.6303
    0.6316
    0.6297
    0.6259
    0.6360
