    3.6453
    3.6896
    2.9998
    1.7213
    1.7309
    1.1665
    2.0338
    0.6677
    1.4252
    1.0800
    1.5117
    0.9366
    0.9918
    1.1382
    1.6149
    2.5921
    1.9466
    1.8923
    2.0612
    2.1811
    2.8852
    3.4435
    3.5056
    3.5456
    4.0377
    4.3399
    3.9136
    4.2819
    4.0709
    3.6655
    3.9787
    3.7760
    4.5569
    4.4344
    4.0544
    4.5443
    4.7321
    5.0481
    4.7709
    4.7976
    4.5973
    4.1566
    4.0925
    4.5691
    4.2660
    4.7031
    4.7371
    4.5992
    5.1882
    5.2040
    5.2588
    5.7441
    6.1678
    7.1296
    6.8661
    5.7871
    5.2890
    4.3452
    3.7712
    3.6334
    3.0709
    2.8201
    2.8562
    2.6158
    2.3810
    2.4126
    2.4180
    1.9891
    1.8650
    1.8780
    1.8459
    1.8726
    1.9441
    2.1197
    2.2795
    2.1776
    2.2515
    2.1058
    1.9947
    2.0887
    2.0548
    1.9766
    2.0353
    1.8577
    1.7796
    1.9508
    1.7934
    1.7704
    1.7979
    1.7702
    1.5755
    1.6186
    1.5392
    1.5477
    1.4751
    1.5438
    1.5718
    1.7441
    1.8369
    1.7363
    1.7154
    1.6568
    1.7007
    1.6646
    1.6326
    1.6672
    1.7551
    1.7566
    1.8970
    1.8459
    1.8093
    1.7270
    1.7888
    1.9112
    1.9926
    1.8460
    1.8505
    1.7863
    1.8000
    1.7701
    1.7273
    1.6612
    1.6765
    1.6155
    1.5811
    1.6209
    1.6316
    1.7174
    1.7074
    1.7357
    1.7395
    1.7590
    1.7801
    1.7098
    1.6769
    1.5647
    1.4782
    1.4305
    1.4234
    1.4702
    1.4637
    1.4044
    1.3117
    1.2925
    1.3212
    1.3486
    1.3878
    1.3831
    1.3512
    1.3173
    1.3083
    1.3270
    1.3253
    1.3485
    1.2913
    1.2970
    1.3103
    1.3124
    1.3180
    1.3188
    1.3325
    1.3227
    1.2862
    1.2742
    1.2716
    1.2707
    1.2582
    1.2675
    1.2847
    1.2633
    1.2792
    1.3427
    1.3086
    1.3290
    1.3806
    1.3416
    1.3071
    1.3231
    1.2994
    1.2925
    1.3091
    1.2432
    1.2727
    1.3343
    1.3345
    1.3200
    1.3070
    1.3393
    1.3612
    1.4299
    1.3820
    1.3853
    1.3730
    1.3762
    1.3948
    1.3733
    1.3352
    1.3442
    1.3747
    1.3594
    1.3433
    1.3404
    1.3089
    1.3111
    1.2567
    1.2634
    1.2542
    1.2400
    1.2263
    1.2338
    1.1813
    1.1658
    1.1860
    1.1874
    1.1858
    1.1685
    1.1661
    1.1783
    1.1578
    1.1510
    1.1423
    1.1543
    1.1620
    1.1671
    1.2141
    1.1727
    1.1778
    1.1650
    1.1672
    1.1560
    1.1545
    1.1423
    1.1444
    1.1620
    1.1477
    1.1388
    1.1230
    1.1096
    1.0918
    1.0540
    1.0577
    1.0364
    1.0214
    1.0186
    1.0263
    1.0204
    1.0168
    1.0182
    1.0274
    1.0337
    1.0246
    1.0258
    1.0413
    1.0563
    1.0575
    1.0457
    1.0395
    1.0467
    1.0499
    1.0497
    1.0459
    1.0262
    1.0321
    1.0109
    1.0367
    1.0496
    1.0529
    1.0520
    1.0394
    1.0470
    1.0393
    1.0404
    1.0192
    1.0242
    1.0365
    1.0419
    1.0237
    0.9785
    0.9797
    0.9662
    0.9587
    0.9422
    0.9301
    0.9308
    0.9267
    0.9290
    0.9228
    0.9245
    0.9308
    0.9271
    0.9201
    0.9075
    0.9073
    0.9115
    0.9001
    0.9059
    0.9112
    0.9036
    0.9033
    0.8943
    0.8994
    0.9072
    0.9095
    0.8955
    0.9100
    0.9096
    0.9036
    0.8856
    0.8784
    0.8613
    0.8417
    0.8446
    0.8450
    0.8429
    0.8351
    0.8374
    0.8435
    0.8526
    0.8447
    0.8423
    0.8559
    0.8571
    0.8590
    0.8620
    0.8506
    0.8590
    0.8752
    0.8672
    0.8762
    0.8610
    0.8706
    0.8784
    0.8888
    0.8949
    0.9044
    0.9033
    0.9043
    0.9170
    0.9302
    0.9372
    0.9450
    0.9492
    0.9623
    0.9638
    0.9524
    0.9466
    0.9584
    0.9838
    0.9924
    1.0170
    1.0354
    1.0605
    1.0751
    1.0870
    1.0901
    1.0834
    1.0944
    1.0925
    1.0868
    1.1026
    1.0988
    1.1099
    1.1135
    1.1297
    1.1502
    1.1591
    1.1646
    1.1996
    1.2083
    1.2157
    1.2205
    1.2113
    1.2147
    1.2101
    1.2133
    1.2416
    1.2495
    1.2590
    1.2690
    1.2623
    1.2546
    1.2557
    1.2797
    1.2999
    1.3222
    1.3387
    1.3456
    1.3691
    1.3798
    1.4167
    1.4350
    1.4666
    1.4817
    1.5013
    1.4905
    1.4961
    1.5054
    1.4951
    1.5064
    1.4926
    1.5119
    1.4860
    1.4914
    1.5073
    1.4990
    1.5067
    1.5065
    1.4962
    1.5259
    1.5102
    1.5096
    1.4945
    1.4893
    1.4994
    1.5023
    1.5067
    1.4920
    1.4833
    1.4920
    1.4843
    1.4699
    1.4922
    1.4985
    1.5069
    1.5238
    1.5034
    1.4947
    1.5150
    1.5127
    1.5245
    1.5136
    1.5231
    1.5485
    1.5721
    1.5822
    1.5665
    1.5521
    1.5374
    1.5686
    1.5671
    1.5774
    1.5907
    1.5891
    1.5843
    1.5981
    1.6106
    1.6098
    1.6129
    1.6162
    1.6115
    1.6230
    1.6215
    1.6339
    1.6261
    1.6340
    1.6306
    1.6245
    1.6006
    1.6130
    1.6043
    1.6060
    1.6261
    1.6311
    1.6093
    1.6184
    1.6267
    1.6199
    1.6246
    1.6442
    1.6302
    1.6091
    1.6164
    1.6034
    1.5857
    1.5839
    1.5805
    1.5745
    1.5795
    1.5789
    1.5791
    1.5727
    1.5536
    1.5470
    1.5531
    1.5548
    1.5587
    1.5543
    1.5524
    1.5409
    1.5347
    1.5198
    1.5284
    1.5271
    1.5372
    1.5478
    1.5286
    1.5227
    1.5432
    1.5292
    1.5118
    1.5130
    1.4990
    1.5077
    1.5123
    1.5061
    1.5003
    1.5355
    1.5469
    1.5403
    1.5348
    1.5369
    1.5414
    1.5590
    1.5498
    1.5436
    1.5370
    1.5441
    1.5387
    1.5449
    1.5396
    1.5427
    1.5360
    1.5381
    1.5494
    1.5642
    1.5562
    1.5435
    1.5506
    1.5579
    1.5532
    1.5331
    1.5250
    1.5293
    1.5248
    1.5156
    1.5178
    1.5271
    1.5291
    1.5255
    1.5237
    1.5194
    1.5114
    1.5213
    1.5132
    1.4866
    1.4704
    1.4659
    1.4553
    1.4548
    1.4427
    1.4466
    1.4516
    1.4297
    1.4286
    1.4255
    1.4193
    1.4146
    1.4094
    1.3980
    1.4003
    1.3992
    1.3784
    1.3779
    1.3788
    1.3729
    1.3890
    1.3794
    1.3778
    1.3671
    1.3798
    1.3801
    1.3681
    1.3583
    1.3536
    1.3575
    1.3502
    1.3579
    1.3533
    1.3408
    1.3270
    1.3168
    1.3025
    1.2862
    1.2899
    1.2875
    1.2833
    1.2831
    1.2726
    1.2722
    1.2564
    1.2456
    1.2511
    1.2529
    1.2481
    1.2461
    1.2395
    1.2334
    1.2311
    1.2274
    1.2213
    1.2241
    1.2213
    1.2247
    1.2247
    1.2200
    1.2172
    1.2216
    1.2210
    1.2170
    1.2097
    1.1944
    1.1919
    1.1909
    1.1914
    1.1933
    1.1898
    1.1870
    1.1839
    1.1890
    1.1835
    1.1727
    1.1584
    1.1534
    1.1503
    1.1425
    1.1333
    1.1178
    1.1131
    1.1285
    1.1344
    1.1347
    1.1387
    1.1391
    1.1343
    1.1398
    1.1426
    1.1455
    1.1383
    1.1237
    1.1211
    1.1197
    1.1193
    1.1265
    1.1194
    1.1235
    1.1311
    1.1314
    1.1314
    1.1227
    1.1252
    1.1229
    1.1180
    1.1210
    1.1210
    1.1228
    1.1156
    1.1165
    1.1115
    1.1027
    1.1018
    1.0876
    1.0895
    1.0877
    1.0954
    1.0921
    1.0916
    1.0946
    1.0916
    1.0862
    1.0886
    1.0956
    1.0997
    1.0970
    1.0967
    1.0973
    1.0943
    1.0911
    1.0845
    1.0871
    1.0787
    1.0782
    1.0823
    1.0810
    1.0769
    1.0746
    1.0816
    1.0826
    1.0833
    1.0855
    1.0868
    1.0915
    1.0972
    1.1030
    1.0993
    1.0902
    1.0906
    1.0897
    1.0957
    1.0958
    1.0903
    1.0928
    1.0924
    1.0937
    1.0979
    1.0941
    1.0939
    1.0908
    1.1037
    1.1124
    1.1131
    1.1191
    1.1200
    1.1147
    1.1188
    1.1194
    1.1247
    1.1300
    1.1287
    1.1350
    1.1376
    1.1396
    1.1495
    1.1498
    1.1487
    1.1464
    1.1543
    1.1720
    1.1797
    1.1858
    1.2057
    1.2047
    1.2180
    1.2293
    1.2381
    1.2701
    1.2706
    1.2772
    1.2842
    1.2871
    1.2973
    1.2882
    1.2964
    1.3030
    1.3322
    1.3422
    1.3488
    1.3576
    1.3654
    1.3663
    1.3768
    1.3909
    1.4018
    1.4128
    1.4255
    1.4323
    1.4497
    1.4514
    1.4530
    1.4559
    1.4684
    1.4733
    1.4874
    1.4920
    1.5070
    1.5168
    1.5178
    1.5266
    1.5304
    1.5407
    1.5414
    1.5459
    1.5573
    1.5575
    1.5686
    1.5768
    1.5973
    1.5993
    1.6106
    1.6092
    1.6155
    1.6220
    1.6293
    1.6420
    1.6533
    1.6598
    1.6690
    1.6926
    1.7039
    1.7074
    1.7295
    1.7398
    1.7477
    1.7472
    1.7487
    1.7561
    1.7662
    1.7661
    1.7696
    1.7787
    1.7723
    1.7748
    1.7694
    1.7687
    1.7844
    1.8008
    1.7919
    1.7939
    1.8009
    1.8099
    1.8033
    1.8199
    1.8160
    1.8095
    1.8107
    1.8172
    1.8180
    1.8312
    1.8506
    1.8527
    1.8622
    1.8695
    1.8730
    1.8798
    1.8801
    1.8812
    1.8928
    1.9042
    1.9093
    1.9137
    1.9460
    1.9587
    2.0000
    2.0024
    2.0132
    2.0141
    2.0274
    2.0332
    2.0367
    2.0328
    2.0390
    2.0568
    2.0751
    2.0895
    2.0900
    2.0909
    2.0861
    2.0741
    2.0922
    2.0986
    2.1086
    2.1188
    2.1215
    2.1215
    2.1411
    2.1525
    2.1596
    2.1922
    2.1993
    2.1943
    2.2072
    2.2168
    2.2170
    2.2271
    2.2395
    2.2453
    2.2520
    2.2576
    2.2587
    2.2619
    2.2846
    2.2850
    2.2901
    2.2983
    2.3237
    2.3423
    2.3768
    2.3940
    2.4111
    2.4013
    2.4015
    2.4134
    2.4262
    2.4391
    2.4406
    2.4629
    2.4717
    2.4873
    2.4953
    2.5154
    2.5157
    2.5182
    2.5111
    2.5090
    2.5133
    2.5070
    2.5139
    2.5376
    2.5376
    2.5384
    2.5466
    2.5709
    2.5559
    2.5781
    2.5943
    2.5926
    2.5923
    2.6380
    2.6382
    2.6614
    2.6458
    2.6913
    2.7030
    2.7500
    2.7508
    2.7140
    2.7095
    2.7095
    2.6970
    2.7130
    2.6936
    2.7432
    2.7403
    2.7130
    2.7002
    2.6782
    2.6782
    2.6316
    2.6621
    2.6332
    2.6199
    2.6271
    2.6291
    2.6711
    2.6591
    2.6591
    2.6409
    2.6136
    2.6014
    2.6154
    2.6481
    2.6672
    2.6614
    2.7147
    2.7405
    2.7405
    2.7140
    2.6975
    2.7115
    2.6716
    2.6241
    2.6532
    2.6228
    2.6307
    2.6307
    2.6346
    2.6390
    2.6654
    2.6537
    2.6409
    2.6100
    2.6202
    2.5768
    2.5768
    2.5411
    2.5965
    2.6099
    2.6229
    2.6300
    2.6587
    2.6829
    2.6781
    2.6781
    2.6782
    2.7060
    2.6731
    2.6388
    2.5905
    2.5705
    2.6354
    2.6564
    2.6564
    2.6754
    2.6229
    2.5991
    2.6261
    2.6133
    2.6639
    2.6832
    2.6221
    2.6221
    2.6792
    2.6918
    2.7592
    2.7342
    2.7351
    2.7655
    2.7745
    2.7380
    2.6886
    2.6886
    2.8008
    2.7579
    2.7800
    2.8371
    2.7972
    2.8512
    2.9210
    2.9667
    2.9667
    2.9853
    3.1561
    3.1111
    3.0856
    3.0483
    3.2487
    3.2525
    3.2383
    3.2383
    3.3153
    3.2515
    3.3254
    3.2397
    3.3034
    3.3723
