    0.9059
    0.9279
    0.8913
    1.1312
    3.6974
    1.5187
    4.1556
    1.0310
    1.6219
    2.1359
    1.9407
    2.8019
    3.3823
    4.2638
    4.6576
    5.0665
    6.2226
    5.3120
    5.1186
    3.8864
    3.4869
    3.1796
    2.9915
    2.6317
    2.4530
    2.3310
    2.0188
    1.5490
    1.1419
    1.1077
    0.8536
    0.7533
    0.8696
    0.8919
    1.0404
    1.0505
    0.9672
    0.9783
    1.1136
    1.1254
    0.8911
    0.8564
    0.8545
    0.8674
    0.9043
    0.8948
    0.9159
    0.9435
    1.0094
    0.9487
    1.0295
    1.2089
    1.3480
    1.3226
    1.4158
    1.6050
    1.4455
    1.4877
    1.5321
    1.5424
    1.5329
    1.5275
    1.6050
    1.5046
    1.5346
    1.4578
    1.3964
    1.4301
    1.4131
    1.3094
    1.3125
    1.2921
    1.2929
    1.2669
    1.2529
    1.2996
    1.2801
    1.2981
    1.2729
    1.2764
    1.2669
    1.2552
    1.2361
    1.2017
    1.1681
    1.0979
    1.1078
    1.1585
    1.3094
    1.3648
    1.3753
    1.3737
    1.4697
    1.4297
    1.4367
    1.3929
    1.4198
    1.4212
    1.5122
    1.5283
    1.5306
    1.5183
    1.6098
    1.6073
    1.6545
    1.7859
    1.8417
    1.9612
    1.9888
    2.0381
    1.9939
    1.9051
    1.8713
    1.8324
    1.8662
    1.9377
    1.8900
    1.8431
    1.8120
    1.8697
    1.8942
    1.9476
    1.9961
    2.0012
    2.0176
    2.0831
    2.1518
    2.2707
    2.2688
    2.0869
    2.1991
    2.1960
    2.1129
    2.1251
    2.0534
    2.1051
    2.0393
    2.0721
    1.9112
    1.9024
    1.9598
    1.9887
    2.0864
    2.0528
    2.0544
    2.0245
    2.0414
    2.0556
    2.1914
    2.2922
    2.2608
    2.3617
    2.3074
    2.3746
    2.4755
    2.5111
    2.5795
    2.5579
    2.5747
    2.4833
    2.4242
    2.4786
    2.5381
    2.5598
    2.5686
    2.5371
    2.5859
    2.5806
    2.6334
    2.7571
    2.7103
    2.7542
    2.7854
    2.9782
    3.0326
    3.1084
    3.1266
    3.1081
    3.2082
    3.1944
    3.1878
    3.2675
    3.2918
    3.3023
    3.3360
    3.3085
    3.2578
    3.2451
    3.2101
    3.2838
    3.3402
    3.3712
    3.4658
    3.4107
    3.4129
    3.5327
    3.4817
    3.4057
    3.4638
    3.5326
    3.6711
    3.6759
    3.7036
    3.7972
    3.9202
    3.9628
    3.9562
    3.8241
    3.7471
    3.7890
    3.7154
    3.7253
    3.6429
    3.6701
    3.5804
    3.4218
    3.2913
    3.3006
    3.2192
    3.1591
    3.0980
    3.0792
    3.0430
    3.0315
    3.0173
    3.0507
    3.0122
    3.0531
    3.0589
    3.0610
    3.0667
    3.0669
    3.0691
    3.0657
    3.1237
    3.1448
    3.0980
    3.0781
    3.0871
    3.0816
    3.0725
    3.0240
    2.9810
    2.9546
    2.9595
    2.9309
    2.9096
    2.9028
    2.9283
    2.9581
    2.9573
    2.9088
    2.9092
    2.9076
    2.9132
    2.8211
    2.8294
    2.7780
    2.7711
    2.7141
    2.7123
    2.6755
    2.6552
    2.6333
    2.5604
    2.5774
    2.5712
    2.5329
    2.4490
    2.3845
    2.4089
    2.4961
    2.5344
    2.5133
    2.4821
    2.4871
    2.4998
    2.4566
    2.4955
    2.4954
    2.4938
    2.4375
    2.4021
    2.3480
    2.3039
    2.2879
    2.2467
    2.2733
    2.2778
    2.2541
    2.2589
    2.2410
    2.2473
    2.2313
    2.2525
    2.2193
    2.2395
    2.2594
    2.2385
    2.2212
    2.1864
    2.1913
    2.1854
    2.1957
    2.2211
    2.2522
    2.2931
    2.3384
    2.3242
    2.3801
    2.4310
    2.4647
    2.4807
    2.4969
    2.4921
    2.5379
    2.5508
    2.5030
    2.5005
    2.5179
    2.5381
    2.5402
    2.5438
    2.5216
    2.5571
    2.5671
    2.6249
    2.6131
    2.6433
    2.6601
    2.6590
    2.7115
    2.7234
    2.8096
    2.8025
    2.8332
    2.8350
    2.8815
    2.9445
    2.9408
    2.9918
    3.0028
    3.0963
    3.1663
    3.1830
    3.2020
    3.2541
    3.3694
    3.4122
    3.4362
    3.4673
    3.5253
    3.5283
    3.6168
    3.6705
    3.7643
    3.8842
    3.8921
    3.9584
    4.0135
    4.0417
    4.1083
    4.1015
    4.0661
    4.1407
    4.1532
    4.1731
    4.1424
    4.0741
    4.0814
    4.1202
    4.0584
    4.0420
    3.9910
    3.9582
    3.9238
    3.8898
    3.9082
    3.8848
    3.8907
    3.9118
    3.9309
    3.9228
    3.9100
    3.8808
    3.8550
    3.8296
    3.7595
    3.7438
    3.7048
    3.6537
    3.6472
    3.6072
    3.5870
    3.6084
    3.5970
    3.5849
    3.5418
    3.5390
    3.5912
    3.5535
    3.5563
    3.5886
    3.6250
    3.6001
    3.6011
    3.6424
    3.6508
    3.6094
    3.6104
    3.6093
    3.6278
    3.6329
    3.6176
    3.6554
    3.6357
    3.6003
    3.5958
    3.5963
    3.5922
    3.6214
    3.6489
    3.6013
    3.5649
    3.5680
    3.5381
    3.3652
    3.2906
    3.2612
    3.2568
    3.2863
    3.2218
    3.2283
    3.2232
    3.2123
    3.2110
    3.1921
    3.1275
    3.0915
    3.1098
    3.1314
    3.1317
    3.0746
    3.0802
    3.0825
    3.0623
    3.0691
    3.0284
    3.0087
    3.0081
    3.0180
    3.0029
    2.9725
    2.9543
    2.9230
    2.9353
    2.9158
    2.8919
    2.8859
    2.8572
    2.8577
    2.8407
    2.8453
    2.8406
    2.8524
    2.8378
    2.8331
    2.8308
    2.8675
    2.9035
    2.8974
    2.9124
    2.8962
    2.9362
    2.9536
    2.9752
    2.9745
    3.0019
    3.0058
    2.9891
    2.9924
    2.9682
    2.9865
    2.9915
    2.9945
    2.9986
    2.9939
    2.9769
    2.9682
    2.9755
    2.9400
    2.9380
    2.9090
    2.8771
    2.8843
    2.8793
    2.8800
    2.8406
    2.7311
    2.5264
    2.4859
    2.4892
    2.4506
    2.4550
    2.4469
    2.4347
    2.4234
    2.3911
    2.3549
    2.3276
    2.3188
    2.3083
    2.3015
    2.3056
    2.3163
    2.3220
    2.3041
    2.2913
    2.2806
    2.2589
    2.2650
    2.2433
    2.2551
    2.2472
    2.2413
    2.2419
    2.2508
    2.2810
    2.2864
    2.2707
    2.3050
    2.3421
    2.3572
    2.3578
    2.3777
    2.3829
    2.4218
    2.5427
    2.6973
    2.6939
    2.6935
    2.7320
    2.7094
    2.7394
    2.7416
    2.7083
    2.6569
    2.6703
    2.6911
    2.6931
    2.7039
    2.7025
    2.7103
    2.6870
    2.6605
    2.6515
    2.6433
    2.6612
    2.6557
    2.6629
    2.6759
    2.6555
    2.6425
    2.6374
    2.6104
    2.6106
    2.6232
    2.6173
    2.6044
    2.5883
    2.5877
    2.5943
    2.5823
    2.5564
    2.5703
    2.5732
    2.5745
    2.5845
    2.5929
    2.5758
    2.5676
    2.5893
    2.5890
    2.5866
    2.6004
    2.5924
    2.5929
    2.6260
    2.6410
    2.6530
    2.6499
    2.6325
    2.6320
    2.6423
    2.6251
    2.6280
    2.6186
    2.6003
    2.6010
    2.5714
    2.5578
    2.5591
    2.5284
    2.5317
    2.5332
    2.5343
    2.5238
    2.5197
    2.4989
    2.4729
    2.4523
    2.4572
    2.4309
    2.4117
    2.4131
    2.4396
    2.4210
    2.4436
    2.4362
    2.4280
    2.4482
    2.4541
    2.4553
    2.4563
    2.4783
    2.4863
    2.5109
    2.5257
    2.5510
    2.7032
    2.7424
    2.7302
    2.7377
    2.7638
    2.7584
    2.7682
    2.7610
    2.7628
    2.7725
    2.7990
    2.8011
    2.7882
    2.8158
    2.8123
    2.7951
    2.8033
    2.8007
    2.8085
    2.8230
    2.7834
    2.7761
    2.7806
    2.7869
    2.7798
    2.7997
    2.7908
    2.8169
    2.8124
    2.8426
    2.8554
    2.8749
    2.8973
    2.9087
    2.8960
    2.8458
    2.8607
    2.8542
    2.8101
    2.8308
    2.8290
    2.8094
    2.8334
    2.8328
    2.8496
    2.8421
    2.8383
    2.8343
    2.8021
    2.8116
    2.7921
    2.8116
    2.8159
    2.8267
    2.8095
    2.8248
    2.8688
    2.9065
    2.9133
    2.9778
    2.9863
    3.0145
    3.0290
    3.0415
    3.0391
    3.0792
    3.1125
    3.1440
    3.2008
    3.2267
    3.2598
    3.2847
    3.3134
    3.3757
    3.3870
    3.3789
    3.3903
    3.3825
    3.3951
    3.4210
    3.4246
    3.4730
    3.5014
    3.5187
    3.5160
    3.5175
    3.5112
    3.5102
    3.5187
    3.5514
    3.5570
    3.5654
    3.5954
    3.6296
    3.6548
    3.6552
    3.6655
    3.7157
    3.7071
    3.7030
    3.7136
    3.7160
    3.7327
    3.7347
    3.7661
    3.7853
    3.7966
    3.7857
    3.8335
    3.8412
    3.8682
    3.8493
    3.8481
    3.8860
    3.8581
    3.8638
    3.8720
    3.8766
    3.8419
    3.8797
    3.8834
    3.8624
    3.8583
    3.8739
    3.8833
    3.8921
    3.8931
    3.9152
    3.9268
    3.9645
    3.9478
    3.9242
    3.9265
    3.9110
    3.8900
    3.8785
    3.8799
    3.8903
    3.8964
    3.9241
    3.8991
    3.8932
    3.9119
    3.9385
    3.9668
    3.9733
    3.9560
    3.9833
    3.9776
    4.0066
    4.0093
    4.0329
    4.0078
    4.0467
    4.0660
    4.0755
    4.0923
    4.1013
    4.1179
    4.1135
    4.1218
    4.1317
    4.1270
    4.1627
    4.1825
    4.1923
    4.2095
    4.2123
    4.2108
    4.2158
    4.2509
    4.2701
    4.3030
    4.3128
    4.3134
    4.3185
    4.2995
    4.2951
    4.2964
    4.3179
    4.3306
    4.3269
    4.3461
    4.3546
    4.3567
    4.3600
    4.3653
    4.3567
    4.3595
    4.4008
    4.4198
    4.4356
    4.4345
    4.4555
    4.4625
    4.4623
    4.4702
    4.4888
    4.4886
    4.4924
    4.4768
    4.4715
    4.4642
    4.4595
    4.4574
    4.4565
    4.4490
    4.4534
    4.4778
    4.4674
    4.4808
    4.4992
    4.4775
    4.4848
    4.4866
    4.4982
    4.4994
    4.4990
    4.5101
    4.4948
    4.5045
    4.5033
    4.4822
    4.4821
    4.4901
    4.5227
    4.5197
    4.5015
    4.4953
    4.5089
    4.4798
    4.5041
    4.5036
    4.4806
    4.4369
    4.4428
    4.4251
    4.4206
    4.3905
    4.3978
    4.3773
    4.3781
    4.3594
    4.3499
    4.3575
    4.3571
    4.3271
    4.2951
    4.2655
    4.2128
    4.2138
    4.1964
    4.1643
    4.1452
    4.1172
    4.0737
    4.0500
    4.0308
    4.0458
    4.0409
    4.0416
    4.0440
    4.0395
    4.0269
    4.0265
    4.0010
    3.9777
    3.9585
    3.9323
    3.9338
    3.9333
    3.9400
    3.9377
    3.9723
    4.0095
    3.9730
    3.9999
    4.0019
    4.0032
    3.9962
    3.9811
    3.9419
    3.8991
    3.9045
    3.9187
    3.8725
    3.8382
    3.8382
    3.8509
    3.8568
    3.8634
    3.8904
    3.8740
    3.8384
    3.7717
    3.7538
    3.7538
    3.7530
    3.7706
    3.7910
    3.7001
    3.7008
    3.6820
    3.6751
    3.6553
    3.6553
    3.5490
    3.5447
    3.6179
    3.5861
    3.5781
    3.5996
    3.6902
    3.6156
    3.6150
    3.6150
    3.6880
    3.6407
    3.6879
    3.6477
    3.6526
    3.6296
    3.7116
    3.6871
    3.6871
    3.6785
    3.6907
    3.7276
    3.7688
    3.8609
    3.8497
    3.9564
    4.0506
    4.0506
    4.2237
    4.2418
    4.2693
    4.3932
    4.4332
    4.4951
    4.6906
    4.7362
    4.7362
    4.8491
    4.8025
    5.0032
    5.0409
    5.0960
    5.2831
    5.2289
    5.3327
    5.3327
    5.3375
    5.3744
    5.5104
    5.7261
    5.6015
    5.5287
    5.6408
    5.6921
    5.6921
    5.6484
    5.7052
    5.7101
    5.8526
    5.7906
    5.7175
    6.0124
    5.9316
    6.0765
    6.0765
    6.1165
    6.0725
    6.0724
    6.0985
    6.1744
    6.0852
    6.0177
    5.8537
    5.8537
    5.9380
    5.7801
    5.8102
    5.8747
    5.8917
    6.0146
    6.2363
    6.3775
    6.3775
    6.6109
    6.6923
    6.6165
    6.8970
    6.8590
    6.7581
