    1.2267
    6.3467
    6.1950
    1.4376
    4.1571
    3.0721
    5.6980
    1.6259
    3.0062
    2.3314
    2.0474
    2.2126
    2.8964
    2.9157
    3.1390
    3.1851
    3.2943
    3.9315
    4.0678
    3.7742
    5.0823
    4.2632
    4.2038
    4.8405
    5.5581
    3.6930
    3.8175
    3.5321
    2.5451
    2.1767
    1.3769
    1.2573
    0.8128
    1.1255
    1.9448
    1.3731
    1.2083
    1.0511
    1.0562
    0.9767
    0.9257
    0.9048
    0.7508
    0.5847
    0.6430
    0.7468
    0.8007
    0.9960
    1.2023
    1.3533
    1.4830
    1.6166
    1.8089
    2.1049
    1.6118
    1.6147
    1.5817
    1.3520
    1.2429
    1.1679
    1.1400
    1.2565
    1.2719
    1.2939
    1.4164
    1.6247
    1.5375
    1.5834
    1.6885
    1.7075
    1.6951
    1.9253
    2.1741
    2.4788
    2.6019
    2.6699
    2.8845
    2.6993
    2.5799
    2.5455
    2.4645
    2.3114
    2.3721
    2.3612
    2.3559
    2.2756
    2.3800
    2.3784
    2.3478
    2.2895
    2.1824
    2.0939
    1.9626
    1.8178
    1.7847
    1.7325
    1.5907
    1.6099
    1.7158
    1.7120
    1.7376
    1.7609
    1.8324
    1.8433
    1.8286
    1.7923
    1.8814
    1.9832
    1.8754
    1.8577
    1.8387
    1.9161
    1.8954
    1.8931
    1.9189
    1.9552
    2.0844
    2.0771
    2.0041
    2.0158
    2.0632
    2.0788
    2.0283
    2.0554
    1.9297
    1.9940
    2.0667
    2.1124
    2.0649
    2.0497
    1.8750
    1.8492
    1.8765
    1.7780
    1.7461
    1.6762
    1.7876
    1.8158
    1.8411
    1.8854
    1.8095
    1.7977
    1.8178
    1.8912
    1.9404
    2.0130
    1.9964
    2.0339
    2.0301
    2.0619
    2.0365
    2.0583
    2.1310
    2.1386
    2.2128
    2.2044
    2.2012
    2.2352
    2.2256
    2.1096
    2.0781
    2.0692
    2.0759
    2.1580
    2.1515
    2.2384
    2.1752
    2.1871
    2.3007
    2.3623
    2.4377
    2.3637
    2.2808
    2.2542
    2.2771
    2.2770
    2.2831
    2.3838
    2.4399
    2.4344
    2.3773
    2.3031
    2.2997
    2.3616
    2.4634
    2.4421
    2.4341
    2.4455
    2.4871
    2.4862
    2.4694
    2.3579
    2.3129
    2.2480
    2.2112
    2.2397
    2.2313
    2.1831
    2.2620
    2.3075
    2.3538
    2.4168
    2.4776
    2.5613
    2.5041
    2.5051
    2.5018
    2.5353
    2.5380
    2.6409
    2.6620
    2.6247
    2.6526
    2.6476
    2.6682
    2.7217
    2.6453
    2.6845
    2.7044
    2.6467
    2.6146
    2.5563
    2.5510
    2.4926
    2.4883
    2.4359
    2.4399
    2.4630
    2.4508
    2.4830
    2.4677
    2.4382
    2.4346
    2.4989
    2.4693
    2.4885
    2.5061
    2.5370
    2.5512
    2.5726
    2.5988
    2.6869
    2.7206
    2.7708
    2.8161
    2.8489
    2.9024
    2.9022
    2.9644
    3.0574
    3.0566
    3.0201
    3.0246
    2.9469
    2.9227
    2.9142
    2.9299
    2.9300
    2.9602
    2.9963
    2.9930
    2.9136
    2.9331
    2.8914
    2.8268
    2.7009
    2.7305
    2.6966
    2.7446
    2.7186
    2.6540
    2.5978
    2.6575
    2.6552
    2.6597
    2.6433
    2.6988
    2.6634
    2.6034
    2.6585
    2.6652
    2.7297
    2.6561
    2.6607
    2.6534
    2.6762
    2.6791
    2.6629
    2.6749
    2.6602
    2.6861
    2.6875
    2.6783
    2.6803
    2.6267
    2.6282
    2.6147
    2.5974
    2.5941
    2.5880
    2.6090
    2.6434
    2.6547
    2.6366
    2.5887
    2.6075
    2.5538
    2.5308
    2.4580
    2.4082
    2.3559
    2.3566
    2.3474
    2.3052
    2.2492
    2.1902
    2.1658
    2.1848
    2.1748
    2.1758
    2.1883
    2.1780
    2.1848
    2.1885
    2.2009
    2.2192
    2.2618
    2.3029
    2.3249
    2.3609
    2.3958
    2.3817
    2.3863
    2.4040
    2.4679
    2.4536
    2.3997
    2.3991
    2.3813
    2.3957
    2.4212
    2.4483
    2.5601
    2.5514
    2.5557
    2.5618
    2.5808
    2.5887
    2.6272
    2.6465
    2.6841
    2.7450
    2.8180
    2.8080
    2.7799
    2.8397
    2.8619
    2.8509
    2.8451
    2.8614
    2.8878
    2.8683
    2.8907
    2.8353
    2.8089
    2.7805
    2.7896
    2.7623
    2.7727
    2.7822
    2.8217
    2.8496
    2.8440
    2.8328
    2.8281
    2.8334
    2.8337
    2.8299
    2.8234
    2.8104
    2.8044
    2.7687
    2.7805
    2.8168
    2.8336
    2.7984
    2.8361
    2.8743
    2.9562
    2.9769
    3.0724
    3.1260
    3.1600
    3.1869
    3.1903
    3.2168
    3.3029
    3.3563
    3.3791
    3.3632
    3.3739
    3.4433
    3.4316
    3.4622
    3.4554
    3.4523
    3.4482
    3.4618
    3.4550
    3.4612
    3.4038
    3.3573
    3.3377
    3.3230
    3.3676
    3.3623
    3.3128
    3.2746
    3.2949
    3.2693
    3.2590
    3.2297
    3.2480
    3.2891
    3.3110
    3.2861
    3.3304
    3.3463
    3.3021
    3.3158
    3.3235
    3.3005
    3.2352
    3.2139
    3.1979
    3.1994
    3.1731
    3.1727
    3.1287
    3.1095
    3.0704
    3.0786
    3.0394
    3.0185
    2.9251
    2.9374
    2.9517
    2.9784
    2.9723
    3.0145
    3.0122
    3.0537
    3.0340
    3.0062
    3.0151
    3.0313
    3.0185
    3.0797
    3.0615
    3.1030
    3.1123
    3.0832
    3.0591
    3.1200
    3.0850
    3.0374
    3.0107
    3.0162
    3.0166
    3.0279
    3.0246
    3.0652
    3.0658
    3.0449
    3.0435
    3.0429
    3.0420
    3.0128
    2.9821
    2.9739
    2.9941
    2.9766
    2.9743
    2.9925
    2.9780
    2.9782
    3.0006
    2.9867
    2.9928
    2.9456
    2.9440
    2.9199
    2.8763
    2.8306
    2.8150
    2.7918
    2.7631
    2.7622
    2.7667
    2.6033
    2.5722
    2.5710
    2.5527
    2.5624
    2.5623
    2.5606
    2.5178
    2.5204
    2.4914
    2.4763
    2.4557
    2.4544
    2.4330
    2.4428
    2.4504
    2.4189
    2.4083
    2.4439
    2.4469
    2.4710
    2.4460
    2.4237
    2.4192
    2.4005
    2.3973
    2.4005
    2.4194
    2.4100
    2.4296
    2.4148
    2.4567
    2.4775
    2.4634
    2.4242
    2.4113
    2.4353
    2.4301
    2.4262
    2.3906
    2.4346
    2.4306
    2.4160
    2.4091
    2.4015
    2.4054
    2.4082
    2.4428
    2.4203
    2.4035
    2.4098
    2.4209
    2.4139
    2.4158
    2.4225
    2.4348
    2.4266
    2.4032
    2.4314
    2.4419
    2.4502
    2.4585
    2.4324
    2.4267
    2.4062
    2.4030
    2.3657
    2.3389
    2.3447
    2.3429
    2.3334
    2.3253
    2.3363
    2.3260
    2.3219
    2.3060
    2.3178
    2.3347
    2.3342
    2.3627
    2.3175
    2.3121
    2.3563
    2.3709
    2.3458
    2.3238
    2.3471
    2.3318
    2.3623
    2.3569
    2.3318
    2.2947
    2.2923
    2.2747
    2.2707
    2.2768
    2.2815
    2.3006
    2.3110
    2.3051
    2.2866
    2.2917
    2.2901
    2.2938
    2.3243
    2.3242
    2.3262
    2.3374
    2.3446
    2.3387
    2.3608
    2.3379
    2.3262
    2.3263
    2.3241
    2.3308
    2.3203
    2.3216
    2.3407
    2.3407
    2.3401
    2.3169
    2.3548
    2.3613
    2.3571
    2.3463
    2.3588
    2.3751
    2.3760
    2.3555
    2.4166
    2.4442
    2.4376
    2.4417
    2.4476
    2.4415
    2.4510
    2.4430
    2.4433
    2.4648
    2.4691
    2.4891
    2.4751
    2.5053
    2.5126
    2.5042
    2.5062
    2.5199
    2.5454
    2.5478
    2.5648
    2.5414
    2.5600
    2.5515
    2.5471
    2.5333
    2.5526
    2.5542
    2.5370
    2.5194
    2.5460
    2.5402
    2.5311
    2.5347
    2.5423
    2.5465
    2.5544
    2.5672
    2.5616
    2.5846
    2.5922
    2.5926
    2.6089
    2.6130
    2.6450
    2.6337
    2.6235
    2.6465
    2.6756
    2.6704
    2.6701
    2.6555
    2.6743
    2.6547
    2.6323
    2.6270
    2.6243
    2.6356
    2.6092
    2.6020
    2.6103
    2.6418
    2.6421
    2.6521
    2.6836
    2.6972
    2.7359
    2.7324
    2.7559
    2.7916
    2.8151
    2.8044
    2.8292
    2.8691
    2.8735
    2.8822
    2.8876
    2.9051
    2.9269
    2.9314
    2.9206
    2.9220
    2.9323
    2.9337
    2.9232
    2.9279
    2.9431
    2.9773
    2.9722
    2.9699
    2.9674
    2.9488
    2.9739
    2.9798
    3.0146
    3.0325
    3.0599
    3.0650
    3.0943
    3.0905
    3.1057
    3.1229
    3.1124
    3.0989
    3.1058
    3.0629
    3.0890
    3.1122
    3.1338
    3.1561
    3.1547
    3.1466
    3.1564
    3.1653
    3.1899
    3.2086
    3.2014
    3.2076
    3.2086
    3.2096
    3.2266
    3.2329
    3.2361
    3.2168
    3.2183
    3.2122
    3.2446
    3.2407
    3.2602
    3.2945
    3.2963
    3.2923
    3.3048
    3.2930
    3.2684
    3.2946
    3.2902
    3.2972
    3.3151
    3.3376
    3.3366
    3.3498
    3.3296
    3.3297
    3.3433
    3.3433
    3.3481
    3.3589
    3.3676
    3.3746
    3.3847
    3.4016
    3.4389
    3.4540
    3.4402
    3.4388
    3.4611
    3.4643
    3.4676
    3.4688
    3.4540
    3.4420
    3.4551
    3.4904
    3.5113
    3.5039
    3.5190
    3.5301
    3.5379
    3.5377
    3.5393
    3.5394
    3.5239
    3.5339
    3.5386
    3.5350
    3.5247
    3.5218
    3.5071
    3.5274
    3.5138
    3.5294
    3.5372
    3.5485
    3.5461
    3.5391
    3.5329
    3.5142
    3.5110
    3.5096
    3.5326
    3.5295
    3.5364
    3.5399
    3.5391
    3.5335
    3.5401
    3.5349
    3.5295
    3.5486
    3.5727
    3.5535
    3.5606
    3.5725
    3.5929
    3.5919
    3.5929
    3.5981
    3.5979
    3.6001
    3.6097
    3.6096
    3.6027
    3.5955
    3.5958
    3.6050
    3.6001
    3.6007
    3.6067
    3.5909
    3.6063
    3.6190
    3.6023
    3.6026
    3.5977
    3.5980
    3.6065
    3.6136
    3.6159
    3.6114
    3.6454
    3.6686
    3.6686
    3.6768
    3.6956
    3.6915
    3.6936
    3.7315
    3.7329
    3.7441
    3.7278
    3.7276
    3.7404
    3.7356
    3.7133
    3.7229
    3.7164
    3.6868
    3.6984
    3.6828
    3.6828
    3.6566
    3.6445
    3.6687
    3.6616
    3.6566
    3.6251
    3.6259
    3.6191
    3.6188
    3.6187
    3.6105
    3.6073
    3.6089
    3.6142
    3.6330
    3.6400
    3.6392
    3.6572
    3.6566
    3.6823
    3.6820
    3.6700
    3.6389
    3.6397
    3.6587
    3.6655
    3.6669
    3.6668
    3.7133
    3.6825
    3.6802
    3.6597
    3.6439
    3.6123
    3.6181
    3.6034
    3.6034
    3.5699
    3.5696
    3.5690
    3.5742
    3.6035
    3.6039
    3.5981
    3.6516
    3.6516
    3.6843
    3.6587
    3.6607
    3.6293
    3.6292
    3.6225
    3.6370
    3.6251
    3.6251
    3.6128
    3.6180
    3.6104
    3.6235
    3.6492
    3.6824
    3.6802
    3.6793
    3.6571
    3.6571
    3.6489
    3.5950
    3.6644
    3.7111
    3.7054
    3.7500
    3.7055
    3.7297
    3.7297
    3.7245
    3.6671
    3.6389
    3.6471
    3.6631
    3.6493
    3.6949
    3.7824
    3.7824
    3.7199
    3.7468
    3.7577
    3.6890
    3.6530
    3.6507
    3.6587
    3.6627
    3.6627
    3.7611
    3.7812
    3.8027
    3.8088
    3.8289
    3.8152
    3.8025
    3.7258
    3.7258
    3.7271
    3.6864
    3.6263
    3.5723
    3.4980
    3.4370
    3.5273
    3.5608
    3.5608
    3.4794
    3.5354
    3.5170
    3.5111
    3.5462
    3.6011
    3.6375
    3.5527
    3.4653
    3.4653
    3.4961
    3.5365
    3.4731
    3.3846
    3.3237
    3.3723
    3.3401
    3.3212
    3.3212
    3.3134
    3.4456
    3.4989
    3.5256
    3.4972
    3.6155
    3.6566
    3.7704
    3.7704
    3.7860
    3.7125
    3.7450
    3.6263
    3.6481
    3.5870
