    0.2784
    0.2870
    0.3338
    0.2804
    0.9551
    0.4282
    0.7452
    0.7013
    0.8384
    0.9084
    0.9289
    0.9752
    0.9950
    1.2103
    1.2641
    1.3880
    1.3592
    1.6205
    1.6950
    2.0450
    1.8616
    2.0416
    1.9845
    1.9910
    1.7962
    1.9232
    2.1751
    2.0531
    1.9044
    1.7689
    1.8002
    1.5378
    1.3302
    1.0879
    1.0647
    1.1363
    1.1357
    1.1414
    1.0603
    1.0606
    1.1465
    1.1042
    1.0996
    1.2338
    1.3074
    1.4575
    1.5082
    1.5540
    1.5151
    1.7550
    1.9848
    2.0493
    2.1765
    2.4549
    2.4705
    2.5028
    2.5924
    2.0370
    2.0674
    2.1916
    2.2012
    2.1884
    2.0297
    2.0225
    1.9315
    1.8160
    1.8259
    1.7209
    1.6671
    1.6525
    1.5317
    1.6822
    1.8217
    1.8048
    1.8579
    1.7544
    1.7982
    1.8318
    1.9533
    2.0575
    2.0511
    2.1277
    2.1321
    2.2596
    2.3496
    2.5374
    2.4433
    2.4977
    2.7289
    2.5610
    2.5776
    2.5295
    2.7134
    2.7277
    2.7040
    2.7302
    2.6701
    2.7379
    2.6352
    2.5285
    2.5834
    2.6925
    2.5571
    2.5964
    2.5979
    2.5687
    2.4879
    2.4648
    2.5115
    2.4352
    2.4556
    2.4675
    2.4189
    2.4841
    2.3547
    2.3653
    2.3074
    2.2306
    2.0571
    2.0367
    1.9449
    1.8890
    1.7308
    1.5868
    1.5713
    1.4482
    1.3654
    1.3489
    1.3618
    1.4041
    1.4211
    1.3523
    1.3701
    1.3975
    1.2366
    1.2611
    1.2166
    1.2006
    1.1336
    1.1287
    1.1434
    1.1707
    1.1163
    1.0633
    1.0450
    1.0368
    1.0224
    0.9717
    0.9936
    1.0083
    1.0094
    1.0008
    0.9967
    1.0038
    1.0336
    1.0719
    1.0820
    1.1272
    1.1298
    1.1512
    1.1727
    1.1397
    1.1311
    1.1280
    1.1406
    1.1046
    1.1336
    1.1752
    1.2068
    1.2426
    1.2179
    1.2715
    1.2723
    1.3409
    1.3593
    1.3642
    1.3660
    1.3811
    1.3870
    1.4016
    1.3970
    1.4222
    1.4573
    1.4856
    1.4586
    1.5027
    1.5221
    1.5374
    1.5254
    1.5245
    1.5251
    1.5567
    1.5694
    1.6288
    1.5941
    1.6038
    1.5917
    1.6523
    1.6169
    1.6151
    1.6008
    1.5376
    1.5145
    1.5421
    1.5582
    1.5738
    1.6126
    1.6154
    1.6120
    1.5790
    1.5496
    1.5746
    1.5052
    1.4727
    1.4924
    1.5098
    1.4745
    1.4782
    1.4514
    1.4530
    1.4880
    1.4394
    1.4720
    1.4525
    1.4412
    1.4605
    1.4505
    1.4433
    1.4645
    1.4520
    1.4397
    1.4249
    1.4492
    1.4197
    1.4120
    1.3888
    1.3267
    1.3390
    1.3441
    1.3714
    1.3714
    1.3524
    1.3573
    1.3312
    1.3330
    1.3831
    1.3944
    1.4171
    1.4048
    1.4111
    1.4283
    1.4286
    1.4346
    1.4268
    1.4389
    1.4437
    1.4890
    1.4952
    1.5000
    1.4827
    1.4517
    1.4437
    1.4419
    1.4323
    1.4545
    1.4352
    1.4197
    1.4520
    1.4473
    1.5123
    1.5260
    1.5190
    1.5639
    1.5834
    1.5824
    1.5911
    1.5867
    1.5760
    1.5402
    1.5934
    1.5774
    1.5960
    1.6187
    1.6152
    1.6224
    1.6140
    1.6380
    1.6069
    1.6103
    1.6205
    1.6292
    1.6178
    1.6101
    1.5781
    1.5853
    1.5916
    1.6169
    1.6222
    1.6252
    1.6262
    1.6266
    1.6022
    1.5767
    1.5783
    1.5662
    1.5656
    1.5640
    1.5935
    1.6009
    1.5717
    1.5871
    1.5816
    1.5558
    1.5460
    1.5213
    1.5217
    1.5381
    1.5576
    1.5648
    1.5770
    1.5749
    1.5713
    1.5834
    1.5834
    1.5771
    1.5651
    1.5936
    1.6077
    1.6078
    1.5959
    1.6348
    1.6481
    1.6712
    1.6784
    1.7010
    1.7081
    1.7164
    1.7611
    1.7477
    1.7403
    1.7195
    1.7226
    1.7196
    1.6935
    1.7026
    1.7066
    1.7090
    1.7376
    1.7370
    1.7725
    1.7604
    1.7585
    1.7219
    1.7236
    1.7322
    1.7269
    1.7247
    1.7398
    1.7346
    1.7554
    1.7642
    1.7440
    1.7463
    1.7360
    1.7265
    1.7360
    1.7333
    1.7434
    1.7403
    1.7625
    1.7688
    1.7904
    1.8004
    1.7963
    1.8281
    1.8120
    1.8290
    1.8167
    1.8277
    1.8474
    1.8538
    1.8963
    1.9073
    1.9507
    1.9303
    1.9282
    1.9263
    1.9041
    1.9044
    1.8934
    1.8773
    1.8495
    1.8635
    1.8917
    1.8677
    1.8994
    1.9149
    1.9136
    1.8767
    1.8734
    1.9138
    1.9296
    1.9336
    1.9350
    1.9619
    1.9492
    1.9287
    1.8994
    1.9068
    1.9282
    1.9346
    1.9363
    1.9286
    1.9248
    1.9442
    1.9748
    1.9462
    1.9491
    1.9591
    1.9473
    1.9171
    1.8988
    1.9385
    1.9197
    1.9127
    1.8694
    1.8684
    1.8786
    1.8879
    1.8542
    1.8623
    1.8900
    1.8644
    1.8685
    1.8595
    1.8633
    1.8746
    1.8373
    1.8289
    1.8343
    1.8100
    1.8194
    1.8192
    1.8330
    1.8587
    1.8477
    1.8215
    1.8043
    1.7993
    1.7795
    1.7703
    1.7729
    1.7658
    1.7755
    1.7860
    1.8109
    1.8486
    1.8680
    1.8696
    1.9014
    1.8920
    1.8900
    1.9048
    1.9121
    1.9219
    1.9366
    1.9516
    1.9543
    1.9407
    1.9418
    1.9550
    1.9452
    1.9490
    1.9559
    1.9385
    1.9444
    1.9424
    1.9343
    1.9332
    1.9253
    1.9158
    1.9292
    1.9316
    1.9361
    1.9562
    1.9606
    1.9713
    2.0027
    1.9914
    1.9960
    2.0253
    2.0190
    2.0337
    2.0440
    2.0383
    2.0397
    2.0348
    2.0548
    2.0472
    2.0432
    2.0246
    2.0492
    2.0386
    2.0222
    2.0397
    2.0133
    1.9873
    1.9738
    1.9639
    1.9438
    1.9632
    1.9586
    1.9558
    1.9547
    1.9591
    1.9514
    1.9505
    1.9583
    1.9340
    1.9488
    1.9582
    1.9531
    1.9336
    1.9188
    1.9004
    1.8863
    1.8815
    1.8655
    1.8670
    1.8648
    1.8843
    1.9000
    1.8947
    1.9011
    1.8873
    1.8938
    1.8892
    1.8934
    1.8957
    1.8958
    1.9011
    1.9107
    1.9050
    1.8963
    1.9070
    1.9294
    1.9247
    1.9022
    1.9071
    1.9079
    1.9081
    1.9063
    1.9198
    1.9136
    1.9014
    1.9360
    1.9401
    1.9360
    1.9470
    1.9469
    1.9519
    1.9673
    1.9794
    1.9908
    2.0058
    2.0170
    2.0282
    2.0344
    2.0361
    2.0442
    2.0481
    2.0564
    2.0550
    2.0702
    2.0558
    2.0835
    2.0654
    2.0714
    2.0697
    2.0639
    2.0678
    2.0759
    2.0815
    2.0728
    2.0759
    2.0624
    2.0805
    2.0983
    2.0901
    2.0927
    2.0913
    2.0973
    2.0795
    2.0957
    2.1117
    2.0911
    2.0737
    2.0796
    2.0984
    2.1026
    2.1019
    2.1067
    2.1024
    2.1281
    2.1374
    2.1347
    2.1301
    2.1087
    2.1076
    2.1004
    2.0933
    2.1035
    2.0954
    2.0728
    2.0760
    2.0868
    2.1015
    2.1111
    2.1140
    2.1214
    2.1151
    2.1255
    2.1289
    2.1347
    2.1164
    2.1115
    2.1230
    2.1284
    2.1350
    2.1161
    2.1151
    2.1187
    2.1244
    2.1160
    2.1336
    2.1107
    2.1121
    2.1250
    2.1356
    2.1396
    2.1551
    2.1494
    2.1442
    2.1515
    2.1599
    2.1683
    2.1717
    2.1794
    2.1801
    2.1753
    2.1693
    2.1617
    2.1511
    2.1490
    2.1493
    2.1380
    2.1414
    2.1612
    2.1804
    2.1773
    2.2008
    2.2021
    2.2227
    2.2207
    2.2298
    2.2128
    2.2174
    2.2204
    2.2125
    2.2210
    2.1986
    2.2017
    2.1986
    2.2019
    2.1901
    2.1943
    2.1803
    2.1780
    2.1799
    2.1808
    2.1754
    2.1784
    2.1716
    2.1663
    2.1754
    2.2012
    2.1850
    2.1935
    2.2069
    2.2343
    2.2267
    2.2248
    2.2082
    2.1874
    2.1964
    2.1994
    2.2015
    2.2067
    2.2137
    2.2180
    2.2123
    2.2183
    2.2397
    2.2452
    2.2478
    2.2576
    2.2736
    2.2642
    2.2757
    2.2750
    2.2528
    2.2484
    2.2483
    2.2647
    2.2770
    2.2779
    2.3002
    2.2997
    2.3133
    2.3279
    2.3240
    2.3274
    2.3235
    2.3342
    2.3508
    2.3426
    2.3433
    2.3530
    2.3576
    2.3483
    2.3500
    2.3246
    2.3207
    2.3107
    2.2900
    2.2874
    2.2707
    2.2852
    2.2516
    2.2516
    2.2390
    2.2514
    2.2503
    2.2543
    2.2531
    2.2593
    2.2670
    2.2670
    2.2614
    2.2877
    2.2861
    2.3004
    2.3393
    2.3285
    2.3202
    2.3258
    2.3289
    2.3118
    2.3111
    2.3149
    2.3235
    2.3264
    2.3190
    2.3326
    2.3370
    2.3662
    2.3642
    2.3565
    2.3638
    2.3670
    2.3435
    2.3321
    2.3223
    2.3271
    2.3026
    2.3032
    2.3031
    2.2968
    2.2759
    2.2647
    2.2517
    2.2575
    2.2591
    2.2454
    2.2398
    2.2326
    2.2455
    2.2495
    2.2452
    2.2365
    2.2378
    2.2380
    2.2266
    2.2435
    2.2524
    2.2568
    2.2492
    2.2485
    2.2511
    2.2419
    2.2459
    2.2475
    2.2472
    2.2461
    2.2490
    2.2548
    2.2529
    2.2482
    2.2561
    2.2626
    2.2562
    2.2544
    2.2519
    2.2521
    2.2540
    2.2548
    2.2460
    2.2468
    2.2497
    2.2561
    2.2614
    2.2655
    2.2695
    2.2755
    2.2773
    2.2748
    2.2896
    2.2835
    2.2777
    2.2699
    2.2725
    2.2623
    2.2665
    2.2717
    2.2722
    2.2689
    2.2685
    2.2703
    2.2823
    2.2850
    2.2827
    2.2918
    2.2945
    2.2950
    2.2868
    2.2943
    2.2920
    2.2965
    2.3089
    2.3138
    2.3171
    2.3302
    2.3307
    2.3385
    2.3398
    2.3394
    2.3381
    2.3446
    2.3379
    2.3452
    2.3502
    2.3503
    2.3398
    2.3334
    2.3172
    2.3235
    2.3156
    2.3151
    2.3013
    2.3097
    2.3100
    2.3083
    2.3275
    2.3483
    2.3500
    2.3562
    2.3512
    2.3504
    2.3484
    2.3489
    2.3507
    2.3326
    2.3352
    2.3256
    2.3380
    2.3145
    2.3057
    2.3053
    2.2950
    2.2953
    2.2761
    2.2859
    2.2641
    2.2784
    2.2946
    2.2997
    2.2959
    2.2988
    2.2990
    2.2873
    2.2717
    2.2581
    2.2286
    2.2229
    2.2123
    2.2042
    2.1768
    2.1773
    2.1738
    2.1726
    2.1657
    2.1531
    2.1313
    2.1241
    2.1162
    2.1280
    2.1280
    2.1035
    2.1031
    2.1118
    2.0982
    2.1226
    2.1224
    2.1386
    2.1444
    2.1444
    2.1437
    2.1588
    2.1908
    2.1808
    2.2215
    2.2073
    2.2124
    2.1898
    2.1898
    2.1924
    2.1926
    2.1800
    2.1902
    2.1754
    2.1869
    2.1735
    2.1750
    2.1520
    2.1520
    2.1400
    2.1001
    2.0942
    2.0491
    2.0703
    2.0833
    2.0766
    2.0725
    2.0725
    2.1083
    2.0945
    2.0734
    2.0545
    2.0212
    2.0233
    2.0112
    1.9506
    1.9506
    1.9377
    1.8789
    1.8790
    1.8698
    1.8761
    1.8746
    1.8480
    1.8710
    1.8710
    1.8990
    1.9054
    1.8887
    1.9786
    1.9897
    1.9766
    1.9242
    1.8759
    1.8759
    1.9285
    1.9808
    2.0177
    1.9894
    1.9981
    2.0167
    2.0892
    2.1638
    2.1638
    2.2016
    2.1978
    2.1947
    2.2441
    2.3288
    2.3698
    2.4243
    2.4850
    2.4914
    2.4914
    2.5413
    2.5603
    2.5475
    2.6613
    2.6925
    2.7484
    2.8708
    2.9224
    2.9224
    2.9422
    2.8692
    2.8692
    2.8576
    2.8817
    2.8711
    2.9630
    3.0453
    3.0453
    3.0093
    2.9768
    3.0298
    3.0937
    3.2804
    3.3224
