    4.2552
    4.7453
    5.4242
    1.3077
    5.2495
    1.5548
    2.7268
    1.3555
    4.1975
    4.1243
    4.4269
    4.3147
    4.7011
    3.5533
    4.3005
    4.5364
    2.8451
    2.6963
    2.6241
    2.4121
    2.3278
    3.6994
    3.9994
    3.4051
    2.2083
    2.1549
    2.0495
    1.8759
    1.3647
    1.3692
    1.4514
    1.3709
    1.2139
    1.0394
    0.9684
    0.9877
    0.9967
    0.9123
    0.9324
    0.9091
    0.9239
    0.9630
    1.0067
    1.1368
    1.1881
    1.1365
    1.0038
    1.1723
    1.0777
    1.0170
    1.0175
    0.9902
    0.8901
    0.9508
    0.9659
    0.9250
    0.9316
    0.9396
    0.9606
    0.9374
    0.9865
    0.9358
    1.0134
    1.1354
    1.1311
    1.1705
    1.2535
    1.1158
    1.0762
    1.0695
    1.0548
    1.0178
    1.0134
    1.0551
    1.1417
    1.1717
    1.1463
    1.2356
    1.1934
    1.1547
    1.1435
    1.2127
    1.1789
    1.1753
    1.2062
    1.3224
    1.3871
    1.4099
    1.4465
    1.4874
    1.5576
    1.5443
    1.5079
    1.4957
    1.5479
    1.5540
    1.5993
    1.5919
    1.5963
    1.4450
    1.4875
    1.5227
    1.5676
    1.5182
    1.5663
    1.7044
    1.7173
    1.6488
    1.6793
    1.7033
    1.7672
    1.7979
    1.8177
    1.8955
    1.9494
    1.9839
    2.0591
    2.1451
    2.0397
    2.0468
    1.9732
    1.9879
    2.0167
    2.0648
    2.0559
    2.1073
    2.0700
    2.0957
    2.0656
    2.0079
    2.0817
    2.2112
    2.1254
    2.1016
    2.2261
    2.2409
    2.1468
    2.1980
    2.2161
    2.2482
    2.1731
    2.2373
    2.2263
    2.1988
    2.1939
    2.2456
    2.0838
    2.0781
    2.0438
    1.9514
    1.8963
    1.9123
    1.9336
    1.9393
    1.9395
    2.0145
    1.9830
    2.0269
    2.0448
    2.0368
    2.0052
    1.9723
    2.0726
    2.0215
    2.0308
    2.0594
    2.0252
    2.0368
    2.1052
    2.0537
    2.0484
    2.0753
    2.0337
    2.0054
    2.0038
    2.0634
    2.1160
    2.1713
    2.1208
    2.1599
    2.1428
    2.0824
    2.0711
    2.0385
    2.1278
    2.0362
    1.9483
    1.9635
    1.9611
    1.9213
    1.8640
    1.9153
    1.9611
    1.9003
    1.9292
    1.8147
    1.8775
    1.9322
    1.9559
    2.0644
    2.0097
    1.9432
    1.9654
    1.9826
    1.9824
    1.9995
    2.0229
    2.0005
    1.9521
    1.9072
    1.9273
    1.9346
    1.9188
    2.0248
    2.0167
    1.9984
    1.9616
    1.9358
    1.9661
    2.1139
    2.1257
    2.1086
    2.0751
    2.0110
    2.0124
    2.0060
    2.0526
    2.0407
    1.9777
    1.9851
    2.0065
    1.9894
    1.9553
    1.9651
    1.9256
    1.9287
    1.8640
    1.8472
    1.7880
    1.8322
    1.8419
    1.8624
    1.8707
    1.8460
    1.8503
    1.9056
    1.9189
    1.9233
    1.9053
    1.8721
    1.8520
    1.8471
    1.8548
    1.8966
    1.8827
    1.8419
    1.8177
    1.8100
    1.7929
    1.7873
    1.7840
    1.7930
    1.8119
    1.8036
    1.8044
    1.7925
    1.7805
    1.7811
    1.7768
    1.7257
    1.7401
    1.7535
    1.7948
    1.8156
    1.8317
    1.8163
    1.7340
    1.6791
    1.6710
    1.6636
    1.6527
    1.6585
    1.6437
    1.6387
    1.6414
    1.6160
    1.6108
    1.6087
    1.6356
    1.6273
    1.6031
    1.5854
    1.5975
    1.5926
    1.6002
    1.6495
    1.6343
    1.6321
    1.6314
    1.6536
    1.6819
    1.6698
    1.6966
    1.6574
    1.6208
    1.5862
    1.5803
    1.5648
    1.5293
    1.4792
    1.4840
    1.4953
    1.4720
    1.4807
    1.4703
    1.4566
    1.4241
    1.4294
    1.4093
    1.4039
    1.4206
    1.4165
    1.4391
    1.4536
    1.4281
    1.4402
    1.4208
    1.4252
    1.4154
    1.4275
    1.4186
    1.4076
    1.4198
    1.4182
    1.4397
    1.4456
    1.4362
    1.4336
    1.4267
    1.4325
    1.4291
    1.4144
    1.3977
    1.3794
    1.3729
    1.3575
    1.3498
    1.3441
    1.3585
    1.3693
    1.3891
    1.3956
    1.4031
    1.4080
    1.4372
    1.4460
    1.4262
    1.4176
    1.4017
    1.3873
    1.3863
    1.3743
    1.3815
    1.3718
    1.3795
    1.3958
    1.3992
    1.4078
    1.4022
    1.3876
    1.4070
    1.3832
    1.3585
    1.3632
    1.3834
    1.3910
    1.4063
    1.3978
    1.3963
    1.3938
    1.3712
    1.3608
    1.3861
    1.4060
    1.4183
    1.4441
    1.4769
    1.4734
    1.4793
    1.4711
    1.4595
    1.4634
    1.4589
    1.4833
    1.4785
    1.4625
    1.4804
    1.4986
    1.5060
    1.4950
    1.4929
    1.4985
    1.4919
    1.5175
    1.5262
    1.5074
    1.4808
    1.4916
    1.5182
    1.4960
    1.4714
    1.4960
    1.4926
    1.4781
    1.4819
    1.4811
    1.4884
    1.4819
    1.4729
    1.4576
    1.4426
    1.4388
    1.4428
    1.4351
    1.4329
    1.4308
    1.4361
    1.4377
    1.4381
    1.4396
    1.4363
    1.4340
    1.4480
    1.4404
    1.4355
    1.4259
    1.4322
    1.4456
    1.4216
    1.4122
    1.4068
    1.3902
    1.3889
    1.3805
    1.3690
    1.3666
    1.3401
    1.3487
    1.3743
    1.3759
    1.3749
    1.3932
    1.4005
    1.4012
    1.4047
    1.4218
    1.4104
    1.4025
    1.4098
    1.3920
    1.3842
    1.3907
    1.4140
    1.3958
    1.4037
    1.4132
    1.4081
    1.4243
    1.4449
    1.4472
    1.4416
    1.4446
    1.4545
    1.4560
    1.4533
    1.4509
    1.4625
    1.4778
    1.4779
    1.4985
    1.4886
    1.5024
    1.4975
    1.4898
    1.4656
    1.4738
    1.4744
    1.4644
    1.4778
    1.4705
    1.4771
    1.4871
    1.4809
    1.4752
    1.4526
    1.4426
    1.4271
    1.4357
    1.4301
    1.4349
    1.4285
    1.4288
    1.4326
    1.4322
    1.4296
    1.4227
    1.4365
    1.4214
    1.3992
    1.3916
    1.4190
    1.4458
    1.4522
    1.4574
    1.4618
    1.4668
    1.4910
    1.5270
    1.5391
    1.5478
    1.5585
    1.5484
    1.5506
    1.5360
    1.5445
    1.5202
    1.5266
    1.5458
    1.5506
    1.5355
    1.5549
    1.5608
    1.5521
    1.5564
    1.5702
    1.5647
    1.5837
    1.5751
    1.5446
    1.5423
    1.5311
    1.5301
    1.5206
    1.5204
    1.5121
    1.4919
    1.4927
    1.5141
    1.5104
    1.5048
    1.4978
    1.4896
    1.4997
    1.5075
    1.5158
    1.5322
    1.5251
    1.5361
    1.5391
    1.5418
    1.5377
    1.5496
    1.5608
    1.5398
    1.5397
    1.5315
    1.5361
    1.5483
    1.5354
    1.5218
    1.5199
    1.5013
    1.4669
    1.4589
    1.4485
    1.4642
    1.4502
    1.4579
    1.4482
    1.4602
    1.4509
    1.4549
    1.4246
    1.4493
    1.4340
    1.4190
    1.4178
    1.4242
    1.4170
    1.4112
    1.4078
    1.3900
    1.4049
    1.4049
    1.4053
    1.3878
    1.4009
    1.4027
    1.3872
    1.3970
    1.3914
    1.3784
    1.3602
    1.3504
    1.3448
    1.3497
    1.3410
    1.3442
    1.3428
    1.3245
    1.3263
    1.3248
    1.3128
    1.2965
    1.2880
    1.2899
    1.2935
    1.2918
    1.2891
    1.2836
    1.2957
    1.2925
    1.2919
    1.2962
    1.2910
    1.2977
    1.2968
    1.2867
    1.2947
    1.2909
    1.3035
    1.3159
    1.3257
    1.3248
    1.3053
    1.3007
    1.3032
    1.2900
    1.2848
    1.2880
    1.2970
    1.3102
    1.2944
    1.2968
    1.2921
    1.2691
    1.2652
    1.2613
    1.2573
    1.2474
    1.2475
    1.2537
    1.2384
    1.2484
    1.2541
    1.2504
    1.2580
    1.2454
    1.2345
    1.2341
    1.2315
    1.2282
    1.2456
    1.2401
    1.2384
    1.2457
    1.2534
    1.2470
    1.2386
    1.2428
    1.2441
    1.2477
    1.2447
    1.2512
    1.2583
    1.2496
    1.2492
    1.2620
    1.2623
    1.2649
    1.2677
    1.2677
    1.2685
    1.2799
    1.2856
    1.2938
    1.2975
    1.3040
    1.2967
    1.2939
    1.2953
    1.3038
    1.3050
    1.3148
    1.3102
    1.3061
    1.3085
    1.3132
    1.3198
    1.3183
    1.3170
    1.3285
    1.3340
    1.3355
    1.3398
    1.3407
    1.3467
    1.3518
    1.3521
    1.3650
    1.3643
    1.3577
    1.3566
    1.3590
    1.3510
    1.3544
    1.3565
    1.3519
    1.3437
    1.3599
    1.3447
    1.3323
    1.3439
    1.3433
    1.3449
    1.3429
    1.3474
    1.3518
    1.3641
    1.3670
    1.3658
    1.3648
    1.3556
    1.3602
    1.3856
    1.3849
    1.3849
    1.3921
    1.3964
    1.3889
    1.3935
    1.3997
    1.3950
    1.4029
    1.4129
    1.4152
    1.4081
    1.4057
    1.4028
    1.4097
    1.4136
    1.4014
    1.3857
    1.3833
    1.3848
    1.3881
    1.3882
    1.4024
    1.4102
    1.4201
    1.4222
    1.4224
    1.4266
    1.4366
    1.4456
    1.4424
    1.4443
    1.4621
    1.4726
    1.4733
    1.4699
    1.4749
    1.4775
    1.4949
    1.5119
    1.5057
    1.5140
    1.5226
    1.5347
    1.5402
    1.5489
    1.5472
    1.5447
    1.5473
    1.5634
    1.5658
    1.5686
    1.5670
    1.5678
    1.5665
    1.5807
    1.5825
    1.5746
    1.5759
    1.5728
    1.5706
    1.5695
    1.5673
    1.5737
    1.5876
    1.5908
    1.5985
    1.6006
    1.6029
    1.6054
    1.6117
    1.6107
    1.6067
    1.6011
    1.6101
    1.6107
    1.6129
    1.6213
    1.6308
    1.6339
    1.6338
    1.6387
    1.6440
    1.6535
    1.6588
    1.6530
    1.6609
    1.6632
    1.6571
    1.6581
    1.6549
    1.6632
    1.6640
    1.6782
    1.6898
    1.6937
    1.6982
    1.7069
    1.7080
    1.7085
    1.7018
    1.7092
    1.7101
    1.7047
    1.7048
    1.7101
    1.7199
    1.7251
    1.7261
    1.7236
    1.7231
    1.7235
    1.7304
    1.7230
    1.7177
    1.7242
    1.7288
    1.7289
    1.7385
    1.7304
    1.7335
    1.7315
    1.7346
    1.7398
    1.7405
    1.7348
    1.7351
    1.7307
    1.7278
    1.7313
    1.7344
    1.7306
    1.7426
    1.7420
    1.7370
    1.7374
    1.7341
    1.7382
    1.7321
    1.7444
    1.7506
    1.7555
    1.7567
    1.7535
    1.7538
    1.7480
    1.7424
    1.7451
    1.7380
    1.7331
    1.7358
    1.7402
    1.7343
    1.7380
    1.7383
    1.7386
    1.7280
    1.7287
    1.7141
    1.7256
    1.7266
    1.7353
    1.7457
    1.7465
    1.7434
    1.7610
    1.7563
    1.7652
    1.7831
    1.7942
    1.8092
    1.8004
    1.8009
    1.8345
    1.9103
    1.8951
    1.9139
    1.9208
    1.9287
    1.9325
    1.9425
    1.9425
    1.9301
    1.9113
    1.9099
    1.9133
    1.9277
    1.9484
    1.9441
    1.9329
    1.9329
    1.9145
    1.9086
    1.9282
    1.9249
    1.9191
    1.9428
    1.9334
    1.9323
    1.9323
    1.9580
    1.9548
    1.9441
    1.9260
    1.9580
    1.9729
    1.9808
    1.9895
    2.0019
    2.0019
    1.9884
    2.0384
    2.0696
    2.1354
    2.1635
    2.2018
    2.1924
    2.2134
    2.2134
    2.1804
    2.1777
    2.1606
    2.1732
    2.1785
    2.1858
    2.2154
    2.1718
    2.1718
    2.1484
    2.1643
    2.1811
    2.1669
    2.1569
    2.1451
    2.1679
    2.2130
    2.2130
    2.2190
    2.2253
    2.1828
    2.1237
    2.1507
    2.1843
    2.1800
    2.1721
    2.1721
    2.1214
    2.0928
    2.0743
    2.0563
    2.0976
    2.0543
    2.1262
    2.0587
    2.0587
    2.0485
    2.0906
    2.1179
    2.1274
    2.1514
    2.1106
    2.0769
    2.2149
    2.2525
    2.2525
    2.3093
    2.3222
    2.3261
    2.3037
    2.3658
    2.3052
    2.3160
    2.3683
    2.3683
    2.4256
    2.3710
    2.3935
    2.5126
    2.6281
    2.5779
    2.6434
    2.6892
    2.6892
    2.7879
    2.8140
    2.9007
    2.8361
    2.9110
    2.9991
