    6.5374
    5.0090
    4.5630
    0.5419
    2.8030
    3.5673
    1.2954
    0.8581
    1.2734
    1.7112
    1.7382
    1.9143
    1.6848
    1.9504
    2.3036
    2.8686
    3.5780
    4.0780
    4.0589
    4.9783
    5.7909
    6.0570
    7.3061
    7.0784
    6.3130
    5.7473
    7.2605
    7.2033
    5.9215
    6.9677
    7.4600
    6.5526
    8.2356
    6.3346
    5.7960
    5.3066
    4.9172
    4.2657
    3.6643
    3.9013
    3.0793
    2.6833
    2.6231
    3.3195
    3.9533
    4.2980
    3.5368
    3.8349
    3.8036
    3.9602
    4.7418
    5.1563
    5.6088
    5.8344
    5.8226
    5.6042
    5.2870
    5.0099
    5.1840
    4.8940
    5.0895
    5.1132
    4.7173
    3.5408
    3.5573
    2.6298
    2.0536
    1.8038
    1.8461
    1.7638
    1.5272
    1.4547
    1.4723
    1.4872
    1.6050
    1.5744
    1.5265
    1.5012
    1.5248
    1.5240
    1.4775
    1.5040
    1.4195
    1.4060
    1.3287
    1.3710
    1.3075
    1.3314
    1.3795
    1.4190
    1.3834
    1.3767
    1.3971
    1.4443
    1.4166
    1.4805
    1.4601
    1.5023
    1.5031
    1.5984
    1.7848
    1.8228
    1.8409
    1.9118
    2.0376
    2.1222
    2.1230
    2.1180
    2.1400
    2.0537
    1.9957
    1.9070
    1.9039
    1.8412
    1.6621
    1.6882
    1.7109
    1.6817
    1.6327
    1.6679
    1.6292
    1.6245
    1.6458
    1.6451
    1.7164
    1.6968
    1.4953
    1.5489
    1.5773
    1.5566
    1.5430
    1.4976
    1.4753
    1.4364
    1.4590
    1.4507
    1.4315
    1.4366
    1.3904
    1.4306
    1.4232
    1.4246
    1.3864
    1.4043
    1.4126
    1.3705
    1.3786
    1.3394
    1.3367
    1.3397
    1.3148
    1.2913
    1.2886
    1.2772
    1.2731
    1.2612
    1.2314
    1.2097
    1.1995
    1.2586
    1.2063
    1.1732
    1.1755
    1.1660
    1.1904
    1.1720
    1.1626
    1.1533
    1.1481
    1.1204
    1.1129
    1.1219
    1.0992
    1.0872
    1.0883
    1.1100
    1.0779
    1.0911
    1.0804
    1.1282
    1.1454
    1.1332
    1.1560
    1.1660
    1.1498
    1.1482
    1.1780
    1.1718
    1.1794
    1.1885
    1.2102
    1.2041
    1.2132
    1.2098
    1.2093
    1.2163
    1.2689
    1.2787
    1.2811
    1.2585
    1.2772
    1.2856
    1.3039
    1.3377
    1.3591
    1.3532
    1.3581
    1.3276
    1.3299
    1.3451
    1.3626
    1.3704
    1.3993
    1.4052
    1.4130
    1.4146
    1.4013
    1.4332
    1.4361
    1.4384
    1.4661
    1.4818
    1.5003
    1.4921
    1.5010
    1.4710
    1.4598
    1.4425
    1.4667
    1.4592
    1.4408
    1.4276
    1.4159
    1.4437
    1.4482
    1.4673
    1.4794
    1.4851
    1.4895
    1.4837
    1.4676
    1.4598
    1.4634
    1.4606
    1.4548
    1.4672
    1.4649
    1.4681
    1.4306
    1.4181
    1.3905
    1.3930
    1.3422
    1.3014
    1.2811
    1.2365
    1.2331
    1.2165
    1.2067
    1.1889
    1.1904
    1.2149
    1.2120
    1.2254
    1.2190
    1.2081
    1.2023
    1.1963
    1.1999
    1.2121
    1.2233
    1.2220
    1.2459
    1.2480
    1.2413
    1.2464
    1.2360
    1.2004
    1.2190
    1.2156
    1.2243
    1.2425
    1.2328
    1.2750
    1.2811
    1.2802
    1.2842
    1.2802
    1.2712
    1.2653
    1.3125
    1.3271
    1.3341
    1.3627
    1.3456
    1.3347
    1.3131
    1.2971
    1.2986
    1.3182
    1.3314
    1.3476
    1.3398
    1.3651
    1.3791
    1.3643
    1.3769
    1.3738
    1.3773
    1.3800
    1.3744
    1.3868
    1.3818
    1.4096
    1.4234
    1.4296
    1.4390
    1.4949
    1.5395
    1.5455
    1.5500
    1.5743
    1.6078
    1.6151
    1.6416
    1.6379
    1.6842
    1.6741
    1.6677
    1.6840
    1.6819
    1.6968
    1.6567
    1.6473
    1.6918
    1.7045
    1.7407
    1.7573
    1.7967
    1.8099
    1.8253
    1.8253
    1.8233
    1.8343
    1.8466
    1.8821
    1.8922
    1.9080
    1.8944
    1.9101
    1.9173
    1.9016
    1.9059
    1.8896
    1.8935
    1.9204
    1.9148
    1.9316
    1.9590
    1.9581
    1.9497
    1.9757
    1.9986
    2.0254
    2.0768
    2.0267
    2.0226
    2.0434
    2.0752
    2.0581
    2.0374
    2.0569
    2.0766
    2.1156
    2.1475
    2.1409
    2.1638
    2.1697
    2.1649
    2.1170
    2.1747
    2.1937
    2.1713
    2.1994
    2.2135
    2.2495
    2.2640
    2.2711
    2.2539
    2.2623
    2.3118
    2.2832
    2.2923
    2.3172
    2.3311
    2.3430
    2.3598
    2.3820
    2.3975
    2.3886
    2.3654
    2.3654
    2.3777
    2.3864
    2.3867
    2.3831
    2.3821
    2.3965
    2.3893
    2.4196
    2.4249
    2.4334
    2.4286
    2.4477
    2.4570
    2.4434
    2.4822
    2.4869
    2.5327
    2.5581
    2.5425
    2.5357
    2.5623
    2.5804
    2.5035
    2.4886
    2.4429
    2.4149
    2.4020
    2.3994
    2.4145
    2.4279
    2.4309
    2.4346
    2.3976
    2.3788
    2.3778
    2.3843
    2.3996
    2.3843
    2.3823
    2.4101
    2.3946
    2.3987
    2.4056
    2.4049
    2.3823
    2.3510
    2.3396
    2.3127
    2.2805
    2.2508
    2.2550
    2.2775
    2.3136
    2.2942
    2.2828
    2.2606
    2.2592
    2.2136
    2.2204
    2.1994
    2.1878
    2.1734
    2.1685
    2.1579
    2.1534
    2.1520
    2.1213
    2.1238
    2.0988
    2.0959
    2.0859
    2.0840
    2.0760
    2.0463
    2.0344
    2.0197
    2.0427
    2.0180
    2.0003
    2.0033
    1.9828
    1.9576
    1.9356
    1.9411
    1.9388
    1.9299
    1.9276
    1.9441
    1.9314
    1.9099
    1.9235
    1.9304
    1.9324
    1.9066
    1.8770
    1.8479
    1.8333
    1.8238
    1.8272
    1.8061
    1.7884
    1.7937
    1.7783
    1.7585
    1.7366
    1.7303
    1.7168
    1.7073
    1.6650
    1.6555
    1.6292
    1.6229
    1.5957
    1.5793
    1.5654
    1.5472
    1.5391
    1.5272
    1.5303
    1.5144
    1.5068
    1.4827
    1.4763
    1.4622
    1.4526
    1.4405
    1.4231
    1.4084
    1.4010
    1.4011
    1.3627
    1.3215
    1.3040
    1.3070
    1.3053
    1.3024
    1.3008
    1.2906
    1.2945
    1.2889
    1.2648
    1.2376
    1.2374
    1.2180
    1.2051
    1.1889
    1.1688
    1.1624
    1.1370
    1.1204
    1.1144
    1.1201
    1.1144
    1.1077
    1.1124
    1.1040
    1.0878
    1.0839
    1.0778
    1.0737
    1.0576
    1.0559
    1.0435
    1.0521
    1.0553
    1.0529
    1.0521
    1.0493
    1.0504
    1.0429
    1.0349
    1.0397
    1.0362
    1.0326
    1.0248
    1.0220
    1.0170
    1.0274
    1.0398
    1.0524
    1.0436
    1.0416
    1.0280
    1.0173
    1.0163
    1.0115
    1.0239
    1.0213
    1.0233
    1.0177
    1.0291
    1.0175
    1.0214
    1.0237
    1.0262
    1.0260
    1.0245
    1.0241
    1.0285
    1.0213
    1.0194
    1.0189
    1.0084
    1.0134
    1.0043
    1.0073
    1.0122
    1.0122
    1.0013
    0.9872
    0.9824
    0.9741
    0.9736
    0.9717
    0.9646
    0.9540
    0.9469
    0.9466
    0.9312
    0.9273
    0.9240
    0.9325
    0.9277
    0.9282
    0.9250
    0.9159
    0.9059
    0.8971
    0.8869
    0.8963
    0.8977
    0.8940
    0.8866
    0.8908
    0.8920
    0.8864
    0.8763
    0.8659
    0.8598
    0.8486
    0.8421
    0.8379
    0.8432
    0.8406
    0.8312
    0.8291
    0.8370
    0.8404
    0.8306
    0.8174
    0.8083
    0.8123
    0.8110
    0.8097
    0.8081
    0.8044
    0.8068
    0.8019
    0.8042
    0.7969
    0.7965
    0.7934
    0.7971
    0.7968
    0.7895
    0.7870
    0.7852
    0.7853
    0.7804
    0.7786
    0.7743
    0.7674
    0.7672
    0.7622
    0.7576
    0.7563
    0.7454
    0.7450
    0.7403
    0.7337
    0.7349
    0.7310
    0.7316
    0.7210
    0.7197
    0.7164
    0.7118
    0.7066
    0.7004
    0.7003
    0.6975
    0.6980
    0.6863
    0.6851
    0.6760
    0.6742
    0.6730
    0.6631
    0.6576
    0.6513
    0.6484
    0.6505
    0.6484
    0.6519
    0.6511
    0.6510
    0.6473
    0.6490
    0.6462
    0.6473
    0.6465
    0.6429
    0.6433
    0.6461
    0.6445
    0.6372
    0.6394
    0.6363
    0.6359
    0.6331
    0.6335
    0.6263
    0.6231
    0.6213
    0.6193
    0.6124
    0.6069
    0.6050
    0.6005
    0.5978
    0.5931
    0.5911
    0.5866
    0.5832
    0.5814
    0.5805
    0.5769
    0.5789
    0.5777
    0.5747
    0.5727
    0.5679
    0.5661
    0.5666
    0.5627
    0.5641
    0.5646
    0.5654
    0.5641
    0.5650
    0.5616
    0.5613
    0.5588
    0.5569
    0.5581
    0.5590
    0.5588
    0.5576
    0.5573
    0.5568
    0.5594
    0.5568
    0.5578
    0.5568
    0.5555
    0.5546
    0.5541
    0.5560
    0.5549
    0.5542
    0.5524
    0.5529
    0.5517
    0.5507
    0.5502
    0.5517
    0.5530
    0.5541
    0.5539
    0.5541
    0.5525
    0.5491
    0.5493
    0.5471
    0.5468
    0.5428
    0.5427
    0.5430
    0.5427
    0.5443
    0.5437
    0.5446
    0.5441
    0.5419
    0.5402
    0.5410
    0.5410
    0.5404
    0.5399
    0.5379
    0.5371
    0.5376
    0.5393
    0.5405
    0.5413
    0.5400
    0.5418
    0.5413
    0.5416
    0.5413
    0.5406
    0.5398
    0.5411
    0.5417
    0.5411
    0.5379
    0.5353
    0.5366
    0.5379
    0.5392
    0.5362
    0.5355
    0.5363
    0.5359
    0.5358
    0.5362
    0.5371
    0.5353
    0.5354
    0.5357
    0.5377
    0.5377
    0.5382
    0.5367
    0.5374
    0.5365
    0.5355
    0.5377
    0.5391
    0.5388
    0.5355
    0.5363
    0.5379
    0.5377
    0.5381
    0.5384
    0.5405
    0.5402
    0.5419
    0.5429
    0.5429
    0.5425
    0.5413
    0.5455
    0.5449
    0.5462
    0.5483
    0.5475
    0.5486
    0.5485
    0.5477
    0.5489
    0.5521
    0.5520
    0.5536
    0.5544
    0.5569
    0.5609
    0.5610
    0.5605
    0.5623
    0.5617
    0.5640
    0.5683
    0.5685
    0.5745
    0.5745
    0.5747
    0.5743
    0.5806
    0.5853
    0.5884
    0.5907
    0.5900
    0.5876
    0.5878
    0.5843
    0.5842
    0.5819
    0.5812
    0.5854
    0.5835
    0.5822
    0.5837
    0.5814
    0.5787
    0.5786
    0.5791
    0.5781
    0.5734
    0.5720
    0.5782
    0.5714
    0.5711
    0.5740
    0.5742
    0.5742
    0.5769
    0.5751
    0.5817
    0.5851
    0.5865
    0.5879
    0.5879
    0.5879
    0.5983
    0.6058
    0.6072
    0.6143
    0.6175
    0.6252
    0.6295
    0.6404
    0.6404
    0.6423
    0.6480
    0.6554
    0.6622
    0.6739
    0.6690
    0.6727
    0.6764
    0.6764
    0.6870
    0.6990
    0.7032
    0.7123
    0.7130
    0.7224
    0.7263
    0.7213
    0.7150
    0.7150
    0.7214
    0.7284
    0.7240
    0.7330
    0.7360
    0.7491
    0.7567
    0.7479
    0.7479
    0.7515
    0.7628
    0.7908
    0.7873
    0.7963
    0.7967
    0.7810
    0.7926
    0.7926
    0.7975
    0.8035
    0.8121
    0.8182
    0.8208
    0.8414
    0.8296
    0.8435
    0.8435
    0.8600
    0.8821
    0.8799
    0.8941
    0.9065
    0.9171
    0.9378
    0.9380
    0.9380
    0.9327
    0.9303
    0.9283
    0.9401
    0.9579
    0.9856
    1.0162
    1.0002
    1.0002
    1.0040
    1.0095
    1.0480
    1.0598
    1.0714
    1.0675
    1.0689
    1.0573
    1.0580
    1.0580
    1.0531
    1.0604
    1.0578
    1.0805
    1.0920
    1.1001
    1.0986
    1.1150
    1.1150
    1.1045
    1.1101
    1.1128
    1.1152
    1.1039
    1.0980
    1.0910
    1.1087
    1.1087
    1.0910
    1.1026
    1.1185
    1.1330
    1.1103
    1.1019
