    5.8184
    6.0132
    5.4624
    6.6741
    6.1611
    4.8456
    8.3999
    3.1338
    2.0567
    1.9006
    2.6871
    2.3210
    4.7106
    5.8089
    7.8363
    5.0073
    4.3347
    5.1902
    5.9913
    7.5143
    8.9192
   10.9221
    8.5764
    8.7190
    8.6597
    5.6382
    4.6598
    4.1410
    3.9979
    3.7019
    3.4678
    3.3054
    4.2841
    4.3402
    4.1868
    4.3247
    4.7942
    5.3986
    5.4917
    4.9684
    4.9787
    4.0795
    4.0349
    4.0844
    3.7313
    3.7937
    3.5962
    3.1882
    2.9009
    2.9415
    3.0351
    2.6605
    2.5606
    2.3833
    2.1043
    1.9484
    1.9087
    1.8684
    1.7920
    1.9357
    2.0509
    2.1714
    2.2379
    2.2650
    2.4072
    2.2690
    2.3416
    2.1279
    2.2483
    2.5449
    2.4690
    2.4356
    2.3324
    1.8288
    1.8897
    1.8649
    1.7122
    1.7829
    1.8068
    1.7613
    1.7125
    1.7101
    1.7502
    1.7135
    1.6379
    1.6434
    1.6288
    1.5039
    1.4791
    1.4540
    1.4581
    1.3825
    1.3012
    1.2539
    1.2388
    1.2104
    1.1909
    1.1105
    1.0618
    1.0318
    0.9982
    0.9321
    0.8942
    0.8647
    0.8177
    0.7584
    0.8154
    0.8048
    0.7998
    0.8228
    0.8275
    0.8288
    0.8494
    0.8953
    0.8904
    0.9713
    1.0058
    1.0341
    1.0498
    1.0652
    1.0732
    1.1085
    1.0781
    1.0870
    1.1039
    1.1109
    1.1195
    1.1817
    1.1771
    1.1879
    1.1728
    1.1946
    1.1849
    1.1627
    1.1524
    1.1294
    1.1490
    1.1387
    1.1091
    1.1195
    1.1051
    1.0792
    1.0047
    0.9879
    0.9485
    0.8547
    0.8459
    0.8368
    0.8424
    0.8405
    0.8224
    0.8331
    0.7965
    0.8012
    0.7964
    0.8114
    0.7962
    0.7860
    0.7832
    0.7717
    0.7572
    0.7693
    0.7791
    0.7838
    0.7740
    0.8221
    0.8286
    0.8236
    0.8354
    0.8492
    0.8583
    0.8295
    0.8353
    0.8585
    0.8717
    0.8929
    0.8765
    0.8805
    0.8823
    0.8503
    0.8492
    0.8304
    0.8368
    0.8395
    0.8511
    0.8679
    0.8740
    0.8703
    0.8590
    0.8492
    0.8646
    0.8824
    0.8868
    0.9029
    0.9237
    0.9218
    0.9230
    0.9426
    0.9450
    0.9488
    0.9737
    0.9793
    0.9985
    1.0027
    1.0085
    1.0084
    1.0003
    1.0192
    1.0115
    1.0274
    1.0319
    1.0470
    1.0595
    1.0620
    1.0879
    1.0977
    1.1417
    1.1735
    1.1855
    1.1902
    1.2248
    1.2191
    1.2789
    1.2951
    1.3488
    1.4356
    1.4816
    1.5156
    1.6273
    1.6522
    1.7154
    1.7626
    1.8073
    1.7929
    1.7953
    1.8374
    1.8951
    1.9675
    1.9785
    2.0933
    2.0666
    2.1121
    2.1869
    2.2085
    2.2344
    2.2766
    2.3273
    2.3347
    2.4018
    2.4447
    2.5460
    2.5766
    2.5599
    2.5674
    2.5647
    2.5911
    2.5890
    2.5941
    2.5570
    2.6193
    2.6924
    2.6063
    2.6050
    2.5160
    2.5717
    2.5726
    2.6210
    2.6522
    2.6581
    2.7050
    2.6674
    2.6643
    2.5634
    2.5273
    2.5247
    2.4916
    2.5551
    2.5776
    2.5545
    2.5722
    2.4683
    2.4715
    2.3971
    2.4284
    2.4336
    2.4520
    2.4410
    2.3721
    2.4784
    2.4354
    2.4244
    2.4068
    2.3564
    2.3648
    2.3640
    2.3958
    2.3698
    2.3600
    2.3064
    2.3084
    2.2462
    2.2445
    2.2753
    2.2507
    2.2651
    2.2640
    2.2387
    2.2018
    2.1982
    2.1921
    2.2139
    2.2200
    2.2056
    2.1776
    2.1471
    2.1235
    2.1432
    2.1379
    2.1293
    2.1003
    2.1175
    2.1664
    2.1305
    2.1372
    2.1216
    2.1307
    2.1365
    2.1227
    2.1279
    2.1465
    2.1862
    2.1543
    2.2147
    2.1660
    2.1281
    2.1198
    2.1273
    2.1047
    2.0894
    2.0653
    2.0274
    2.0003
    2.0144
    2.0400
    1.9892
    1.9569
    1.9408
    1.9042
    1.9157
    1.8661
    1.8700
    1.8347
    1.8522
    1.8719
    1.8739
    1.8995
    1.9157
    1.9329
    1.9180
    1.8473
    1.8334
    1.8426
    1.8305
    1.8058
    1.7850
    1.7811
    1.7765
    1.7697
    1.7851
    1.8061
    1.8015
    1.7849
    1.7638
    1.7588
    1.7498
    1.7623
    1.7911
    1.7622
    1.7816
    1.7662
    1.7736
    1.7730
    1.8105
    1.7681
    1.7667
    1.7410
    1.7388
    1.7315
    1.7126
    1.7050
    1.7060
    1.7028
    1.6822
    1.6842
    1.6928
    1.6869
    1.6780
    1.6968
    1.7236
    1.7193
    1.7199
    1.7477
    1.7606
    1.7561
    1.7567
    1.7418
    1.7753
    1.7768
    1.7891
    1.8316
    1.8503
    1.8584
    1.8659
    1.8706
    1.8794
    1.8606
    1.8723
    1.8698
    1.8569
    1.8527
    1.8618
    1.8754
    1.8890
    1.8526
    1.8612
    1.8456
    1.8286
    1.8378
    1.8545
    1.8516
    1.8505
    1.8295
    1.8606
    1.8740
    1.9259
    1.9553
    1.9592
    1.9798
    1.9997
    2.0050
    2.0354
    2.0389
    2.0536
    2.0432
    2.0575
    2.0576
    2.0704
    2.0495
    2.0595
    2.0319
    2.0463
    2.0462
    2.0465
    2.0978
    2.1029
    2.0893
    2.1059
    2.1077
    2.1215
    2.1223
    2.1015
    2.1030
    2.0928
    2.0932
    2.1116
    2.1124
    2.1373
    2.1444
    2.1683
    2.1893
    2.1901
    2.2217
    2.2238
    2.2472
    2.2727
    2.3077
    2.3164
    2.3110
    2.3343
    2.3242
    2.3374
    2.3563
    2.3720
    2.3949
    2.4083
    2.4130
    2.4337
    2.4579
    2.4545
    2.4809
    2.5015
    2.5147
    2.5210
    2.5565
    2.5379
    2.5767
    2.5908
    2.5743
    2.5698
    2.6112
    2.5961
    2.6196
    2.6254
    2.6527
    2.6611
    2.6330
    2.6485
    2.6813
    2.7282
    2.7223
    2.7247
    2.7381
    2.7580
    2.7850
    2.7792
    2.7518
    2.7551
    2.7792
    2.7539
    2.7699
    2.7159
    2.7086
    2.7225
    2.7603
    2.7553
    2.7220
    2.7492
    2.7565
    2.7549
    2.7365
    2.7823
    2.8185
    2.8456
    2.9632
    2.9833
    3.0856
    3.1059
    3.1807
    3.3384
    3.7362
    3.8132
    3.8694
    3.9158
    3.9375
    3.9817
    3.9930
    3.9861
    3.9491
    3.8969
    3.8936
    3.9182
    3.8944
    3.8594
    3.8562
    3.8633
    3.8544
    3.8388
    3.7792
    3.7961
    3.7516
    3.7349
    3.7134
    3.6672
    3.6344
    3.6081
    3.5952
    3.5811
    3.5343
    3.5026
    3.4674
    3.4582
    3.4130
    3.3990
    3.3946
    3.3829
    3.3628
    3.3640
    3.3340
    3.3152
    3.2989
    3.3171
    3.3066
    3.2919
    3.2911
    3.2850
    3.2670
    3.2581
    3.2392
    3.2372
    3.2327
    3.2103
    3.1825
    3.1775
    3.1617
    3.1646
    3.1669
    3.1651
    3.1760
    3.1651
    3.1606
    3.1584
    3.1586
    3.1533
    3.1460
    3.1125
    3.1049
    3.0793
    3.0826
    3.0605
    3.0684
    3.0645
    3.0500
    3.0257
    3.0129
    2.9979
    2.9924
    2.9763
    2.9746
    2.9654
    2.9553
    2.9218
    2.9091
    2.9111
    2.9183
    2.9148
    2.8913
    2.8929
    2.8587
    2.7770
    2.6700
    2.6407
    2.6150
    2.5940
    2.5831
    2.5766
    2.5665
    2.5635
    2.5429
    2.5224
    2.5204
    2.5209
    2.5309
    2.5304
    2.5273
    2.5110
    2.4727
    2.4680
    2.4658
    2.4711
    2.4627
    2.4628
    2.4539
    2.4439
    2.4324
    2.4263
    2.4339
    2.4186
    2.4203
    2.3967
    2.4039
    2.3924
    2.3748
    2.3844
    2.3777
    2.3753
    2.3778
    2.3750
    2.3672
    2.3390
    2.3290
    2.3080
    2.2943
    2.2667
    2.2558
    2.2247
    2.2085
    2.1728
    2.1307
    2.1275
    2.0569
    1.7713
    1.7163
    1.6851
    1.6511
    1.6318
    1.5908
    1.5749
    1.5787
    1.5433
    1.5379
    1.5293
    1.5160
    1.5047
    1.4897
    1.5104
    1.5122
    1.5093
    1.5005
    1.4999
    1.4892
    1.4839
    1.4716
    1.4768
    1.4769
    1.4677
    1.4612
    1.4597
    1.4672
    1.4662
    1.4558
    1.4362
    1.4194
    1.4167
    1.4021
    1.3887
    1.3987
    1.3981
    1.4027
    1.4229
    1.4446
    1.4578
    1.4490
    1.4490
    1.4256
    1.4180
    1.4201
    1.4113
    1.4114
    1.4122
    1.4177
    1.4129
    1.4007
    1.3942
    1.3873
    1.3895
    1.3802
    1.3827
    1.3805
    1.3813
    1.4012
    1.4026
    1.4014
    1.4119
    1.4401
    1.4357
    1.4518
    1.4491
    1.4586
    1.4536
    1.4402
    1.4291
    1.4348
    1.4378
    1.4447
    1.4386
    1.4442
    1.4409
    1.4398
    1.4379
    1.4307
    1.4266
    1.4300
    1.4364
    1.4368
    1.4361
    1.4354
    1.4399
    1.4385
    1.4426
    1.4376
    1.4396
    1.4374
    1.4392
    1.4397
    1.4461
    1.4418
    1.4479
    1.4449
    1.4506
    1.4507
    1.4468
    1.4488
    1.4541
    1.4554
    1.4540
    1.4474
    1.4455
    1.4436
    1.4417
    1.4389
    1.4430
    1.4475
    1.4699
    1.4984
    1.5058
    1.5097
    1.5144
    1.5143
    1.5156
    1.5166
    1.5200
    1.5176
    1.5139
    1.5184
    1.5239
    1.5139
    1.5162
    1.5093
    1.5079
    1.5061
    1.5042
    1.5043
    1.5108
    1.5129
    1.5086
    1.5079
    1.5090
    1.5071
    1.5100
    1.5098
    1.5096
    1.5086
    1.5096
    1.5122
    1.5132
    1.5123
    1.5095
    1.5161
    1.5126
    1.5203
    1.5163
    1.5147
    1.5195
    1.5199
    1.5212
    1.5169
    1.5179
    1.5152
    1.5136
    1.5149
    1.5138
    1.5175
    1.5127
    1.5126
    1.5164
    1.5175
    1.5168
    1.5132
    1.5092
    1.5065
    1.5106
    1.5153
    1.5156
    1.5178
    1.5213
    1.5210
    1.5187
    1.5192
    1.5103
    1.5113
    1.5158
    1.5157
    1.5175
    1.5177
    1.5226
    1.5256
    1.5223
    1.5193
    1.5212
    1.5236
    1.5238
    1.5263
    1.5282
    1.5313
    1.5234
    1.5150
    1.5144
    1.5167
    1.5201
    1.5204
    1.5181
    1.5182
    1.5149
    1.5234
    1.5251
    1.5290
    1.5238
    1.5305
    1.5367
    1.5368
    1.5341
    1.5289
    1.5353
    1.5449
    1.5537
    1.5621
    1.5769
    1.5814
    1.5815
    1.5984
    1.6152
    1.6086
    1.6130
    1.6171
    1.6227
    1.6045
    1.5824
    1.5827
    1.5716
    1.5855
    1.5878
    1.6212
    1.6347
    1.6413
    1.6394
    1.6521
    1.6521
    1.6643
    1.6674
    1.6622
    1.6678
    1.6853
    1.6997
    1.7162
    1.7258
    1.7258
    1.7310
    1.7518
    1.7498
    1.7634
    1.7673
    1.7412
    1.7339
    1.7352
    1.7352
    1.7195
    1.6977
    1.6762
    1.7088
    1.6905
    1.7143
    1.6959
    1.7083
    1.7394
    1.7394
    1.7656
    1.7604
    1.7651
    1.7571
    1.7525
    1.7832
    1.7636
    1.7771
    1.7771
    1.7843
    1.7985
    1.8119
    1.8441
    1.8815
    1.8769
    1.8620
    1.8523
    1.8523
    1.8568
    1.8588
    1.8422
    1.8186
    1.8232
    1.7967
    1.8405
    1.8428
    1.8428
    1.8440
    1.8669
    1.8659
    1.8409
    1.8673
    1.8937
    1.8744
    1.8808
    1.8808
    1.8471
    1.8513
    1.8954
    1.8887
    1.8831
    1.8669
    1.8809
    1.8870
    1.8870
    1.8962
    1.8924
    1.9420
    1.9828
    2.0265
    2.0780
    2.0696
    2.0277
    2.0268
    2.0268
    2.0318
    2.0755
    2.0958
    2.1440
    2.1569
    2.1577
    2.1588
    2.1244
    2.1244
    2.1261
    2.0570
    2.2063
    2.1803
    2.1676
    2.2035
    2.1578
    2.1892
    2.1892
    2.2035
    2.1333
    2.1617
    2.1853
    2.2235
    2.2416
