    1.4435
    1.6596
    1.3875
    2.8984
    4.7715
   13.7197
    3.7388
    1.9071
    2.7255
    3.7138
    3.2753
    2.3515
    2.0443
    1.9855
    3.0358
    2.6185
    2.7309
    3.2438
    3.2871
    3.4529
    4.2364
    4.0959
    3.9119
    4.1748
    3.1646
    2.2020
    2.0110
    2.0109
    1.8653
    1.7936
    1.5842
    1.4948
    1.6373
    1.6128
    1.6519
    1.5856
    1.5300
    1.4954
    1.5151
    1.6183
    1.6203
    1.6192
    1.6124
    1.4260
    1.2664
    1.3761
    1.6321
    1.7232
    1.9518
    2.0803
    2.2360
    2.4563
    2.3551
    2.6990
    2.6354
    2.9199
    3.2631
    3.3594
    3.0730
    3.2419
    2.8630
    2.8934
    2.9321
    3.0633
    2.9372
    2.6318
    2.7220
    2.7312
    2.3946
    2.0921
    1.9335
    1.9110
    1.7456
    1.7296
    1.6845
    1.5422
    1.5290
    1.4251
    1.3357
    1.2739
    1.2701
    1.2106
    1.1614
    1.0575
    0.9695
    0.8713
    0.9171
    0.9806
    0.9813
    0.8705
    0.8433
    0.8156
    0.7903
    0.7638
    0.7430
    0.7210
    0.7410
    0.7833
    0.7864
    0.7376
    0.7293
    0.7375
    0.6981
    0.6679
    0.6560
    0.6623
    0.6674
    0.6579
    0.6605
    0.6616
    0.6337
    0.6239
    0.6396
    0.6542
    0.6807
    0.6798
    0.6594
    0.6452
    0.6499
    0.6559
    0.6560
    0.6285
    0.6291
    0.6200
    0.6202
    0.6258
    0.6206
    0.6034
    0.6124
    0.6382
    0.6475
    0.6458
    0.6310
    0.6267
    0.6320
    0.6343
    0.6119
    0.6148
    0.6188
    0.6223
    0.6074
    0.5891
    0.5849
    0.5730
    0.5726
    0.5849
    0.5951
    0.6063
    0.6110
    0.6066
    0.6009
    0.6136
    0.6319
    0.6226
    0.6198
    0.6198
    0.6225
    0.6145
    0.6156
    0.6304
    0.6269
    0.6361
    0.6299
    0.6194
    0.6134
    0.6227
    0.6455
    0.6505
    0.6731
    0.6733
    0.6913
    0.6928
    0.6913
    0.6971
    0.7033
    0.6903
    0.6838
    0.6909
    0.6969
    0.6987
    0.6963
    0.7023
    0.7033
    0.6970
    0.7070
    0.7019
    0.7222
    0.7206
    0.7079
    0.7122
    0.7199
    0.7154
    0.7216
    0.7203
    0.7170
    0.7169
    0.7259
    0.7198
    0.7238
    0.7378
    0.7394
    0.7464
    0.7556
    0.7391
    0.7471
    0.7621
    0.7636
    0.7770
    0.7837
    0.7774
    0.7821
    0.7854
    0.7943
    0.7983
    0.7972
    0.8047
    0.8152
    0.8256
    0.8286
    0.8204
    0.8123
    0.8367
    0.8475
    0.8767
    0.8680
    0.8784
    0.8780
    0.8914
    0.8892
    0.8830
    0.8831
    0.8831
    0.8952
    0.8951
    0.8861
    0.8892
    0.8976
    0.9176
    0.9119
    0.9323
    0.9221
    0.9305
    0.9306
    0.9520
    0.9615
    0.9488
    0.9461
    0.9485
    0.9543
    0.9662
    0.9728
    0.9692
    0.9763
    0.9842
    0.9929
    1.0023
    1.0189
    1.0319
    1.0295
    1.0318
    1.0262
    0.9739
    0.9758
    0.9739
    0.9629
    0.9630
    0.9717
    0.9660
    0.9748
    0.9918
    0.9884
    0.9904
    0.9814
    0.9626
    0.9659
    0.9674
    0.9773
    0.9762
    0.9795
    0.9770
    0.9680
    0.9605
    0.9622
    0.9557
    0.9447
    0.9602
    0.9554
    0.9631
    0.9623
    0.9890
    0.9772
    0.9932
    0.9803
    0.9780
    0.9911
    0.9832
    0.9973
    1.0056
    1.0046
    1.0112
    1.0303
    1.0207
    1.0129
    1.0241
    1.0376
    1.0553
    1.0631
    1.0709
    1.0847
    1.1228
    1.1377
    1.1514
    1.1795
    1.1656
    1.1392
    1.1672
    1.1790
    1.1899
    1.1622
    1.1526
    1.1411
    1.1428
    1.1438
    1.1288
    1.1136
    1.1127
    1.1077
    1.1140
    1.1288
    1.1257
    1.1435
    1.1329
    1.1294
    1.1250
    1.1252
    1.1221
    1.1211
    1.1215
    1.1081
    1.0949
    1.1049
    1.0948
    1.1302
    1.1452
    1.1689
    1.1783
    1.1663
    1.1529
    1.1531
    1.1759
    1.1761
    1.1597
    1.1620
    1.1566
    1.1626
    1.1604
    1.1609
    1.1681
    1.1715
    1.1647
    1.1640
    1.1658
    1.1599
    1.1662
    1.1709
    1.1809
    1.1719
    1.1863
    1.1894
    1.1881
    1.2003
    1.1903
    1.2027
    1.1964
    1.1890
    1.1913
    1.1971
    1.1949
    1.1876
    1.1948
    1.2085
    1.2159
    1.2192
    1.2270
    1.2330
    1.2445
    1.2449
    1.2451
    1.2490
    1.2442
    1.2484
    1.2570
    1.2640
    1.2624
    1.2659
    1.2704
    1.2970
    1.2986
    1.3015
    1.3039
    1.3107
    1.3244
    1.3372
    1.3418
    1.3604
    1.3694
    1.3677
    1.3728
    1.3789
    1.3935
    1.3955
    1.3979
    1.4028
    1.4120
    1.4140
    1.4230
    1.4441
    1.4585
    1.4600
    1.4756
    1.4740
    1.4736
    1.4864
    1.4881
    1.5043
    1.5004
    1.5091
    1.5198
    1.5178
    1.5288
    1.5271
    1.5184
    1.5218
    1.5248
    1.5278
    1.5262
    1.5361
    1.5422
    1.5458
    1.5424
    1.5445
    1.5491
    1.5527
    1.5599
    1.5667
    1.5837
    1.5849
    1.5904
    1.5863
    1.5912
    1.5971
    1.6066
    1.6148
    1.6210
    1.6223
    1.6295
    1.6372
    1.6450
    1.6416
    1.6365
    1.6415
    1.6564
    1.6546
    1.6598
    1.6701
    1.6725
    1.6684
    1.6775
    1.6883
    1.7000
    1.7185
    1.7372
    1.7672
    1.7868
    1.7905
    1.8019
    1.8013
    1.8101
    1.8131
    1.8051
    1.8119
    1.8050
    1.8044
    1.7994
    1.8097
    1.8055
    1.8110
    1.8183
    1.8185
    1.8226
    1.8171
    1.8091
    1.8038
    1.8065
    1.8117
    1.8121
    1.8078
    1.8067
    1.8163
    1.8148
    1.8240
    1.8250
    1.8388
    1.8442
    1.8501
    1.8526
    1.8676
    1.8782
    1.8898
    1.8911
    1.9038
    1.9185
    1.9248
    1.9243
    1.9416
    1.9455
    1.9435
    1.9444
    1.9568
    1.9597
    1.9697
    1.9672
    1.9782
    1.9821
    1.9772
    1.9838
    1.9667
    1.9980
    2.0127
    2.0298
    2.0370
    2.0179
    2.0159
    2.0211
    2.0244
    2.0339
    2.0385
    2.0236
    2.0135
    2.0213
    2.0229
    2.0314
    2.0257
    2.0087
    1.9924
    1.9895
    1.9775
    1.9604
    1.9624
    1.9513
    1.9313
    1.9417
    1.9391
    1.9352
    1.9333
    1.9233
    1.9130
    1.9037
    1.9038
    1.8975
    1.8945
    1.8825
    1.8794
    1.8647
    1.8715
    1.8755
    1.8673
    1.8631
    1.8666
    1.8667
    1.8648
    1.8692
    1.8716
    1.8745
    1.8754
    1.8798
    1.8753
    1.8776
    1.8816
    1.8913
    1.8944
    1.8867
    1.8876
    1.8863
    1.8804
    1.8859
    1.8884
    1.8956
    1.8971
    1.8958
    1.8902
    1.8816
    1.8732
    1.8691
    1.8678
    1.8795
    1.8770
    1.8680
    1.8677
    1.8697
    1.8781
    1.8682
    1.8685
    1.8848
    1.8989
    1.8874
    1.9012
    1.8947
    1.8985
    1.9054
    1.8942
    1.8988
    1.8894
    1.8867
    1.8983
    1.8972
    1.8997
    1.9002
    1.8966
    1.9021
    1.9026
    1.8995
    1.9041
    1.8906
    1.8927
    1.8924
    1.8945
    1.8918
    1.8946
    1.8891
    1.8882
    1.8948
    1.8986
    1.8877
    1.8880
    1.8795
    1.8933
    1.8855
    1.8782
    1.8742
    1.8698
    1.8745
    1.8864
    1.8792
    1.8869
    1.9025
    1.9089
    1.9049
    1.9080
    1.9153
    1.9264
    1.9362
    1.9344
    1.9323
    1.9419
    1.9302
    1.9348
    1.9321
    1.9302
    1.9288
    1.9253
    1.9316
    1.9323
    1.9407
    1.9195
    1.9156
    1.9158
    1.9221
    1.9248
    1.9201
    1.9387
    1.9482
    1.9524
    1.9576
    1.9509
    1.9599
    1.9797
    2.0063
    1.9993
    1.9807
    1.9670
    1.9639
    1.9625
    1.9829
    2.0119
    2.0213
    2.0286
    2.0375
    2.0581
    2.0648
    2.0908
    2.0976
    2.1228
    2.1269
    2.1513
    2.1590
    2.1545
    2.1639
    2.1569
    2.1488
    2.1643
    2.1775
    2.2003
    2.2119
    2.2186
    2.2312
    2.2603
    2.2672
    2.2642
    2.2937
    2.2851
    2.2943
    2.3156
    2.3129
    2.3554
    2.3472
    2.3359
    2.3472
    2.3478
    2.3563
    2.3683
    2.3718
    2.3724
    2.3827
    2.3975
    2.4058
    2.4077
    2.4152
    2.4208
    2.4333
    2.4345
    2.4312
    2.4436
    2.4232
    2.4135
    2.4246
    2.4416
    2.4213
    2.4434
    2.4323
    2.4299
    2.4316
    2.4281
    2.4267
    2.4339
    2.4387
    2.4508
    2.4502
    2.4446
    2.4278
    2.4277
    2.4485
    2.4488
    2.4628
    2.4622
    2.4682
    2.4658
    2.4637
    2.4644
    2.4499
    2.4539
    2.4444
    2.4478
    2.4546
    2.4518
    2.4673
    2.4681
    2.4836
    2.5023
    2.5013
    2.4966
    2.4964
    2.5049
    2.5076
    2.4914
    2.4916
    2.4918
    2.4888
    2.4928
    2.4890
    2.4958
    2.4978
    2.5128
    2.5260
    2.5219
    2.5520
    2.5480
    2.5580
    2.5575
    2.5585
    2.5646
    2.5583
    2.5727
    2.5850
    2.5820
    2.5754
    2.5767
    2.5763
    2.5926
    2.5980
    2.6173
    2.6101
    2.6113
    2.6220
    2.6404
    2.6461
    2.6497
    2.6566
    2.6625
    2.6411
    2.6382
    2.6304
    2.6176
    2.6149
    2.6074
    2.6049
    2.6037
    2.6005
    2.5978
    2.5851
    2.5828
    2.5920
    2.6008
    2.5952
    2.5949
    2.5892
    2.6052
    2.6078
    2.6143
    2.6155
    2.6220
    2.6234
    2.6195
    2.6295
    2.6289
    2.6334
    2.6419
    2.6546
    2.6518
    2.6457
    2.6416
    2.6368
    2.6449
    2.6453
    2.6486
    2.6487
    2.6444
    2.6389
    2.6393
    2.6524
    2.6460
    2.6477
    2.6490
    2.6551
    2.6452
    2.6651
    2.6932
    2.7146
    2.7330
    2.7392
    2.7326
    2.7326
    2.7201
    2.7261
    2.7481
    2.7480
    2.7408
    2.7357
    2.7340
    2.7224
    2.7222
    2.7229
    2.7111
    2.7442
    2.7265
    2.7184
    2.7203
    2.7318
    2.7409
    2.7405
    2.7692
    2.7879
    2.7908
    2.7912
    2.7812
    2.7935
    2.7788
    2.7883
    2.7722
    2.7719
    2.7416
    2.7504
    2.7714
    2.7591
    2.7757
    2.7995
    2.7920
    2.7664
    2.7657
    2.7947
    2.7266
    2.7539
    2.7769
    2.7611
    2.7675
    2.7623
    2.7463
    2.7460
    2.7413
    2.7430
    2.7406
    2.7209
    2.6932
    2.6706
    2.6729
    2.6787
    2.6787
    2.6620
    2.6568
    2.6364
    2.6229
    2.6265
    2.6121
    2.6625
    2.7208
    2.7208
    2.6993
    2.6868
    2.6665
    2.7020
    2.6383
    2.6627
    2.6826
    2.6857
    2.6857
    2.6955
    2.7020
    2.7050
    2.7090
    2.7272
    2.7055
    2.7225
    2.7231
    2.7432
    2.7432
    2.7594
    2.7150
    2.6930
    2.6870
    2.6884
    2.7001
    2.6648
    2.6554
    2.6554
    2.6982
    2.7136
    2.7183
    2.7600
    2.7468
    2.7423
    2.7349
    2.7743
    2.7743
    2.7571
    2.7331
    2.7454
    2.7171
    2.7179
    2.6853
    2.7010
    2.7412
    2.7412
    2.7955
    2.7771
    2.7802
    2.8223
    2.8393
    2.8483
    2.8303
    2.8665
    2.8665
    2.9610
    3.0010
    2.9915
    3.0332
    2.9727
    3.0036
    2.9464
    2.9314
    2.9314
    2.8469
    2.8738
    2.8509
    2.8580
    2.9078
    2.8979
    2.9315
    2.8629
    2.8867
    2.8867
    2.8457
    2.8854
    2.9125
    2.9364
    2.9490
    2.9282
    2.9801
    2.9773
    2.9773
    2.9103
    2.8338
    2.8213
    2.7508
    2.5961
    2.5497
    2.4995
    2.4523
    2.4523
    2.4169
    2.3458
    2.4865
    2.5924
    2.5214
    2.5215
