   14.8900
   26.8013
   37.1199
   20.3449
    2.1834
    5.9499
    1.3093
    1.4936
    2.1996
    2.3610
    2.2088
    2.4335
    2.2674
    2.4207
    2.8942
    2.3174
    2.6038
    2.1975
    2.0237
    1.8108
    1.6624
    1.4925
    1.4731
    1.3949
    1.6965
    1.6086
    1.7043
    1.7497
    1.8127
    2.0321
    2.1330
    2.1653
    1.8611
    2.0657
    2.2088
    2.2629
    2.3008
    2.2126
    2.3860
    2.0904
    2.0545
    2.2662
    2.0122
    1.7968
    1.5630
    1.4728
    1.4011
    1.2293
    0.9549
    1.0741
    1.1467
    1.1331
    1.1876
    1.1829
    1.1496
    1.1491
    1.2358
    1.3622
    1.4511
    1.6144
    1.7446
    2.1680
    2.2357
    2.3394
    2.3921
    2.3090
    2.3014
    2.3996
    2.2820
    2.1907
    2.0619
    1.8943
    1.7347
    1.6762
    1.5792
    1.5135
    1.4891
    1.3796
    1.2927
    1.2539
    1.2886
    1.3748
    1.4615
    1.5261
    1.4907
    1.5330
    1.6026
    1.6887
    1.6533
    1.7469
    1.8933
    1.8870
    1.8424
    1.9196
    1.9400
    1.9243
    1.8493
    2.2128
    2.3016
    2.3865
    2.3793
    2.3797
    2.3258
    2.4149
    2.5004
    2.5037
    2.4650
    2.4120
    2.4646
    2.4373
    2.5819
    2.6319
    2.5443
    2.5183
    2.3695
    2.5760
    2.7304
    2.6819
    2.8215
    2.8960
    2.9839
    3.0404
    2.8966
    2.7677
    2.7415
    2.7007
    2.6940
    2.7002
    2.7449
    2.7990
    2.8030
    2.6746
    2.6295
    2.6477
    2.4773
    2.5525
    2.6891
    2.6295
    2.5998
    2.5278
    2.5575
    2.5289
    2.5873
    2.6271
    2.6636
    2.4940
    2.4931
    2.5116
    2.5576
    2.4402
    2.3318
    2.3136
    2.4714
    2.4872
    2.5065
    2.5286
    2.5159
    2.5531
    2.5098
    2.5289
    2.5398
    2.5194
    2.7560
    2.7261
    2.7798
    2.7593
    2.7404
    2.7320
    2.7267
    2.7480
    2.7076
    2.6279
    2.5713
    2.5806
    2.5927
    2.5121
    2.5326
    2.5319
    2.5738
    2.5334
    2.5105
    2.4641
    2.4463
    2.4104
    2.4726
    2.4168
    2.3792
    2.3403
    2.3421
    2.3643
    2.5146
    2.4342
    2.4637
    2.4195
    2.4744
    2.4354
    2.4511
    2.4870
    2.5149
    2.7509
    2.8573
    2.9573
    2.9313
    2.9974
    2.9576
    2.9462
    2.9727
    2.9809
    3.0392
    3.1344
    3.2069
    3.2162
    3.1371
    3.1024
    3.0527
    3.0124
    3.0233
    3.0492
    3.0251
    3.0087
    3.1249
    3.1971
    3.2713
    3.4515
    3.6380
    3.7292
    3.7412
    3.7619
    4.3554
    4.3224
    4.3110
    4.3491
    4.5123
    4.5993
    4.7427
    4.8703
    5.0050
    5.1264
    5.1278
    5.3929
    5.4433
    5.5473
    5.6925
    5.8190
    5.8789
    5.9004
    5.9000
    5.9291
    6.0799
    6.0718
    6.1165
    6.0153
    5.9155
    5.7899
    5.7051
    5.5313
    5.3831
    5.4294
    5.3691
    5.4327
    5.3960
    5.2943
    5.1848
    5.1575
    5.0620
    5.0480
    5.0307
    5.0511
    5.1761
    5.0797
    5.2155
    5.0975
    5.0223
    4.9996
    4.9253
    5.0107
    4.9009
    4.6061
    4.4519
    4.4108
    4.3845
    4.3008
    4.2043
    4.1636
    4.1300
    4.1288
    4.1179
    3.8778
    3.7649
    3.7752
    3.8147
    3.8078
    3.7151
    3.7866
    3.7271
    3.6738
    3.6404
    3.6128
    3.5682
    3.5432
    3.5626
    3.5472
    3.5325
    3.5266
    3.5218
    3.5031
    3.5039
    3.4757
    3.4639
    3.4264
    3.3619
    3.3321
    3.2674
    3.1861
    3.1635
    3.1454
    3.1169
    3.1252
    3.1543
    3.1340
    3.1292
    3.1745
    3.1894
    3.2324
    3.2179
    3.2347
    3.2253
    3.2030
    3.1922
    3.2026
    3.2098
    3.2592
    3.1981
    3.1941
    3.1744
    3.1107
    3.0885
    3.0443
    3.0551
    3.0589
    3.0749
    3.0323
    3.1014
    3.1300
    3.1498
    3.2568
    3.2922
    3.3928
    3.4801
    3.5241
    3.4955
    3.5554
    3.5518
    3.5366
    3.5085
    3.5050
    3.5011
    3.4780
    3.4808
    3.4854
    3.4713
    3.5081
    3.4919
    3.4921
    3.5124
    3.5052
    3.5219
    3.5134
    3.4587
    3.4135
    3.3818
    3.3939
    3.3516
    3.3479
    3.3024
    3.2738
    3.2607
    3.2348
    3.2350
    3.1914
    3.2176
    3.2106
    3.1670
    3.1027
    3.0685
    3.0405
    2.9711
    2.9620
    2.9147
    2.9105
    2.8895
    2.9159
    2.9036
    2.9570
    2.9191
    2.9313
    2.9082
    2.8630
    2.8318
    2.8081
    2.7788
    2.7240
    2.6449
    2.6268
    2.6113
    2.5838
    2.5700
    2.5239
    2.4669
    2.4441
    2.4148
    2.3818
    2.3920
    2.3841
    2.3068
    2.2830
    2.2255
    2.1688
    2.1465
    2.1260
    2.1146
    2.0961
    2.0775
    2.0744
    2.0887
    2.0854
    2.0802
    2.0746
    2.0760
    2.0723
    2.0799
    2.0646
    2.0624
    2.0505
    2.0028
    1.9242
    1.8714
    1.8255
    1.7506
    1.7457
    1.7207
    1.7248
    1.7090
    1.6901
    1.6746
    1.6491
    1.6449
    1.6218
    1.6122
    1.6260
    1.6271
    1.6110
    1.5955
    1.5892
    1.5762
    1.5636
    1.5636
    1.5660
    1.5619
    1.5477
    1.5366
    1.5258
    1.5171
    1.5172
    1.5224
    1.5219
    1.4941
    1.4950
    1.4943
    1.4958
    1.4907
    1.4731
    1.4733
    1.4625
    1.4511
    1.4560
    1.4612
    1.4461
    1.4504
    1.4573
    1.4772
    1.4914
    1.5046
    1.5284
    1.5297
    1.5478
    1.5423
    1.5439
    1.5341
    1.5359
    1.5408
    1.5584
    1.5650
    1.5530
    1.5503
    1.5453
    1.5280
    1.5237
    1.5218
    1.5427
    1.5564
    1.5641
    1.5656
    1.5718
    1.5747
    1.5717
    1.6062
    1.6533
    1.6686
    1.6848
    1.7199
    1.8088
    1.8224
    1.8348
    1.8873
    1.8865
    1.9039
    1.9139
    1.9238
    1.9286
    1.9462
    1.9759
    1.9862
    1.9839
    1.9947
    2.0035
    2.0077
    2.0231
    2.0406
    2.0482
    2.0591
    2.0616
    2.0682
    2.0770
    2.0822
    2.0885
    2.1098
    2.1286
    2.2339
    2.3702
    2.4120
    2.4402
    2.4520
    2.4537
    2.4599
    2.4506
    2.4473
    2.4751
    2.4813
    2.4721
    2.4471
    2.4308
    2.4163
    2.3900
    2.3737
    2.3681
    2.3600
    2.3633
    2.3844
    2.3835
    2.3822
    2.3961
    2.3925
    2.3791
    2.3739
    2.3588
    2.3564
    2.3554
    2.3501
    2.3578
    2.3674
    2.3603
    2.3642
    2.3633
    2.3473
    2.3354
    2.3387
    2.3363
    2.3490
    2.3440
    2.3351
    2.3286
    2.3359
    2.3376
    2.3384
    2.3353
    2.3332
    2.3443
    2.3579
    2.3632
    2.3597
    2.3617
    2.3600
    2.3667
    2.3723
    2.3726
    2.3822
    2.3779
    2.3816
    2.3769
    2.3706
    2.3803
    2.3828
    2.3760
    2.3758
    2.3655
    2.3658
    2.3836
    2.3961
    2.4230
    2.4385
    2.4451
    2.4796
    2.5173
    2.5215
    2.5577
    2.5812
    2.5883
    2.5953
    2.5987
    2.6304
    2.6310
    2.6451
    2.6388
    2.6567
    2.6686
    2.6901
    2.6894
    2.6987
    2.6935
    2.6830
    2.6951
    2.7004
    2.7143
    2.7063
    2.6991
    2.7143
    2.6962
    2.6912
    2.6852
    2.6907
    2.6974
    2.6920
    2.6772
    2.6384
    2.6558
    2.6618
    2.6898
    2.6912
    2.7245
    2.7289
    2.7315
    2.7471
    2.7539
    2.7612
    2.7617
    2.7698
    2.8121
    2.8451
    2.8744
    2.9109
    2.9444
    2.9541
    2.9867
    3.0007
    3.0187
    3.0260
    3.0410
    3.1072
    3.2592
    3.2984
    3.3090
    3.3325
    3.3199
    3.3162
    3.3101
    3.3183
    3.3415
    3.3745
    3.3030
    3.1698
    3.1525
    3.1601
    3.1741
    3.1788
    3.2076
    3.2426
    3.2910
    3.3308
    3.4250
    3.5108
    3.5850
    3.6124
    3.6903
    3.8349
    4.0029
    4.0379
    4.1863
    4.2500
    4.3020
    4.3963
    4.4565
    4.5502
    4.5528
    4.5582
    4.5811
    4.6124
    4.6465
    4.6979
    4.7276
    4.8038
    4.8395
    4.8836
    4.8900
    4.8857
    4.9050
    4.9381
    4.9445
    4.9453
    4.9637
    4.9876
    5.0237
    5.0094
    5.0489
    5.0477
    5.0883
    5.1281
    5.1210
    5.1063
    5.1026
    5.1462
    5.1550
    5.1708
    5.2150
    5.1852
    5.2653
    5.3137
    5.3006
    5.3028
    5.3233
    5.3634
    5.4199
    5.4011
    5.3922
    5.4314
    5.4672
    5.4713
    5.4729
    5.5055
    5.5481
    5.5474
    5.5608
    5.5409
    5.5487
    5.5755
    5.5583
    5.5761
    5.5291
    5.5305
    5.4258
    5.4245
    5.4172
    5.4061
    5.4209
    5.4146
    5.4127
    5.4120
    5.4218
    5.4462
    5.4579
    5.4512
    5.4565
    5.4644
    5.4592
    5.4793
    5.4887
    5.4987
    5.5469
    5.5566
    5.5766
    5.5826
    5.5992
    5.6025
    5.6332
    5.6375
    5.6873
    5.7125
    5.7339
    5.7494
    5.7625
    5.7858
    5.8036
    5.8530
    5.8728
    5.9221
    5.9392
    5.9799
    6.0033
    6.0441
    6.0772
    6.1136
    6.1298
    6.1358
    6.1632
    6.1953
    6.1903
    6.2204
    6.2548
    6.2823
    6.2962
    6.3202
    6.3300
    6.3486
    6.3613
    6.3946
    6.4019
    6.4364
    6.4553
    6.4766
    6.4895
    6.4895
    6.4976
    6.5168
    6.5183
    6.5240
    6.5275
    6.5320
    6.5435
    6.5878
    6.6158
    6.6219
    6.6238
    6.6326
    6.6404
    6.6427
    6.6498
    6.6517
    6.6525
    6.6511
    6.6597
    6.6720
    6.6730
    6.6638
    6.6620
    6.6577
    6.6552
    6.6474
    6.6493
    6.6637
    6.6733
    6.6709
    6.6637
    6.6643
    6.6611
    6.6696
    6.6493
    6.6520
    6.6576
    6.6548
    6.6430
    6.6316
    6.6314
    6.6353
    6.6363
    6.6258
    6.6245
    6.6033
    6.5914
    6.5913
    6.5780
    6.5785
    6.5584
    6.5733
    6.5716
    6.5463
    6.5429
    6.5173
    6.5020
    6.4826
    6.4826
    6.4817
    6.4814
    6.4860
    6.4887
    6.4821
    6.4637
    6.4678
    6.4766
    6.4672
    6.4668
    6.4742
    6.4666
    6.4594
    6.4719
    6.4733
    6.4773
    6.4761
    6.4867
    6.4858
    6.4969
    6.5020
    6.5124
    6.5115
    6.5355
    6.5522
    6.5606
    6.5958
    6.5960
    6.5983
    6.6006
    6.6811
    6.6927
    6.7231
    6.7263
    6.7200
    6.7229
    6.7229
    6.7595
    6.7840
    6.7988
    6.7912
    6.8244
    6.8594
    6.8794
    6.9611
    6.9611
    7.0594
    7.1019
    7.1908
    7.3323
    7.3767
    7.3538
    7.3114
    7.2223
    7.2223
    7.2886
    7.3312
    7.4259
    7.3673
    7.3472
    7.3952
    7.4213
    7.3856
    7.3154
    7.3154
    7.3618
    7.3149
    7.3676
    7.4892
    7.5382
    7.4982
    7.6265
    7.6858
    7.6858
    7.9714
    8.0256
    8.5578
    9.2443
    9.2871
    9.7462
   10.2238
   10.5292
   10.5292
   11.2380
   12.0198
   12.6845
   13.0689
   13.0437
   13.1280
   13.2116
   13.5514
   13.5514
   13.9686
   14.2309
   14.9298
   14.9986
   15.3558
   15.5382
   15.8064
   15.5492
   15.5492
   15.6083
   15.5306
   15.9980
   15.9954
   16.0852
   16.1945
   16.4739
   16.6850
   16.6850
   16.5786
   16.3140
   16.2328
   16.1035
   16.0311
   16.2203
   16.2813
   15.9560
   16.1684
   16.1684
   15.9683
   15.3184
   14.9858
   14.5266
   14.1479
   13.5694
   13.4116
   13.1615
   13.1615
   13.0014
   12.7673
   13.0556
   12.6676
   12.2145
   12.3911
   11.6867
   11.2433
   11.2433
   11.2289
   10.8013
   10.6706
   10.4445
   10.4014
   10.0973
