    2.3879
    2.1266
    1.8639
    1.7114
    1.0609
    2.5038
    0.8917
    0.8343
    1.8291
    1.8101
    0.7298
    0.8881
    0.8679
    1.2558
    1.5337
    2.1417
    2.1828
    1.3898
    1.4161
    1.2132
    1.1487
    1.5532
    1.9147
    2.4070
    2.2656
    1.8895
    1.4067
    1.4734
    1.3617
    1.0136
    1.1366
    1.1836
    1.4608
    1.8294
    1.8370
    2.2678
    1.9575
    1.9107
    2.0079
    2.1818
    2.3319
    2.0167
    1.7705
    1.8149
    1.8650
    1.8689
    2.0126
    2.0031
    2.1027
    2.0906
    1.8912
    1.9886
    1.9678
    2.1801
    2.1552
    2.3435
    2.2665
    2.7635
    2.9703
    3.3347
    3.2989
    3.3037
    3.2878
    3.2703
    3.1652
    3.0509
    3.4106
    3.4192
    3.4899
    3.0921
    3.1678
    2.8178
    2.7430
    2.9670
    2.9160
    2.6834
    2.3761
    2.3285
    2.4534
    2.4712
    2.4468
    2.6410
    2.8223
    2.8996
    3.0390
    3.1136
    3.0607
    3.0515
    3.1365
    2.8561
    2.7456
    2.7688
    2.4957
    2.4481
    2.4172
    2.3407
    2.5865
    2.4249
    2.4817
    2.4193
    2.5206
    2.5368
    2.4251
    2.4202
    2.2796
    2.1602
    2.3649
    2.3618
    2.4388
    2.3858
    2.5180
    2.4337
    2.6091
    2.7228
    2.7021
    2.6449
    2.7638
    2.6271
    2.5834
    2.4365
    2.5333
    2.4903
    2.4862
    2.4779
    2.4207
    2.3917
    2.2744
    2.3306
    2.2953
    2.3266
    2.2480
    2.3130
    2.3304
    2.1512
    1.9788
    1.8629
    1.8593
    1.7537
    1.8103
    1.8100
    1.7980
    1.7457
    1.7234
    1.7553
    1.8309
    1.8291
    1.8084
    1.7584
    1.7674
    1.7664
    1.7768
    1.7187
    1.7100
    1.6667
    1.7234
    1.6283
    1.6500
    1.5926
    1.5906
    1.6148
    1.6229
    1.5980
    1.5344
    1.5726
    1.6113
    1.6350
    1.6487
    1.6991
    1.7808
    1.8768
    1.9016
    1.8144
    1.9121
    1.9743
    1.9628
    1.9674
    1.9390
    1.9565
    1.9307
    1.8755
    1.8186
    1.7599
    1.7692
    1.7600
    1.7797
    1.7497
    1.7706
    1.8067
    1.7629
    1.7785
    1.7966
    1.7560
    1.7482
    1.7728
    1.7641
    1.8256
    1.8202
    1.8029
    1.8193
    1.8183
    1.7943
    1.7849
    1.7611
    1.7822
    1.8401
    1.8227
    1.7611
    1.7200
    1.7203
    1.6803
    1.7235
    1.6535
    1.6402
    1.6041
    1.6426
    1.6755
    1.6767
    1.6664
    1.6297
    1.6022
    1.6149
    1.5678
    1.5801
    1.5621
    1.5688
    1.6044
    1.5649
    1.5713
    1.5411
    1.5034
    1.5324
    1.5234
    1.5071
    1.5393
    1.5372
    1.5065
    1.5981
    1.6080
    1.6292
    1.6522
    1.6759
    1.6793
    1.6866
    1.6896
    1.7355
    1.7507
    1.7437
    1.7233
    1.7332
    1.7071
    1.7462
    1.7579
    1.7422
    1.6839
    1.6438
    1.6538
    1.6561
    1.6917
    1.6899
    1.7003
    1.7380
    1.7326
    1.7268
    1.7139
    1.7203
    1.7093
    1.7091
    1.7265
    1.6754
    1.7107
    1.6784
    1.6688
    1.6287
    1.6080
    1.6413
    1.6641
    1.6677
    1.6647
    1.7282
    1.7665
    1.8324
    1.8209
    1.8420
    1.8260
    1.8352
    1.8459
    1.8816
    1.8823
    1.8822
    1.8922
    1.8196
    1.7737
    1.7451
    1.7007
    1.6726
    1.6914
    1.6528
    1.5739
    1.5133
    1.5104
    1.4996
    1.4709
    1.4587
    1.4316
    1.4162
    1.4067
    1.3939
    1.3833
    1.3486
    1.3241
    1.3139
    1.3130
    1.2957
    1.2839
    1.2802
    1.2556
    1.2461
    1.2505
    1.2332
    1.2490
    1.2617
    1.2727
    1.2648
    1.2593
    1.2588
    1.2639
    1.3104
    1.3411
    1.3652
    1.3640
    1.3442
    1.3635
    1.3607
    1.3577
    1.3571
    1.3531
    1.3255
    1.3217
    1.3179
    1.3145
    1.3073
    1.3141
    1.3163
    1.3267
    1.3347
    1.3381
    1.3199
    1.3320
    1.3322
    1.3285
    1.3394
    1.2920
    1.2774
    1.2648
    1.2669
    1.2666
    1.2720
    1.2763
    1.2758
    1.2685
    1.2732
    1.2599
    1.2478
    1.2604
    1.2598
    1.2663
    1.2554
    1.2662
    1.2796
    1.2761
    1.2911
    1.3024
    1.2857
    1.2971
    1.3096
    1.3011
    1.3038
    1.2946
    1.2788
    1.2863
    1.2870
    1.3037
    1.3019
    1.2935
    1.2836
    1.2726
    1.2821
    1.2832
    1.2936
    1.2978
    1.2812
    1.2795
    1.2737
    1.2783
    1.2830
    1.2842
    1.2870
    1.2837
    1.2872
    1.2852
    1.2996
    1.2793
    1.2787
    1.2714
    1.2629
    1.2637
    1.2612
    1.2652
    1.2549
    1.2530
    1.2272
    1.2303
    1.2319
    1.1898
    1.1807
    1.1674
    1.1727
    1.1552
    1.1460
    1.1325
    1.1109
    1.1047
    1.0890
    1.0840
    1.0822
    1.0773
    1.0684
    1.0565
    1.0486
    1.0386
    1.0368
    1.0402
    1.0470
    1.0550
    1.0638
    1.0564
    1.0527
    1.0450
    1.0410
    1.0438
    1.0277
    1.0251
    1.0322
    1.0481
    1.0553
    1.0442
    1.0284
    1.0200
    1.0249
    1.0227
    1.0203
    1.0065
    1.0015
    0.9898
    0.9708
    0.9683
    0.9656
    0.9601
    0.9622
    0.9621
    0.9631
    0.9707
    0.9795
    0.9779
    0.9670
    0.9524
    0.9481
    0.9362
    0.9221
    0.9196
    0.9254
    0.9323
    0.9341
    0.9618
    0.9648
    0.9851
    1.0012
    1.0173
    1.0184
    1.0217
    1.0325
    1.0503
    1.0585
    1.0743
    1.0817
    1.0869
    1.1111
    1.1034
    1.1101
    1.0917
    1.0734
    1.0742
    1.0751
    1.0677
    1.0600
    1.0680
    1.0646
    1.0576
    1.0529
    1.0537
    1.0602
    1.0618
    1.0649
    1.0572
    1.0520
    1.0636
    1.0716
    1.0710
    1.0852
    1.0850
    1.0906
    1.0963
    1.1011
    1.0977
    1.1080
    1.0989
    1.0928
    1.0877
    1.0782
    1.0739
    1.0951
    1.0861
    1.0776
    1.0812
    1.0740
    1.0692
    1.0705
    1.0733
    1.0749
    1.0815
    1.0923
    1.0913
    1.0980
    1.1023
    1.1021
    1.1153
    1.1233
    1.1234
    1.1393
    1.1434
    1.1438
    1.1384
    1.1420
    1.1383
    1.1324
    1.1337
    1.1220
    1.1137
    1.1069
    1.1078
    1.1191
    1.1261
    1.1266
    1.1209
    1.1211
    1.1359
    1.1324
    1.1346
    1.1298
    1.1294
    1.1434
    1.1535
    1.1591
    1.1764
    1.1669
    1.1637
    1.1690
    1.1729
    1.1776
    1.1902
    1.2042
    1.2192
    1.2291
    1.2342
    1.2519
    1.2610
    1.2658
    1.2742
    1.2648
    1.2639
    1.2567
    1.2515
    1.2422
    1.2477
    1.2488
    1.2513
    1.2549
    1.2920
    1.2936
    1.3228
    1.3367
    1.3526
    1.3515
    1.3390
    1.3298
    1.3205
    1.3201
    1.2963
    1.2971
    1.2911
    1.2873
    1.2787
    1.2859
    1.2766
    1.2961
    1.2760
    1.2750
    1.2683
    1.2768
    1.2749
    1.2736
    1.2937
    1.2754
    1.2812
    1.2892
    1.2842
    1.3047
    1.3179
    1.3477
    1.3615
    1.3927
    1.3986
    1.4113
    1.4087
    1.4412
    1.4485
    1.4571
    1.4601
    1.4934
    1.5059
    1.5050
    1.5083
    1.5100
    1.5142
    1.5387
    1.5495
    1.5665
    1.6105
    1.6151
    1.6109
    1.6006
    1.5971
    1.6015
    1.5991
    1.6190
    1.6079
    1.6242
    1.6316
    1.6252
    1.6398
    1.6516
    1.6781
    1.7036
    1.7332
    1.7389
    1.7622
    1.7800
    1.7873
    1.8245
    1.8426
    1.8411
    1.8666
    1.8716
    1.8761
    1.8848
    1.8889
    1.9425
    1.9526
    1.9416
    1.9763
    2.0032
    1.9952
    1.9983
    2.0066
    1.9963
    1.9946
    1.9957
    2.0597
    2.0687
    2.0599
    2.0643
    2.0594
    2.0828
    2.1024
    2.1306
    2.1371
    2.1394
    2.1347
    2.1572
    2.1647
    2.1875
    2.2030
    2.2131
    2.2069
    2.2274
    2.2487
    2.2729
    2.2955
    2.3027
    2.3379
    2.3558
    2.3983
    2.4081
    2.4142
    2.4327
    2.4428
    2.4673
    2.4779
    2.4952
    2.5084
    2.4938
    2.5136
    2.5428
    2.5670
    2.5550
    2.5719
    2.5831
    2.5972
    2.5789
    2.6273
    2.6442
    2.7099
    2.7094
    2.7186
    2.7391
    2.7554
    2.7320
    2.7032
    2.7472
    2.7399
    2.7697
    2.8227
    2.8448
    2.8794
    2.9311
    2.9352
    2.9598
    3.0229
    3.0771
    3.1070
    3.1092
    3.1147
    3.1176
    3.0960
    3.1469
    3.1395
    3.1956
    3.2433
    3.3240
    3.4129
    3.4215
    3.3963
    3.4361
    3.4890
    3.5121
    3.5379
    3.5245
    3.5378
    3.5403
    3.6220
    3.6417
    3.6764
    3.6561
    3.7071
    3.7298
    3.7333
    3.7067
    3.7150
    3.7354
    3.7384
    3.7394
    3.8089
    3.8323
    3.8636
    3.8745
    3.9511
    3.9166
    3.9337
    3.9558
    3.9658
    3.9776
    3.9938
    4.0198
    4.0873
    4.0961
    4.1298
    4.1376
    4.1563
    4.1417
    4.1365
    4.1833
    4.1885
    4.1774
    4.2056
    4.2425
    4.2365
    4.2443
    4.2662
    4.3077
    4.3146
    4.3821
    4.3981
    4.4154
    4.3878
    4.4392
    4.4422
    4.4456
    4.4606
    4.4790
    4.4792
    4.4795
    4.4876
    4.4910
    4.5180
    4.5278
    4.5260
    4.5259
    4.5729
    4.6066
    4.6130
    4.6196
    4.6367
    4.6199
    4.6227
    4.6119
    4.6288
    4.6089
    4.6198
    4.6250
    4.6175
    4.6216
    4.6446
    4.6624
    4.6593
    4.6601
    4.7015
    4.7064
    4.7376
    4.7732
    4.7559
    4.7666
    4.8032
    4.8078
    4.8079
    4.8041
    4.7863
    4.8341
    4.8606
    4.8971
    4.9182
    4.9387
    4.9638
    4.9620
    4.9340
    4.9181
    4.9278
    4.9505
    4.9660
    5.0035
    5.0187
    5.0170
    5.0158
    5.0222
    5.0551
    5.0642
    5.0808
    5.1150
    5.1020
    5.1186
    5.1097
    5.1075
    5.1194
    5.1449
    5.1631
    5.1471
    5.1462
    5.1475
    5.1388
    5.1432
    5.1413
    5.1656
    5.1333
    5.1214
    5.1044
    5.1201
    5.1337
    5.1732
    5.1743
    5.1745
    5.1736
    5.1338
    5.1352
    5.1562
    5.1590
    5.1825
    5.2348
    5.2449
    5.2338
    5.2310
    5.2232
    5.2991
    5.2979
    5.3163
    5.3232
    5.3755
    5.4165
    5.3509
    5.3484
    5.3494
    5.2915
    5.3403
    5.3836
    5.3539
    5.3538
    5.4359
    5.4613
    5.4613
    5.5554
    5.5454
    5.6166
    5.6176
    5.5707
    5.5844
    5.5400
    5.5464
    5.5464
    5.5440
    5.5654
    5.5618
    5.5084
    5.4359
    5.3644
    5.4159
    5.4496
    5.4496
    5.4743
    5.5522
    5.6089
    5.5449
    5.5913
    5.5057
    5.4534
    5.3483
    5.2377
    5.2377
    5.2622
    5.3371
    5.3652
    5.3797
    5.3373
    5.3396
    5.3270
    5.3991
    5.3991
    5.4744
    5.5002
    5.3476
    5.3739
    5.3541
    5.2751
    5.3934
    5.3225
    5.3225
    5.3145
    5.3739
    5.5181
    5.5819
    5.5721
    5.6352
    5.6860
    5.7027
    5.7027
    5.6175
    5.6398
    5.6036
    5.6254
    5.4947
    5.4767
    5.6470
    5.6209
    5.6209
    5.5973
    5.5744
    5.5748
    5.4970
    5.4221
    5.3438
    5.2372
    5.2643
    5.2643
    5.2107
    5.1012
    5.1506
    5.2808
    5.4107
    5.1622
    5.1949
    5.1842
    5.3259
    5.3259
    5.1552
    5.1155
    5.2028
    5.2351
    5.0689
    4.9260
    4.8862
    4.6117
    4.6117
    4.5128
    4.5024
    4.2744
    4.2429
    3.9734
    4.1852
    4.1437
    4.1466
    4.1466
    4.1208
    4.1599
    4.2817
    4.2720
    4.2026
    4.2500
