    4.6421
    4.5611
    4.9805
    3.9967
    6.3995
    3.4924
    3.1416
    5.7373
    5.8267
    5.9399
    5.6070
    5.4388
    5.4739
    6.0414
    5.9527
    5.6679
    5.6302
    5.7524
    5.8382
    6.1547
    6.6357
    7.3125
    8.1210
    8.9488
    9.9855
   10.8330
   11.3830
   11.3167
   11.2193
   11.1040
   10.8233
    9.8329
    8.7326
    7.8988
    7.3237
    6.8927
    6.6202
    6.0476
    5.3342
    5.1274
    4.6464
    4.4107
    4.1611
    3.7985
    3.5498
    3.4512
    3.2985
    3.1156
    3.1184
    3.2388
    3.3264
    3.1011
    3.0838
    3.4188
    3.7171
    3.8712
    4.3822
    4.7536
    5.2702
    5.8292
    6.4556
    6.7940
    6.5414
    6.6945
    6.9715
    6.4244
    6.6256
    5.7733
    4.5242
    4.3078
    3.7122
    3.5241
    3.5315
    2.9284
    2.7708
    2.9363
    2.8033
    2.5905
    2.5197
    2.4839
    2.3439
    2.1917
    2.1833
    2.1513
    2.2337
    2.1504
    2.1837
    2.1922
    2.2888
    2.1950
    2.0056
    2.0033
    1.9043
    1.7202
    1.6459
    1.5589
    1.4955
    1.3475
    1.2592
    1.2177
    1.1825
    1.1472
    1.1031
    1.1343
    1.1477
    1.2077
    1.1746
    1.2037
    1.1799
    1.1394
    1.1447
    1.2033
    1.2227
    1.2560
    1.3576
    1.3568
    1.3845
    1.4819
    1.5169
    1.5608
    1.5375
    1.4475
    1.3460
    1.3037
    1.2833
    1.2583
    1.2631
    1.2804
    1.2528
    1.2871
    1.2911
    1.2926
    1.3479
    1.4540
    1.3981
    1.4555
    1.6350
    1.7101
    1.9266
    1.9317
    2.0192
    2.0615
    2.0805
    2.1378
    2.2287
    2.2757
    2.4553
    2.5167
    2.5527
    2.5490
    2.5335
    2.5840
    2.6014
    2.5951
    2.6675
    2.7004
    2.8454
    2.8641
    2.6636
    2.4496
    2.4444
    2.5298
    2.5478
    2.4478
    2.3342
    2.2383
    2.1737
    2.0245
    1.8541
    1.9061
    1.8370
    1.7185
    1.7084
    1.6773
    1.6449
    1.6073
    1.6059
    1.5993
    1.6139
    1.6538
    1.6663
    1.6537
    1.6541
    1.6625
    1.6667
    1.6627
    1.6680
    1.6889
    1.6779
    1.6783
    1.6609
    1.6696
    1.6728
    1.6725
    1.6721
    1.6565
    1.6491
    1.6301
    1.6322
    1.6686
    1.7144
    1.7033
    1.6955
    1.6716
    1.7158
    1.7285
    1.7567
    1.8079
    1.8423
    1.8757
    1.8914
    1.9947
    2.1617
    2.1330
    2.2562
    2.3769
    2.4483
    2.4890
    2.5447
    2.5139
    2.6048
    2.6918
    2.7712
    2.7250
    2.6733
    2.5729
    2.5715
    2.5663
    2.6011
    2.6220
    2.5712
    2.5442
    2.5360
    2.4915
    2.4193
    2.3401
    2.2487
    2.2418
    2.2191
    2.1709
    2.2089
    2.2137
    2.1502
    2.0848
    2.0663
    2.0272
    2.0208
    2.0153
    2.0034
    1.9858
    1.9742
    1.9433
    1.9237
    1.9562
    1.9504
    1.9307
    1.9181
    1.9026
    1.8679
    1.8711
    1.8301
    1.7928
    1.7760
    1.7641
    1.7444
    1.7478
    1.7482
    1.7456
    1.7486
    1.7257
    1.6920
    1.6910
    1.7021
    1.6918
    1.6994
    1.7069
    1.7198
    1.7058
    1.7173
    1.7069
    1.6827
    1.6817
    1.6810
    1.6847
    1.6805
    1.6493
    1.6229
    1.6010
    1.5794
    1.5617
    1.5643
    1.5489
    1.5181
    1.5363
    1.5243
    1.5114
    1.5056
    1.5195
    1.5253
    1.5161
    1.5168
    1.5304
    1.5198
    1.4864
    1.4695
    1.4923
    1.5304
    1.5031
    1.5131
    1.5219
    1.5309
    1.5308
    1.5386
    1.5541
    1.5531
    1.5277
    1.5401
    1.5624
    1.5196
    1.5284
    1.5249
    1.5059
    1.4999
    1.5051
    1.4831
    1.4670
    1.4558
    1.4680
    1.4652
    1.4658
    1.5015
    1.5149
    1.5075
    1.5156
    1.5103
    1.5052
    1.5079
    1.4909
    1.4979
    1.5005
    1.5306
    1.5620
    1.5797
    1.5811
    1.5870
    1.5753
    1.5812
    1.5546
    1.5596
    1.5677
    1.5831
    1.5818
    1.6057
    1.6195
    1.6231
    1.5995
    1.5989
    1.6224
    1.6361
    1.6616
    1.6810
    1.6997
    1.6693
    1.6614
    1.6842
    1.6326
    1.6071
    1.5576
    1.5718
    1.5478
    1.5118
    1.4980
    1.5183
    1.5325
    1.5332
    1.5332
    1.4886
    1.4859
    1.4789
    1.4775
    1.4727
    1.4758
    1.5034
    1.5216
    1.5303
    1.5409
    1.5295
    1.5613
    1.5534
    1.5503
    1.5725
    1.5272
    1.5092
    1.5277
    1.5368
    1.5235
    1.5278
    1.5145
    1.5240
    1.5230
    1.5179
    1.5117
    1.5253
    1.5273
    1.5213
    1.5334
    1.5466
    1.5376
    1.5724
    1.6035
    1.6240
    1.6009
    1.6005
    1.6063
    1.6217
    1.6239
    1.6329
    1.6402
    1.6749
    1.6642
    1.6568
    1.6639
    1.6544
    1.6438
    1.6559
    1.6689
    1.6658
    1.6606
    1.6647
    1.6622
    1.6652
    1.6776
    1.6774
    1.6879
    1.6896
    1.6846
    1.6952
    1.7177
    1.7243
    1.7271
    1.7308
    1.7334
    1.7287
    1.7345
    1.7320
    1.7318
    1.7420
    1.7595
    1.7648
    1.7624
    1.7399
    1.7360
    1.7378
    1.7236
    1.7336
    1.7469
    1.7925
    1.8269
    1.8357
    1.8386
    1.8862
    1.9234
    1.9810
    2.0312
    2.0279
    2.0381
    2.0648
    2.0648
    2.0858
    2.0742
    2.0846
    2.0931
    2.0978
    2.1472
    2.1968
    2.2015
    2.2102
    2.2490
    2.2661
    2.3045
    2.3487
    2.3626
    2.3842
    2.4076
    2.4093
    2.4166
    2.4091
    2.4322
    2.4456
    2.4914
    2.5248
    2.5139
    2.5651
    2.6807
    2.6923
    2.7645
    2.7451
    2.7501
    2.8132
    2.7930
    2.8346
    2.8437
    2.8584
    2.9177
    2.9077
    2.9168
    2.9502
    2.9168
    2.9413
    3.0180
    3.0200
    3.0269
    3.1198
    3.1263
    3.1281
    3.1147
    3.1030
    3.0883
    3.1318
    3.1523
    3.1489
    3.1408
    3.1605
    3.1587
    3.1610
    3.1666
    3.1629
    3.1700
    3.2004
    3.2358
    3.2381
    3.2080
    3.2487
    3.2965
    3.2790
    3.2797
    3.3049
    3.3010
    3.3225
    3.3403
    3.3498
    3.3931
    3.4018
    3.4022
    3.4285
    3.4361
    3.4290
    3.4280
    3.4400
    3.4582
    3.4411
    3.4287
    3.4119
    3.4252
    3.4334
    3.4123
    3.4069
    3.4123
    3.4269
    3.4365
    3.4534
    3.4384
    3.4259
    3.4285
    3.4197
    3.4462
    3.4771
    3.5009
    3.4874
    3.5057
    3.5185
    3.5332
    3.5419
    3.5257
    3.5056
    3.4902
    3.4949
    3.5015
    3.5221
    3.5038
    3.5300
    3.5301
    3.5170
    3.5000
    3.5187
    3.5135
    3.5229
    3.6088
    3.6314
    3.6335
    3.6122
    3.6337
    3.6349
    3.6637
    3.6969
    3.7056
    3.7021
    3.6631
    3.6777
    3.7210
    3.7036
    3.6600
    3.6595
    3.6157
    3.6273
    3.6125
    3.6241
    3.6331
    3.6172
    3.5895
    3.5727
    3.5754
    3.5987
    3.5734
    3.5787
    3.5415
    3.4849
    3.4799
    3.4494
    3.4218
    3.3529
    3.3041
    3.2801
    3.2652
    3.2575
    3.2493
    3.2538
    3.2543
    3.1925
    3.2099
    3.2288
    3.2282
    3.2341
    3.2435
    3.2203
    3.2120
    3.2264
    3.2474
    3.2248
    3.2179
    3.1872
    3.1820
    3.1573
    3.1890
    3.1929
    3.1612
    3.1441
    3.1314
    3.1295
    3.0983
    3.0823
    3.0718
    3.0626
    3.0068
    2.9813
    2.9763
    2.9613
    2.9244
    2.9060
    2.9032
    2.9127
    2.8313
    2.8359
    2.8183
    2.8193
    2.8170
    2.7929
    2.7959
    2.7943
    2.8060
    2.8333
    2.8338
    2.7754
    2.7724
    2.7735
    2.7129
    2.7099
    2.7032
    2.6874
    2.6770
    2.6353
    2.6092
    2.6084
    2.5796
    2.5645
    2.5399
    2.5250
    2.5254
    2.5241
    2.5196
    2.5262
    2.5248
    2.4916
    2.4830
    2.4551
    2.4386
    2.4176
    2.4284
    2.4317
    2.4510
    2.4538
    2.4473
    2.4502
    2.4471
    2.4506
    2.4412
    2.4277
    2.4238
    2.4122
    2.3981
    2.4034
    2.4163
    2.4063
    2.4053
    2.4173
    2.4135
    2.4313
    2.4296
    2.4180
    2.4109
    2.4102
    2.4212
    2.4277
    2.4442
    2.4600
    2.4486
    2.4359
    2.4211
    2.3994
    2.3979
    2.3883
    2.3952
    2.3906
    2.3809
    2.3715
    2.3652
    2.3663
    2.3776
    2.3612
    2.3255
    2.3121
    2.2787
    2.2843
    2.2986
    2.2996
    2.2929
    2.3076
    2.3098
    2.3063
    2.2922
    2.2858
    2.2759
    2.2681
    2.2656
    2.2620
    2.2682
    2.2638
    2.2521
    2.2382
    2.2635
    2.2619
    2.2576
    2.2572
    2.2532
    2.2450
    2.2494
    2.2503
    2.2460
    2.2406
    2.2305
    2.2281
    2.2149
    2.2120
    2.2142
    2.1950
    2.1808
    2.1916
    2.1996
    2.2040
    2.2121
    2.2158
    2.2181
    2.2323
    2.2396
    2.2363
    2.2412
    2.2539
    2.2183
    2.2103
    2.1498
    2.0743
    2.0263
    1.9896
    1.9801
    1.9860
    1.9836
    1.9684
    1.9669
    1.9618
    1.9492
    1.9504
    1.9538
    1.9514
    1.9390
    1.9366
    1.9409
    1.9425
    1.9461
    1.9490
    1.9457
    1.9427
    1.9393
    1.9354
    1.9347
    1.9371
    1.9377
    1.9347
    1.9356
    1.9409
    1.9445
    1.9434
    1.9502
    1.9604
    1.9584
    1.9570
    1.9702
    1.9705
    1.9680
    1.9807
    1.9758
    1.9743
    1.9709
    1.9734
    2.0024
    2.0012
    1.9821
    1.9958
    1.9887
    1.9983
    1.9948
    1.9848
    1.9842
    1.9716
    1.9708
    1.9660
    1.9658
    1.9621
    1.9727
    1.9676
    1.9532
    1.9626
    1.9602
    1.9595
    1.9473
    1.9411
    1.9457
    1.9511
    1.9474
    1.9489
    1.9447
    1.9665
    1.9663
    1.9710
    1.9758
    1.9703
    1.9645
    1.9604
    1.9582
    1.9516
    1.9467
    1.9473
    1.9387
    1.9407
    1.9517
    1.9535
    1.9472
    1.9541
    1.9749
    1.9476
    1.9478
    1.9366
    1.9198
    1.9187
    1.9043
    1.9073
    1.8903
    1.8839
    1.8577
    1.8649
    1.8644
    1.8487
    1.8462
    1.8439
    1.8380
    1.8322
    1.8269
    1.8028
    1.8096
    1.8088
    1.7926
    1.7738
    1.7692
    1.7486
    1.7386
    1.7291
    1.7298
    1.7234
    1.7239
    1.7153
    1.6998
    1.6851
    1.6690
    1.6439
    1.6561
    1.6657
    1.6542
    1.6542
    1.6529
    1.6464
    1.6376
    1.6401
    1.6254
    1.6138
    1.6134
    1.5989
    1.5989
    1.5957
    1.5974
    1.5859
    1.5738
    1.5692
    1.5804
    1.5645
    1.5823
    1.5823
    1.5661
    1.5401
    1.5233
    1.5158
    1.5083
    1.4810
    1.4718
    1.4472
    1.4296
    1.4296
    1.4141
    1.4142
    1.4134
    1.4057
    1.3972
    1.3933
    1.3810
    1.3881
    1.3881
    1.4056
    1.3945
    1.3748
    1.3602
    1.3559
    1.3266
    1.3128
    1.3049
    1.3049
    1.2860
    1.2598
    1.2371
    1.2342
    1.2144
    1.1956
    1.1974
    1.1909
    1.1909
    1.1791
    1.1573
    1.1354
    1.1391
    1.1431
    1.1361
    1.1130
    1.0855
    1.0855
    1.0731
    1.0439
    1.0331
    1.0233
    0.9981
    0.9885
    0.9812
    0.9710
    0.9710
    0.9661
    0.9476
    0.9716
    0.9724
    1.0382
    1.1980
    1.3404
    1.5071
    1.5690
    1.5690
    1.5941
    1.5618
    1.5613
    1.5976
    1.6053
    1.5926
    1.6556
    1.7104
    1.7104
    1.7133
    1.6893
    1.7292
    1.7494
    1.6981
    1.7020
    1.6779
    1.6558
    1.6558
    1.6362
    1.5821
    1.6297
    1.6141
    1.6043
    1.6964
