    9.0012
    9.6345
    2.8351
    2.3543
    4.8368
    1.5579
    3.5654
    0.7097
    3.9372
    3.8927
    2.7298
    2.0674
    1.6855
    2.0797
    2.8317
    4.2234
    2.8882
    2.6620
    2.5205
    2.1522
    2.5565
    2.9867
    3.4693
    4.9000
    6.2585
    6.3961
    4.5875
    4.2762
    4.5232
    4.2541
    4.3823
    4.0454
    3.9328
    4.3089
    4.5200
    4.5126
    4.3914
    4.3732
    4.2834
    4.6236
    4.8570
    5.0842
    4.8784
    4.7336
    4.9311
    4.8275
    4.8848
    4.9945
    4.9384
    4.6714
    4.2704
    4.3232
    4.4260
    4.6799
    4.6879
    4.7230
    4.5568
    4.6584
    4.5737
    4.6418
    4.4988
    4.8648
    5.1012
    5.4385
    5.2675
    5.1155
    5.0887
    5.2178
    5.4041
    5.6915
    5.4598
    4.9965
    5.0602
    4.9296
    4.9374
    4.9359
    4.6370
    4.4719
    4.1247
    3.8192
    3.9617
    3.7931
    3.7484
    3.5059
    3.3428
    3.2960
    3.2643
    3.2241
    3.2399
    3.2044
    3.1263
    2.9802
    2.8760
    2.8242
    2.7037
    2.5802
    2.6452
    2.4684
    2.1412
    2.2093
    2.1172
    2.0835
    2.0838
    2.1222
    2.2052
    2.2477
    2.2645
    2.2119
    2.0871
    2.1290
    2.0718
    2.1026
    2.1403
    2.1498
    2.1390
    2.1783
    2.1884
    2.2226
    2.2566
    2.3157
    2.3661
    2.3357
    2.2747
    2.2733
    2.5912
    2.5812
    2.7360
    2.6664
    2.6700
    2.6559
    2.5911
    2.5347
    2.5640
    2.6214
    2.6072
    2.6202
    2.6631
    2.6794
    2.6346
    2.6130
    2.6027
    2.5663
    2.5529
    2.5534
    2.6059
    2.5836
    2.5867
    2.6044
    2.6186
    2.6654
    2.6294
    2.6118
    2.6276
    2.6005
    2.5929
    2.5525
    2.5500
    2.4199
    2.4377
    2.3889
    2.4212
    2.4128
    2.4299
    2.4647
    2.4235
    2.4129
    2.3932
    2.3702
    2.3600
    2.3931
    2.4069
    2.3993
    2.3549
    2.3520
    2.3466
    2.3474
    2.3588
    2.3083
    2.3060
    2.2889
    2.2674
    2.2407
    2.2575
    2.2897
    2.2762
    2.2445
    2.1754
    2.0695
    2.0219
    2.0487
    2.0426
    2.0477
    2.0766
    2.1229
    2.1904
    2.2174
    2.1797
    2.1419
    2.0802
    2.0925
    2.0459
    2.0662
    2.0527
    2.0499
    2.0564
    2.0584
    2.0170
    2.0879
    2.1158
    2.1510
    2.1256
    2.0975
    2.0612
    2.0845
    2.0890
    2.0986
    2.1277
    2.1627
    2.1543
    2.1411
    2.1286
    2.1363
    2.1376
    2.1216
    2.1070
    2.0856
    2.0923
    2.0984
    2.0763
    2.0891
    2.0977
    2.0774
    2.0520
    2.0738
    2.0896
    2.1126
    2.1315
    2.1165
    2.1071
    2.0932
    2.0815
    2.0967
    2.0835
    2.0679
    2.0795
    2.1104
    2.1219
    2.1508
    2.1766
    2.2061
    2.2027
    2.1532
    2.1624
    2.0942
    2.1074
    2.1407
    2.1085
    2.1251
    2.1205
    2.1456
    2.1876
    2.1391
    2.1113
    2.0877
    2.1210
    2.1262
    2.1355
    2.1028
    2.1560
    2.1138
    2.0942
    2.0383
    2.0081
    2.0001
    2.0038
    1.9809
    1.9572
    1.9718
    1.9831
    1.9442
    1.9549
    2.0105
    2.0072
    2.0091
    1.9941
    1.9666
    1.9442
    1.9367
    1.9171
    1.9103
    1.9041
    1.9372
    1.9533
    1.9674
    1.9890
    1.9873
    2.0029
    1.9904
    1.9595
    1.9735
    1.9647
    1.9612
    1.9710
    2.0064
    2.0164
    2.0325
    2.0507
    2.0173
    2.0061
    2.0235
    2.0470
    2.0534
    2.0403
    2.0534
    2.0590
    2.0977
    2.1664
    2.1904
    2.2546
    2.2713
    2.2551
    2.2558
    2.2470
    2.3024
    2.2782
    2.3119
    2.2993
    2.2823
    2.2912
    2.3100
    2.3275
    2.3299
    2.3252
    2.3455
    2.3182
    2.3325
    2.3410
    2.3774
    2.3818
    2.4217
    2.4209
    2.4108
    2.4427
    2.4622
    2.4693
    2.4705
    2.4800
    2.5251
    2.4945
    2.5344
    2.5065
    2.4743
    2.5145
    2.5399
    2.5026
    2.5159
    2.5173
    2.4867
    2.4913
    2.4638
    2.4782
    2.4878
    2.5197
    2.5503
    2.5543
    2.5939
    2.6078
    2.6020
    2.5863
    2.5560
    2.5987
    2.5698
    2.5716
    2.5330
    2.5100
    2.5198
    2.5309
    2.5434
    2.5288
    2.5013
    2.5031
    2.5281
    2.5157
    2.4897
    2.4764
    2.4358
    2.4004
    2.4113
    2.3994
    2.3922
    2.3748
    2.4007
    2.4115
    2.4151
    2.4087
    2.4024
    2.3625
    2.3865
    2.3864
    2.3872
    2.3974
    2.3985
    2.4222
    2.4343
    2.4395
    2.4532
    2.5344
    2.5427
    2.5592
    2.5763
    2.5699
    2.5843
    2.5745
    2.5661
    2.5684
    2.5883
    2.5692
    2.5614
    2.5703
    2.5812
    2.6116
    2.6179
    2.5739
    2.5631
    2.5013
    2.5047
    2.5007
    2.4713
    2.4811
    2.4896
    2.5051
    2.5081
    2.5133
    2.5200
    2.4869
    2.5045
    2.4672
    2.4395
    2.4377
    2.4329
    2.3992
    2.4158
    2.4372
    2.4387
    2.3960
    2.3964
    2.4034
    2.4052
    2.4093
    2.4175
    2.4111
    2.4102
    2.4250
    2.4415
    2.4812
    2.4870
    2.4692
    2.4420
    2.4339
    2.4099
    2.3777
    2.3729
    2.3919
    2.3601
    2.3811
    2.3888
    2.3934
    2.3962
    2.4020
    2.4270
    2.4552
    2.4682
    2.5495
    2.5664
    2.5796
    2.5571
    2.5453
    2.5548
    2.5636
    2.5559
    2.5619
    2.5506
    2.5497
    2.5392
    2.5639
    2.5610
    2.5394
    2.5408
    2.5039
    2.4862
    2.4763
    2.4909
    2.4968
    2.4939
    2.4933
    2.4787
    2.4661
    2.4056
    2.3566
    2.3572
    2.3653
    2.3420
    2.3090
    2.2815
    2.2892
    2.2806
    2.2446
    2.2165
    2.1831
    2.1857
    2.1668
    2.1359
    2.1131
    2.0982
    2.1203
    2.1054
    2.0950
    2.0911
    2.0625
    2.0455
    2.0638
    2.0819
    2.0927
    2.0938
    2.0574
    2.0542
    2.0356
    2.0433
    2.0247
    2.0153
    1.9945
    1.9861
    1.9918
    1.9894
    1.9992
    1.9916
    1.9639
    1.9710
    1.9537
    1.9564
    1.9353
    1.9149
    1.9127
    1.9154
    1.9168
    1.9025
    1.9094
    1.8848
    1.8757
    1.8954
    1.9203
    1.9281
    1.9324
    1.9289
    1.9397
    1.9071
    1.9056
    1.9109
    1.9127
    1.9141
    1.8952
    1.8998
    1.9048
    1.8952
    1.8755
    1.8717
    1.8901
    1.9069
    1.9351
    1.9263
    1.9362
    1.9215
    1.9059
    1.9078
    1.8791
    1.8707
    1.8723
    1.8936
    1.8792
    1.8932
    1.8756
    1.8786
    1.8617
    1.8726
    1.8850
    1.8950
    1.9208
    1.9470
    1.9554
    1.9692
    1.9675
    1.9464
    1.9228
    1.9259
    1.9104
    1.9202
    1.9731
    1.9680
    1.9507
    1.9574
    1.9684
    1.9673
    2.0063
    2.0334
    2.0430
    2.0520
    2.0393
    2.0313
    2.0314
    2.0514
    2.0522
    2.0650
    2.0716
    2.0670
    2.0565
    2.0481
    2.0691
    2.0737
    2.0854
    2.0773
    2.0837
    2.0783
    2.0792
    2.0754
    2.0725
    2.0777
    2.0901
    2.0903
    2.1181
    2.1256
    2.1145
    2.1132
    2.1126
    2.1213
    2.1342
    2.1315
    2.1193
    2.1237
    2.1651
    2.1711
    2.1746
    2.1804
    2.1703
    2.1872
    2.1877
    2.1925
    2.1613
    2.1319
    2.1281
    2.1511
    2.1757
    2.1780
    2.1618
    2.1754
    2.1886
    2.1913
    2.1863
    2.1926
    2.1885
    2.2034
    2.2052
    2.1986
    2.1833
    2.2073
    2.2054
    2.1917
    2.2025
    2.2240
    2.2208
    2.1902
    2.1802
    2.1774
    2.1946
    2.1821
    2.1771
    2.1830
    2.1788
    2.1722
    2.1796
    2.1840
    2.1739
    2.1813
    2.1764
    2.1657
    2.1528
    2.1833
    2.1743
    2.1715
    2.1817
    2.1998
    2.2074
    2.2105
    2.2055
    2.2000
    2.1830
    2.1550
    2.1475
    2.1640
    2.1581
    2.1836
    2.1737
    2.1580
    2.1624
    2.1438
    2.1527
    2.1482
    2.1302
    2.1414
    2.1420
    2.1373
    2.1190
    2.1289
    2.1320
    2.1304
    2.1279
    2.1251
    2.1013
    2.1260
    2.1319
    2.1454
    2.1164
    2.1026
    2.0949
    2.0791
    2.0889
    2.1094
    2.1331
    2.1282
    2.1458
    2.1389
    2.1333
    2.1407
    2.1319
    2.1319
    2.1460
    2.1375
    2.1231
    2.1067
    2.1048
    2.1015
    2.0913
    2.0943
    2.0945
    2.0924
    2.0874
    2.1012
    2.1295
    2.1273
    2.1210
    2.1161
    2.1158
    2.1104
    2.0981
    2.0888
    2.1085
    2.0958
    2.0908
    2.1015
    2.0928
    2.1137
    2.1333
    2.1382
    2.1155
    2.1150
    2.1189
    2.1286
    2.1295
    2.1200
    2.1183
    2.1238
    2.1198
    2.1179
    2.1221
    2.1358
    2.1546
    2.1900
    2.1926
    2.1910
    2.2027
    2.2105
    2.2184
    2.2204
    2.2136
    2.2309
    2.2386
    2.2413
    2.2487
    2.2457
    2.2459
    2.2527
    2.2554
    2.2554
    2.2557
    2.2570
    2.2634
    2.2737
    2.2898
    2.2891
    2.2949
    2.2932
    2.3041
    2.3023
    2.3105
    2.3106
    2.2942
    2.2950
    2.2902
    2.2932
    2.2980
    2.3042
    2.2998
    2.3046
    2.3079
    2.3112
    2.3261
    2.3249
    2.3404
    2.3466
    2.3398
    2.3312
    2.3338
    2.3460
    2.3432
    2.3480
    2.3469
    2.3461
    2.3428
    2.3485
    2.3457
    2.3507
    2.3435
    2.3423
    2.3572
    2.3553
    2.3548
    2.3658
    2.3569
    2.3569
    2.3684
    2.3636
    2.3579
    2.3615
    2.3685
    2.3692
    2.3852
    2.3961
    2.4014
    2.3937
    2.4028
    2.4105
    2.4140
    2.4160
    2.4160
    2.4186
    2.4257
    2.4227
    2.4240
    2.4320
    2.4357
    2.4473
    2.4561
    2.4565
    2.4678
    2.4583
    2.4482
    2.4623
    2.4661
    2.4549
    2.4495
    2.4474
    2.4478
    2.4488
    2.4501
    2.4518
    2.4778
    2.4708
    2.5012
    2.5124
    2.4991
    2.4992
    2.5026
    2.4908
    2.5094
    2.5282
    2.5292
    2.5239
    2.5496
    2.5420
    2.5507
    2.5508
    2.5888
    2.5777
    2.5814
    2.5997
    2.6408
    2.6353
    2.6369
    2.6382
    2.6385
    2.6368
    2.6457
    2.6451
    2.6728
    2.6514
    2.6620
    2.6507
    2.6438
    2.6441
    2.6973
    2.7324
    2.7504
    2.8121
    2.8034
    2.7782
    2.7453
    2.7498
    2.7498
    2.7541
    2.7385
    2.7572
    2.7717
    2.7809
    2.8063
    2.8123
    2.8082
    2.8082
    2.8039
    2.8299
    2.8633
    2.9158
    2.9165
    2.9316
    2.9726
    2.9572
    2.9572
    2.9644
    2.9735
    3.0039
    3.0467
    3.0461
    2.9875
    3.0077
    3.0538
    3.0779
    3.0779
    3.0790
    3.1459
    3.1239
    3.1569
    3.2286
    3.1894
    3.2733
    3.3187
    3.3187
    3.2981
    3.2956
    3.1875
    3.2304
    3.1597
    3.1383
    3.2769
    3.2967
    3.2967
    3.3142
    3.2975
    3.3408
    3.4375
    3.4517
    3.4980
    3.4905
    3.5517
    3.5517
    3.6100
    3.6650
    3.6496
    3.5779
    3.5259
    3.4420
    3.3969
    3.4516
    3.4516
    3.3812
    3.3311
    3.3219
    3.3701
    3.4377
    3.4607
    3.3833
    3.3360
    3.3360
    3.3586
    3.3853
    3.4460
    3.5046
    3.4859
    3.5584
    3.5908
    3.7885
    3.6352
    3.6352
    3.6412
    3.6029
    3.5204
    3.3344
    3.3850
    3.3310
    3.3630
    3.2924
    3.2924
    3.2020
    3.2502
    3.2888
    3.3640
    3.4767
    3.5161
    3.7251
    3.8261
    3.8261
    3.8779
    3.8116
    3.7700
    3.9277
    3.8916
    3.7589
