   98.4558
   73.7939
   30.0896
   33.0047
   26.8061
   15.2266
   20.6291
   30.3305
   18.9480
   21.8630
   13.0615
   11.0732
    9.0923
   11.2339
   12.7600
   12.1483
   11.6459
   11.9518
   10.5553
    9.9217
    9.1444
    8.4750
    7.7604
    8.4779
    9.1297
    8.8890
    9.0980
    9.0081
    9.1270
    8.8696
    8.6039
    8.5115
    9.2991
   10.3604
   10.2924
   11.2676
   11.3962
   12.2201
   13.7015
   14.7532
   14.1347
   14.3159
   14.1392
   15.9853
   14.9662
   13.2669
   12.6322
   11.2349
    8.6961
    7.4028
    6.4172
    6.0263
    5.5629
    4.9518
    5.0952
    4.7671
    4.6610
    4.3863
    3.6691
    3.5381
    3.4655
    3.7579
    3.9121
    4.3006
    4.0174
    4.0162
    3.5075
    3.5750
    3.5567
    3.4409
    3.3528
    3.5199
    3.1717
    3.3326
    3.6361
    3.6486
    3.7928
    3.6473
    3.6668
    3.5398
    3.5161
    3.5593
    3.6136
    3.6171
    4.1496
    3.9763
    4.0840
    4.3012
    4.0407
    3.7647
    4.0615
    3.9143
    3.7577
    3.7795
    3.6574
    3.7781
    3.6669
    3.3849
    3.3160
    2.9151
    2.7811
    2.6972
    2.6619
    2.5466
    2.4689
    2.3978
    2.3381
    2.4493
    2.4198
    2.4656
    2.5102
    2.6344
    2.6076
    2.6107
    2.4505
    2.4376
    2.4100
    2.2072
    2.2020
    2.1678
    2.0215
    1.9835
    1.9027
    2.0574
    1.9742
    2.1172
    2.1743
    2.0842
    1.9794
    1.9296
    1.9017
    1.8322
    1.8352
    1.7687
    1.7610
    1.6377
    1.5900
    1.5728
    1.6535
    1.5889
    1.5250
    1.5110
    1.4484
    1.4104
    1.3895
    1.4371
    1.3871
    1.3853
    1.4084
    1.3937
    1.3270
    1.3483
    1.3131
    1.3002
    1.2806
    1.2400
    1.1668
    1.1092
    1.1075
    1.0730
    1.0924
    1.0902
    1.0718
    1.0188
    1.0043
    0.9876
    0.9688
    0.9476
    0.9126
    0.8934
    0.8831
    0.8864
    0.8814
    0.8681
    0.8510
    0.8165
    0.8083
    0.7761
    0.7577
    0.7492
    0.7474
    0.7444
    0.6954
    0.7110
    0.7003
    0.6881
    0.6672
    0.6823
    0.6744
    0.6918
    0.6880
    0.6829
    0.6877
    0.6792
    0.6833
    0.6975
    0.7025
    0.6985
    0.7292
    0.7274
    0.7167
    0.7162
    0.7007
    0.7066
    0.7404
    0.7543
    0.7757
    0.7867
    0.7902
    0.8057
    0.8282
    0.8202
    0.8477
    0.8681
    0.9050
    0.9228
    0.9065
    0.9116
    0.9275
    0.9630
    1.0342
    1.0489
    1.0788
    1.1241
    1.1689
    1.2047
    1.2347
    1.2466
    1.3303
    1.3479
    1.3684
    1.3993
    1.3874
    1.4193
    1.4353
    1.4346
    1.4621
    1.4865
    1.4931
    1.4705
    1.4975
    1.4859
    1.4694
    1.4745
    1.4882
    1.4875
    1.4635
    1.4804
    1.4782
    1.5300
    1.5519
    1.5787
    1.6151
    1.6182
    1.6574
    1.6119
    1.6343
    1.6295
    1.6369
    1.6711
    1.6484
    1.6424
    1.6568
    1.6440
    1.6157
    1.5814
    1.5751
    1.5547
    1.5089
    1.4583
    1.4187
    1.3907
    1.3857
    1.4137
    1.3899
    1.3325
    1.3151
    1.2614
    1.2281
    1.1856
    1.1384
    1.1206
    1.0989
    1.0614
    1.0617
    1.0248
    1.0059
    0.9795
    0.9678
    0.9662
    0.9411
    0.9160
    0.9116
    0.8671
    0.8519
    0.8400
    0.8233
    0.7975
    0.7798
    0.7848
    0.7721
    0.7614
    0.7309
    0.7102
    0.6912
    0.6913
    0.6791
    0.6714
    0.6550
    0.6456
    0.6403
    0.6407
    0.6321
    0.6312
    0.6275
    0.6220
    0.6130
    0.6080
    0.6081
    0.6017
    0.6043
    0.6005
    0.5984
    0.5906
    0.5843
    0.5845
    0.5688
    0.5664
    0.5657
    0.5658
    0.5610
    0.5536
    0.5513
    0.5440
    0.5489
    0.5483
    0.5485
    0.5539
    0.5600
    0.5596
    0.5568
    0.5556
    0.5515
    0.5502
    0.5453
    0.5459
    0.5483
    0.5417
    0.5418
    0.5427
    0.5459
    0.5411
    0.5356
    0.5385
    0.5456
    0.5452
    0.5443
    0.5441
    0.5461
    0.5394
    0.5407
    0.5467
    0.5453
    0.5463
    0.5421
    0.5471
    0.5398
    0.5424
    0.5395
    0.5423
    0.5431
    0.5466
    0.5491
    0.5501
    0.5559
    0.5542
    0.5560
    0.5526
    0.5535
    0.5536
    0.5604
    0.5664
    0.5767
    0.5845
    0.5835
    0.5839
    0.5866
    0.5915
    0.5933
    0.5944
    0.5962
    0.6012
    0.6055
    0.6079
    0.6069
    0.6079
    0.6057
    0.6010
    0.6077
    0.6094
    0.6155
    0.6181
    0.6237
    0.6226
    0.6252
    0.6219
    0.6258
    0.6273
    0.6366
    0.6356
    0.6395
    0.6510
    0.6531
    0.6570
    0.6592
    0.6602
    0.6615
    0.6622
    0.6642
    0.6745
    0.6709
    0.6705
    0.6726
    0.6778
    0.6842
    0.6817
    0.6806
    0.6855
    0.6845
    0.6944
    0.6911
    0.6965
    0.7110
    0.7139
    0.7172
    0.7214
    0.7224
    0.7282
    0.7317
    0.7380
    0.7419
    0.7390
    0.7479
    0.7634
    0.7760
    0.7852
    0.7873
    0.7845
    0.7979
    0.7992
    0.8039
    0.8089
    0.8189
    0.8270
    0.8339
    0.8344
    0.8498
    0.8653
    0.8769
    0.8938
    0.8947
    0.9385
    0.9482
    0.9665
    0.9937
    1.0186
    1.0516
    1.0608
    1.0731
    1.0885
    1.0988
    1.1147
    1.1380
    1.1425
    1.1554
    1.1605
    1.1716
    1.1910
    1.2084
    1.2099
    1.2232
    1.2308
    1.2420
    1.2635
    1.2788
    1.2770
    1.2899
    1.3128
    1.3091
    1.3416
    1.3696
    1.3892
    1.3964
    1.4061
    1.4106
    1.4133
    1.4211
    1.4351
    1.4481
    1.4736
    1.4863
    1.5035
    1.5078
    1.5231
    1.5212
    1.5340
    1.5379
    1.5316
    1.5450
    1.5309
    1.5503
    1.5598
    1.5414
    1.5357
    1.5427
    1.5520
    1.5545
    1.5741
    1.5950
    1.6031
    1.6193
    1.6220
    1.6373
    1.6549
    1.6537
    1.6738
    1.6979
    1.7001
    1.6858
    1.6947
    1.7217
    1.7303
    1.7351
    1.7402
    1.7665
    1.7837
    1.7750
    1.7638
    1.7816
    1.7946
    1.7971
    1.7872
    1.8040
    1.8121
    1.7918
    1.7667
    1.7784
    1.7878
    1.7788
    1.7788
    1.7751
    1.7702
    1.7839
    1.7792
    1.7751
    1.7707
    1.7847
    1.7950
    1.8057
    1.8106
    1.8103
    1.8111
    1.8256
    1.8579
    1.8388
    1.8547
    1.8623
    1.8707
    1.8860
    1.8954
    1.9083
    1.9069
    1.9004
    1.9091
    1.9077
    1.8945
    1.9181
    1.9196
    1.9345
    1.9362
    1.9180
    1.9095
    1.9003
    1.9006
    1.8923
    1.8822
    1.8822
    1.8932
    1.8833
    1.8738
    1.8796
    1.8886
    1.8734
    1.8578
    1.8678
    1.8613
    1.8696
    1.8976
    1.8979
    1.9025
    1.9014
    1.9254
    1.9343
    1.9440
    1.9492
    1.9676
    1.9881
    1.9895
    1.9893
    2.0083
    2.0146
    2.0157
    2.0168
    2.0141
    2.0168
    2.0279
    2.0429
    2.0513
    2.0617
    2.0643
    2.0799
    2.1087
    2.1074
    2.1237
    2.1239
    2.1413
    2.1411
    2.1501
    2.1697
    2.1724
    2.1944
    2.1879
    2.1910
    2.2278
    2.2407
    2.2558
    2.2961
    2.3121
    2.3299
    2.3451
    2.3832
    2.3786
    2.4148
    2.4146
    2.4044
    2.4150
    2.4077
    2.4404
    2.4426
    2.4601
    2.4755
    2.4788
    2.5037
    2.4960
    2.4995
    2.4997
    2.5092
    2.5109
    2.5215
    2.5200
    2.5183
    2.5437
    2.5525
    2.5587
    2.5717
    2.6072
    2.6046
    2.6132
    2.6198
    2.6132
    2.6123
    2.6301
    2.6352
    2.6193
    2.6220
    2.6293
    2.6560
    2.6681
    2.6449
    2.6734
    2.6674
    2.6860
    2.6820
    2.6874
    2.6857
    2.7201
    2.7492
    2.7591
    2.7685
    2.7495
    2.7752
    2.8030
    2.8231
    2.8468
    2.8689
    2.8725
    2.8738
    2.8966
    2.9048
    2.9176
    2.9605
    2.9570
    2.9510
    2.9663
    2.9645
    2.9841
    2.9937
    2.9934
    2.9837
    2.9778
    2.9552
    2.9742
    2.9709
    2.9658
    2.9574
    2.9753
    2.9644
    2.9649
    2.9760
    2.9762
    3.0006
    3.0292
    3.0392
    3.0394
    3.0480
    3.0664
    3.0205
    3.0391
    3.0367
    3.0778
    3.0802
    3.1409
    3.1757
    3.1957
    3.2327
    3.2445
    3.2731
    3.3094
    3.3089
    3.3219
    3.3597
    3.3792
    3.3816
    3.4475
    3.4285
    3.4099
    3.4509
    3.4911
    3.4792
    3.4962
    3.5211
    3.5619
    3.5923
    3.5818
    3.5916
    3.6108
    3.6403
    3.6343
    3.6573
    3.6842
    3.6999
    3.7303
    3.7376
    3.7499
    3.7579
    3.7486
    3.7459
    3.7080
    3.6933
    3.7044
    3.7355
    3.7523
    3.7784
    3.8131
    3.8211
    3.8202
    3.8117
    3.8126
    3.8064
    3.8241
    3.8424
    3.8583
    3.8855
    3.9159
    3.9396
    3.9519
    3.9736
    3.9885
    3.9951
    4.0096
    4.0141
    4.0190
    4.0292
    4.0421
    4.0518
    4.0803
    4.1065
    4.1054
    4.0892
    4.0688
    4.0882
    4.1132
    4.0885
    4.0991
    4.0782
    4.0786
    4.0697
    4.0573
    4.0825
    4.0761
    4.0870
    4.1121
    4.1310
    4.2038
    4.2562
    4.2575
    4.2407
    4.2590
    4.2603
    4.2553
    4.2722
    4.2680
    4.3027
    4.3243
    4.3259
    4.3451
    4.3588
    4.3716
    4.3806
    4.3802
    4.4090
    4.4370
    4.4622
    4.4786
    4.4818
    4.4844
    4.4734
    4.4793
    4.4807
    4.5020
    4.5077
    4.5091
    4.5120
    4.5129
    4.5392
    4.5611
    4.5684
    4.5908
    4.6293
    4.6555
    4.6691
    4.6873
    4.6866
    4.6897
    4.7041
    4.7605
    4.7492
    4.7659
    4.7528
    4.7909
    4.8240
    4.8227
    4.8435
    4.8559
    4.8759
    4.8866
    4.8982
    4.9229
    4.9656
    4.9933
    4.9935
    4.9925
    4.9779
    4.9736
    4.9874
    5.0064
    5.0410
    5.0525
    5.0691
    5.0697
    5.0933
    5.0831
    5.0876
    5.1386
    5.1378
    5.1757
    5.1725
    5.2049
    5.1835
    5.1832
    5.2221
    5.2258
    5.2555
    5.2663
    5.2963
    5.3552
    5.3896
    5.4306
    5.4292
    5.4883
    5.5434
    5.5214
    5.5745
    5.5914
    5.6334
    5.6561
    5.6931
    5.6931
    5.6795
    5.6706
    5.6886
    5.7201
    5.7111
    5.7322
    5.7926
    5.9375
    5.9375
    5.9362
    5.9503
    5.9111
    5.9496
    5.9124
    5.8583
    5.8291
    5.8222
    5.8222
    5.8516
    5.8926
    5.9015
    5.8587
    5.9501
    5.9091
    5.8870
    5.8522
    5.8522
    5.9073
    5.8941
    5.8185
    5.8685
    5.9793
    5.9249
    5.8955
    5.9567
    5.9824
    5.9824
    5.9195
    5.8419
    5.8252
    5.7651
    5.7802
    5.7785
    5.7768
    5.7136
    5.7136
    5.7381
    5.7215
    5.7538
    5.7380
    5.7212
    5.7045
    5.7586
    5.7260
    5.7260
    5.6862
    5.7942
    5.8285
    5.9720
    6.0721
    6.2651
    6.2711
    6.2609
    6.2609
    6.2623
    6.1756
    6.0576
    6.0593
    6.1368
    6.2706
    6.3697
    6.4498
    6.4498
    6.5425
    6.4912
    6.4610
    6.4145
    6.3581
    6.1866
    6.0614
    6.0292
    6.0292
    5.9192
    5.8500
    5.7148
    5.6922
    5.7413
    5.8059
    5.8287
    5.7999
    5.7405
    5.7405
    5.6763
    5.6292
    5.5474
    5.4434
    5.5083
    5.5211
    5.7956
    5.6719
    5.6719
    5.6644
    5.4240
    5.4762
    5.4455
    5.5821
    5.6237
    5.8417
    5.7988
    5.7988
    5.8152
    5.7729
    5.7209
    5.7066
    5.7395
    5.6007
