    3.1453
    3.1905
    5.1179
    2.0056
    2.5222
    0.8294
    1.2196
    2.7570
    1.7468
    1.5434
    1.5929
    1.9831
    3.2704
    2.4930
    3.1202
    2.6802
    4.8601
    5.5189
    4.4626
    4.0924
    3.7411
    3.0269
    2.1622
    2.2194
    2.4345
    1.9173
    1.4565
    1.2640
    1.0679
    0.9996
    0.9884
    0.8401
    1.0022
    1.1322
    1.4916
    1.8790
    1.9433
    2.0994
    2.3137
    2.7312
    2.1301
    2.1703
    2.0803
    2.0345
    1.9168
    1.9217
    1.7109
    1.8464
    1.7521
    1.5770
    1.5350
    1.6242
    1.7038
    1.4854
    1.4906
    1.4112
    1.3601
    1.4153
    1.4697
    1.4339
    1.4351
    1.4506
    1.4400
    1.4434
    1.5276
    1.6496
    1.6307
    1.9567
    2.1329
    2.3874
    2.5181
    2.4427
    2.4679
    2.5725
    2.7026
    2.7423
    2.7985
    2.5030
    2.5870
    2.6504
    2.5942
    2.6436
    2.5551
    2.5271
    2.6025
    2.5308
    2.3459
    2.0674
    1.9550
    1.9647
    1.9132
    1.9169
    1.9998
    2.0725
    2.0729
    1.9430
    1.9364
    2.1124
    2.1335
    2.1311
    2.1213
    2.1776
    2.2015
    2.1762
    2.2552
    2.2608
    2.3038
    2.3625
    2.4520
    2.4127
    2.6781
    2.7109
    2.6914
    2.7533
    2.7529
    2.7549
    2.6816
    2.5065
    2.4813
    2.5386
    2.6242
    2.6133
    2.4996
    2.4826
    2.4229
    2.5279
    2.5166
    2.5064
    2.5519
    2.5078
    2.5630
    2.5763
    2.5935
    2.5626
    2.5195
    2.5304
    2.5294
    2.5949
    2.5928
    2.5441
    2.6047
    2.5753
    2.6728
    2.7571
    2.8146
    2.8664
    2.8861
    2.9918
    3.1097
    3.2100
    3.2853
    3.4160
    3.5042
    3.5673
    3.8047
    3.7322
    3.7975
    3.8572
    3.8341
    3.8115
    3.7415
    3.7377
    3.7790
    3.7758
    3.6998
    3.6513
    3.6817
    3.7008
    3.6533
    3.6870
    3.7941
    3.7084
    3.6967
    3.6680
    3.6285
    3.7602
    3.8083
    3.8015
    3.8101
    3.7378
    3.7656
    3.7198
    3.6880
    3.7086
    3.7849
    3.8056
    3.7502
    3.9147
    3.9097
    3.9797
    4.0412
    4.0466
    4.1073
    4.2077
    4.1829
    4.2391
    4.3101
    4.4013
    4.5282
    4.5721
    4.6563
    4.7767
    4.7709
    4.7343
    4.7570
    4.7204
    4.3788
    4.5577
    4.1867
    3.9420
    3.8973
    3.8614
    3.5623
    3.4976
    3.3997
    3.3377
    3.2673
    3.2580
    3.3026
    3.3330
    3.2225
    3.1349
    3.1352
    3.1221
    3.2315
    3.2982
    3.2961
    3.2669
    3.3257
    3.3427
    3.3851
    3.3780
    3.3956
    3.3844
    3.4398
    3.4394
    3.3934
    3.4096
    3.4094
    3.3801
    3.3378
    3.3261
    3.2979
    3.2256
    3.1545
    3.1347
    3.1217
    3.0945
    3.0455
    2.9712
    2.9056
    2.8756
    2.8045
    2.6903
    2.6389
    2.6301
    2.6188
    2.5348
    2.4714
    2.3899
    2.3499
    2.2788
    2.3013
    2.2456
    2.1956
    2.1579
    2.1391
    2.1257
    2.1181
    2.0858
    2.0418
    2.0261
    2.0233
    1.9515
    1.9285
    1.8804
    1.8392
    1.8448
    1.8679
    1.8463
    1.8009
    1.7787
    1.6995
    1.6911
    1.6901
    1.7039
    1.7013
    1.6939
    1.7161
    1.7076
    1.6856
    1.6813
    1.6784
    1.6978
    1.6916
    1.6720
    1.7244
    1.7524
    1.7787
    1.7872
    1.7946
    1.7983
    1.8434
    1.8434
    1.8561
    1.8707
    1.8761
    1.8835
    1.9059
    1.8819
    1.9107
    1.9501
    1.9696
    1.9533
    1.9998
    1.9991
    2.0306
    2.0687
    2.0970
    2.1296
    2.1660
    2.1867
    2.1789
    2.1993
    2.2426
    2.2794
    2.3304
    2.3795
    2.4115
    2.4547
    2.4891
    2.5112
    2.6323
    2.6940
    2.7680
    2.8023
    2.9071
    2.9515
    3.0283
    3.0947
    3.1315
    3.1947
    3.4039
    3.5340
    3.6992
    3.8611
    3.9454
    4.0769
    4.0648
    4.1737
    4.2105
    4.2897
    4.4607
    4.6428
    4.6359
    4.7285
    4.6454
    4.6298
    4.7150
    4.7719
    4.7840
    4.7796
    4.7813
    4.8012
    4.8276
    4.7946
    4.7120
    4.6739
    4.6451
    4.6209
    4.6374
    4.5943
    4.5275
    4.4015
    4.3584
    4.2812
    4.2550
    4.2340
    4.1974
    4.2119
    4.2015
    4.2023
    4.2226
    4.2371
    4.2342
    4.2173
    4.2299
    4.2497
    4.2700
    4.3593
    4.3392
    4.3024
    4.2933
    4.3273
    4.3583
    4.4312
    4.4309
    4.4972
    4.4807
    4.5037
    4.5307
    4.4865
    4.5048
    4.5236
    4.5040
    4.5606
    4.5340
    4.5329
    4.5093
    4.5199
    4.5566
    4.5241
    4.5019
    4.5039
    4.5357
    4.5219
    4.5073
    4.5235
    4.5144
    4.5507
    4.4968
    4.5055
    4.4906
    4.4982
    4.4740
    4.4693
    4.4654
    4.4408
    4.4389
    4.4069
    4.3918
    4.3018
    4.2880
    4.2216
    4.2022
    4.1435
    4.1404
    4.0758
    4.0806
    4.0683
    4.0330
    4.0316
    3.9641
    3.9372
    3.8963
    3.8249
    3.8585
    3.8387
    3.8414
    3.8088
    3.8057
    3.7566
    3.7340
    3.7201
    3.6801
    3.6970
    3.7165
    3.6541
    3.6389
    3.6353
    3.6578
    3.7107
    3.7260
    3.7388
    3.7505
    3.7617
    3.7567
    3.7568
    3.8151
    3.8563
    3.8999
    3.9057
    3.9475
    3.9810
    3.9995
    4.0032
    3.9982
    4.0230
    4.0210
    3.9797
    3.9900
    3.9907
    3.9884
    3.9497
    3.9572
    3.9400
    3.9644
    3.9464
    3.9034
    3.8088
    3.7675
    3.7535
    3.7663
    3.7560
    3.7160
    3.6252
    3.5608
    3.4165
    3.1684
    2.8810
    2.4894
    2.4064
    2.3244
    2.2844
    2.2846
    2.2750
    2.2610
    2.2302
    2.2077
    2.1844
    2.1608
    2.1709
    2.1565
    2.1533
    2.1472
    2.1663
    2.1583
    2.1388
    2.1363
    2.1315
    2.1174
    2.0947
    2.1193
    2.1044
    2.1027
    2.1045
    2.1063
    2.0955
    2.0692
    2.1021
    2.0971
    2.1242
    2.1702
    2.1877
    2.2143
    2.2309
    2.2496
    2.2428
    2.2509
    2.2507
    2.2616
    2.2684
    2.2747
    2.2664
    2.2685
    2.2701
    2.2800
    2.2841
    2.2912
    2.2875
    2.2730
    2.2609
    2.2534
    2.2567
    2.2417
    2.2400
    2.2243
    2.2257
    2.2245
    2.2235
    2.2320
    2.2246
    2.2097
    2.2053
    2.1972
    2.1967
    2.2018
    2.1830
    2.1832
    2.1819
    2.1807
    2.1808
    2.1863
    2.1925
    2.1950
    2.2151
    2.2530
    2.2790
    2.3062
    2.3447
    2.3542
    2.3666
    2.3781
    2.3814
    2.3644
    2.3810
    2.3760
    2.3650
    2.3278
    2.3086
    2.2709
    2.2667
    2.2491
    2.2402
    2.2329
    2.2129
    2.1865
    2.1570
    2.1443
    2.1150
    2.1180
    2.1183
    2.1018
    2.1053
    2.1102
    2.1094
    2.1045
    2.1093
    2.1168
    2.1191
    2.1164
    2.1286
    2.1273
    2.1522
    2.1731
    2.1691
    2.1807
    2.1930
    2.1843
    2.2034
    2.2100
    2.2165
    2.2278
    2.2464
    2.2694
    2.3062
    2.3399
    2.3676
    2.4652
    2.6012
    2.8989
    3.0016
    3.0164
    3.0828
    3.1227
    3.1317
    3.1633
    3.1678
    3.2015
    3.1976
    3.2026
    3.1996
    3.1955
    3.1870
    3.1998
    3.1962
    3.2080
    3.2079
    3.2142
    3.1771
    3.2203
    3.2268
    3.2224
    3.2348
    3.2480
    3.2714
    3.2965
    3.3342
    3.3630
    3.3874
    3.3763
    3.4869
    3.4963
    3.4892
    3.4898
    3.4897
    3.5184
    3.5445
    3.5524
    3.5890
    3.5626
    3.5489
    3.5528
    3.5502
    3.5277
    3.5277
    3.5334
    3.5505
    3.5720
    3.5862
    3.5983
    3.6250
    3.6194
    3.6320
    3.6592
    3.6863
    3.7321
    3.7563
    3.7857
    3.8093
    3.8390
    3.8487
    3.8683
    3.8924
    3.9199
    3.9451
    3.9936
    3.9773
    3.9872
    4.0137
    4.0475
    4.0880
    4.1072
    4.1134
    4.1386
    4.1488
    4.1509
    4.1274
    4.1417
    4.1469
    4.1635
    4.1893
    4.1904
    4.2339
    4.2437
    4.2697
    4.3282
    4.3372
    4.3739
    4.4060
    4.4243
    4.4737
    4.4953
    4.5240
    4.5268
    4.5138
    4.5601
    4.5498
    4.5509
    4.5386
    4.5767
    4.5814
    4.5599
    4.5653
    4.5771
    4.5507
    4.5575
    4.5189
    4.4988
    4.5392
    4.5609
    4.6139
    4.6183
    4.6498
    4.6493
    4.6513
    4.7116
    4.6999
    4.7204
    4.7664
    4.8127
    4.7932
    4.7996
    4.8639
    4.8798
    4.9335
    4.9474
    4.9881
    5.0338
    5.0482
    5.0135
    5.0153
    5.0272
    5.0077
    4.9954
    4.9827
    4.9578
    4.9343
    4.9262
    4.9121
    4.9161
    4.9201
    4.9162
    4.8967
    4.9080
    4.8998
    4.9003
    4.9247
    4.9401
    4.9643
    4.9621
    4.9725
    4.9707
    5.0075
    5.0286
    5.0340
    5.0410
    5.0766
    5.0745
    5.1011
    5.1174
    5.1252
    5.1694
    5.1814
    5.1782
    5.1774
    5.1833
    5.1932
    5.1903
    5.1924
    5.2152
    5.2266
    5.2288
    5.2395
    5.2218
    5.2143
    5.2127
    5.2089
    5.2051
    5.1966
    5.2037
    5.1985
    5.1879
    5.2075
    5.2100
    5.2060
    5.2063
    5.2120
    5.2422
    5.2300
    5.2356
    5.2510
    5.2462
    5.2625
    5.2630
    5.2603
    5.2532
    5.2363
    5.2064
    5.1944
    5.1828
    5.1870
    5.1588
    5.1263
    5.1281
    5.1278
    5.1281
    5.1266
    5.1331
    5.1267
    5.1189
    5.1147
    5.1047
    5.1061
    5.1059
    5.1170
    5.1117
    5.1075
    5.1002
    5.1225
    5.1201
    5.1300
    5.1308
    5.1313
    5.1385
    5.1389
    5.1382
    5.1498
    5.1456
    5.1627
    5.1640
    5.1649
    5.1583
    5.1826
    5.1589
    5.1343
    5.1192
    5.1180
    5.1142
    5.1122
    5.1124
    5.1169
    5.1175
    5.1127
    5.1032
    5.0951
    5.1039
    5.0688
    5.0952
    5.0948
    5.0888
    5.0763
    5.0616
    5.0468
    5.0211
    5.0394
    5.0440
    5.0300
    5.0300
    5.0305
    5.0373
    5.0813
    5.1052
    5.1308
    5.1332
    5.1370
    5.1206
    5.1384
    5.1403
    5.1046
    5.1243
    5.1223
    5.0714
    5.0717
    5.0356
    5.0362
    5.0049
    5.0046
    4.9807
    4.9312
    4.8990
    4.8636
    4.8642
    4.8909
    4.8989
    4.8121
    4.8121
    4.8253
    4.8288
    4.8391
    4.7816
    4.7744
    4.8097
    4.7948
    4.8349
    4.8349
    4.7772
    4.8322
    4.8537
    4.9380
    5.0249
    4.9645
    4.9722
    4.9498
    4.9498
    4.9363
    4.8506
    4.9225
    5.0852
    5.0888
    5.0105
    5.0721
    5.0524
    5.0280
    5.0280
    4.9178
    4.8081
    4.9693
    5.0230
    4.9608
    4.9325
    4.8815
    4.8348
    4.8348
    4.7072
    4.6644
    4.6536
    4.6489
    4.7473
    4.7674
    4.7356
    4.8211
    4.8211
    4.9144
    5.0030
    5.0987
    5.1847
    5.2254
    5.2740
    5.3384
    5.3062
    5.3062
    5.3662
    5.4580
    5.6053
    5.6192
    5.7127
    5.8335
    5.8961
    5.8467
    5.8467
    5.8192
    5.6700
    5.7751
    5.7506
    5.8553
    5.8260
    5.7519
    5.6406
    5.6406
    5.5566
    5.5472
    5.2969
    5.3251
    5.2267
    5.1279
    5.1187
    4.8424
    4.7755
    4.7755
    4.7185
    4.6583
    4.6730
    4.5942
    4.4906
    4.5128
    4.4990
    4.3921
    4.3921
    4.2959
    4.2455
    4.2426
    4.2476
    4.3319
    4.4702
    4.4521
    4.5528
    4.5528
    4.5898
    4.6655
    4.8610
    4.9576
    4.9662
    5.1332
