    0.3826
    0.5258
    2.1983
    0.4904
    1.7076
    0.9322
    1.9278
   17.1059
    1.0115
    1.2696
    1.7268
    2.8247
    1.8019
    1.7293
    1.9207
    2.2057
    2.8421
    2.6190
    2.2474
    2.5921
    2.0232
    1.8414
    1.6319
    2.0991
    1.6581
    1.5628
    1.5144
    1.4382
    1.6490
    1.6443
    1.6200
    2.1416
    2.4809
    2.3632
    2.7846
    3.2351
    3.4864
    3.1329
    3.3120
    2.8903
    2.7910
    2.5568
    2.7357
    2.4687
    2.0577
    1.9154
    1.7498
    1.8857
    1.5387
    1.5905
    1.4827
    1.4771
    1.4223
    1.6264
    1.7657
    1.7635
    2.0586
    2.1191
    2.2477
    2.0820
    2.0612
    2.3732
    2.4147
    2.7944
    2.3133
    2.3427
    2.3430
    2.0995
    1.9134
    1.7405
    1.7509
    1.7648
    1.7696
    1.6490
    1.6466
    1.6783
    1.6470
    1.5421
    1.5456
    1.6425
    1.7784
    1.8351
    1.8320
    1.8774
    1.9442
    2.0410
    2.1652
    2.3364
    2.2980
    2.4190
    2.4687
    2.4798
    2.6965
    2.8607
    2.9890
    2.8913
    3.0813
    3.0223
    2.9564
    2.6792
    2.6668
    2.6832
    2.5894
    2.5627
    2.6439
    2.5464
    2.5040
    2.4985
    2.4542
    2.3687
    2.3453
    2.2752
    2.2252
    2.1009
    2.1620
    2.1316
    1.9917
    1.8384
    1.8158
    1.7926
    1.8298
    1.7569
    1.7476
    1.7227
    1.6342
    1.5891
    1.5362
    1.5537
    1.5189
    1.5153
    1.3436
    1.3402
    1.3846
    1.3360
    1.2966
    1.2670
    1.2602
    1.2936
    1.3049
    1.2463
    1.2713
    1.2343
    1.1727
    1.1439
    1.1403
    1.1284
    1.1682
    1.1855
    1.2102
    1.1299
    1.1330
    1.0889
    1.0720
    1.0386
    1.0617
    1.0515
    1.0800
    1.0800
    1.1163
    1.1133
    1.1138
    1.1239
    1.1041
    1.1528
    1.1639
    1.1621
    1.1554
    1.1488
    1.1539
    1.1767
    1.1781
    1.1860
    1.1705
    1.1808
    1.1705
    1.1765
    1.2330
    1.2138
    1.2637
    1.3429
    1.3420
    1.3365
    1.3171
    1.2836
    1.2650
    1.2462
    1.1825
    1.0991
    1.0928
    1.1293
    1.1227
    1.1644
    1.1358
    1.0932
    1.0687
    1.0750
    1.0771
    1.0544
    1.0570
    1.0550
    1.0617
    1.0756
    1.0551
    1.0556
    1.0979
    1.1229
    1.1294
    1.1260
    1.1280
    1.1421
    1.1373
    1.1143
    1.0954
    1.0925
    1.0879
    1.1004
    1.1011
    1.0839
    1.0703
    1.0467
    1.0328
    1.0357
    1.0057
    0.9947
    0.9926
    0.9872
    0.9755
    0.9722
    0.9824
    0.9792
    0.9860
    0.9920
    0.9898
    0.9620
    1.0070
    1.0504
    1.0522
    1.0709
    1.0713
    1.0458
    1.0408
    1.0280
    1.0600
    1.0907
    1.1286
    1.1366
    1.1640
    1.1970
    1.2040
    1.2137
    1.2477
    1.2500
    1.2305
    1.2181
    1.2419
    1.2571
    1.2728
    1.2531
    1.2504
    1.2428
    1.2271
    1.2435
    1.2735
    1.2826
    1.3090
    1.3253
    1.3353
    1.3555
    1.3658
    1.3686
    1.3910
    1.3866
    1.3631
    1.3912
    1.4017
    1.4011
    1.4313
    1.4379
    1.4408
    1.4548
    1.4795
    1.5048
    1.4928
    1.5054
    1.4857
    1.5040
    1.5196
    1.5411
    1.5286
    1.5127
    1.5182
    1.5401
    1.5554
    1.5443
    1.6062
    1.5888
    1.5846
    1.5993
    1.6132
    1.6193
    1.6235
    1.6290
    1.5956
    1.6281
    1.6414
    1.6386
    1.6362
    1.6491
    1.6463
    1.6675
    1.6657
    1.6438
    1.6263
    1.6228
    1.6186
    1.6208
    1.6064
    1.6359
    1.6346
    1.6181
    1.6274
    1.6208
    1.6274
    1.6474
    1.6773
    1.6484
    1.6549
    1.6587
    1.6358
    1.6190
    1.6234
    1.5807
    1.5343
    1.5170
    1.4773
    1.4954
    1.5023
    1.5193
    1.5386
    1.5455
    1.5209
    1.5408
    1.5018
    1.4672
    1.4371
    1.4355
    1.4463
    1.4519
    1.4676
    1.4789
    1.4803
    1.5110
    1.5123
    1.5066
    1.5065
    1.5229
    1.5283
    1.5366
    1.5573
    1.5599
    1.5572
    1.5558
    1.5263
    1.5341
    1.5374
    1.5547
    1.5500
    1.5355
    1.5378
    1.5357
    1.5411
    1.5435
    1.5552
    1.5531
    1.5529
    1.5493
    1.5503
    1.5595
    1.5666
    1.5669
    1.5750
    1.5884
    1.5777
    1.5689
    1.5673
    1.5762
    1.5674
    1.5621
    1.5558
    1.5446
    1.5265
    1.5083
    1.5264
    1.5096
    1.5084
    1.5147
    1.5105
    1.5076
    1.5169
    1.5040
    1.5008
    1.5229
    1.4987
    1.4773
    1.4627
    1.4741
    1.4724
    1.4457
    1.4245
    1.4415
    1.4251
    1.4279
    1.4233
    1.4164
    1.4332
    1.4515
    1.4381
    1.4454
    1.4546
    1.4488
    1.4530
    1.4496
    1.4521
    1.4378
    1.4421
    1.4304
    1.4090
    1.3981
    1.4046
    1.3802
    1.3807
    1.4077
    1.4263
    1.4713
    1.4962
    1.4905
    1.4847
    1.4739
    1.4646
    1.4658
    1.4679
    1.4679
    1.4675
    1.4458
    1.4411
    1.4451
    1.4436
    1.4375
    1.4354
    1.4295
    1.4063
    1.4059
    1.4166
    1.4162
    1.4213
    1.4315
    1.4578
    1.4745
    1.4929
    1.5140
    1.4992
    1.5030
    1.5024
    1.5185
    1.5280
    1.5498
    1.5584
    1.5662
    1.5567
    1.5445
    1.5444
    1.5462
    1.5440
    1.5547
    1.5792
    1.5678
    1.5707
    1.5717
    1.5730
    1.5772
    1.5804
    1.5833
    1.5836
    1.5540
    1.5537
    1.5501
    1.5378
    1.5523
    1.5455
    1.5443
    1.5378
    1.5461
    1.5462
    1.5524
    1.5717
    1.5747
    1.5897
    1.5800
    1.5884
    1.6036
    1.6022
    1.6058
    1.6047
    1.6283
    1.6264
    1.6230
    1.6159
    1.6386
    1.6543
    1.6521
    1.6493
    1.6377
    1.6423
    1.6377
    1.6505
    1.6633
    1.6690
    1.6689
    1.6719
    1.6712
    1.6840
    1.6739
    1.6805
    1.6694
    1.6531
    1.6482
    1.6360
    1.6432
    1.6513
    1.6410
    1.6361
    1.6232
    1.6319
    1.6151
    1.6038
    1.5674
    1.5561
    1.5174
    1.4891
    1.4944
    1.5069
    1.5077
    1.5123
    1.5072
    1.5060
    1.4996
    1.4956
    1.5034
    1.5080
    1.5011
    1.5168
    1.5262
    1.5181
    1.5174
    1.5174
    1.5274
    1.5257
    1.5283
    1.5389
    1.5380
    1.5354
    1.5446
    1.5481
    1.5544
    1.5631
    1.5665
    1.5717
    1.5913
    1.5835
    1.5909
    1.5999
    1.6016
    1.5969
    1.5934
    1.5888
    1.5816
    1.5874
    1.5777
    1.5552
    1.5553
    1.5417
    1.5560
    1.5491
    1.5408
    1.5409
    1.5394
    1.5321
    1.5127
    1.5107
    1.5133
    1.5078
    1.5148
    1.5054
    1.5118
    1.5039
    1.5018
    1.5080
    1.5017
    1.4929
    1.4996
    1.4892
    1.4887
    1.4886
    1.4904
    1.5089
    1.5148
    1.5269
    1.5275
    1.5281
    1.5382
    1.5516
    1.5608
    1.5670
    1.5720
    1.5798
    1.5845
    1.5924
    1.5928
    1.5826
    1.5771
    1.5711
    1.5740
    1.5565
    1.5536
    1.5532
    1.5600
    1.5705
    1.5697
    1.5675
    1.5656
    1.5759
    1.5778
    1.5875
    1.5945
    1.5829
    1.5979
    1.6023
    1.5978
    1.6059
    1.6225
    1.6230
    1.6199
    1.6232
    1.6264
    1.6340
    1.6308
    1.6344
    1.6227
    1.6222
    1.6210
    1.6264
    1.6184
    1.6325
    1.6308
    1.6391
    1.6341
    1.6214
    1.6186
    1.6182
    1.6124
    1.6098
    1.6173
    1.6203
    1.6327
    1.6321
    1.6326
    1.6438
    1.6501
    1.6602
    1.6681
    1.6780
    1.6867
    1.7034
    1.7103
    1.7330
    1.7560
    1.8181
    1.8501
    1.8325
    1.8257
    1.8071
    1.7953
    1.8112
    1.7901
    1.7870
    1.8018
    1.7997
    1.8009
    1.7983
    1.8086
    1.8031
    1.8108
    1.8256
    1.8146
    1.8197
    1.8241
    1.8231
    1.8282
    1.8299
    1.8302
    1.8278
    1.8360
    1.8409
    1.8396
    1.8389
    1.8395
    1.8472
    1.8543
    1.8541
    1.8556
    1.8476
    1.8498
    1.8436
    1.8355
    1.8371
    1.8302
    1.8454
    1.8328
    1.8254
    1.8125
    1.8156
    1.8133
    1.8114
    1.8072
    1.8044
    1.7897
    1.8070
    1.8273
    1.8556
    1.8658
    1.8607
    1.8818
    1.8607
    1.8616
    1.8599
    1.8676
    1.8512
    1.8315
    1.8461
    1.8673
    1.8805
    1.8832
    1.8792
    1.8793
    1.8848
    1.8834
    1.8921
    1.8806
    1.8916
    1.8904
    1.8888
    1.8873
    1.8929
    1.9087
    1.9068
    1.9092
    1.9238
    1.9227
    1.9227
    1.9144
    1.9175
    1.9102
    1.9031
    1.8974
    1.8833
    1.8948
    1.9080
    1.9095
    1.9133
    1.9015
    1.8878
    1.8874
    1.8894
    1.8899
    1.8935
    1.9052
    1.9006
    1.8988
    1.9058
    1.8990
    1.9032
    1.9148
    1.9178
    1.9192
    1.9165
    1.9274
    1.9266
    1.9182
    1.9121
    1.9125
    1.9157
    1.9163
    1.9155
    1.9147
    1.9002
    1.8941
    1.8902
    1.8931
    1.8929
    1.8895
    1.8845
    1.8741
    1.8839
    1.8900
    1.8837
    1.8707
    1.8724
    1.8777
    1.8844
    1.8927
    1.8913
    1.8892
    1.8942
    1.9002
    1.9046
    1.9064
    1.9163
    1.9183
    1.9202
    1.9145
    1.9187
    1.9116
    1.9139
    1.9109
    1.9087
    1.9060
    1.9078
    1.9223
    1.9242
    1.9223
    1.9286
    1.9331
    1.9309
    1.9424
    1.9416
    1.9509
    1.9515
    1.9545
    1.9535
    1.9551
    1.9550
    1.9476
    1.9430
    1.9440
    1.9435
    1.9463
    1.9386
    1.9428
    1.9495
    1.9589
    1.9507
    1.9542
    1.9547
    1.9728
    1.9684
    1.9879
    2.0024
    2.0235
    2.0304
    2.0205
    2.0477
    2.0475
    2.0529
    2.0388
    2.0453
    2.0611
    2.0635
    2.0673
    2.0518
    2.0574
    2.0577
    2.0489
    2.0444
    2.0430
    2.0407
    2.0370
    2.0456
    2.0493
    2.0492
    2.0503
    2.0502
    2.0498
    2.0410
    2.0379
    2.0266
    2.0344
    2.0305
    2.0374
    2.0389
    2.0398
    2.0323
    2.0169
    2.0120
    2.0123
    2.0115
    2.0152
    2.0001
    2.0083
    2.0096
    2.0260
    2.0257
    2.0271
    2.0217
    2.0296
    2.0386
    2.0271
    2.0459
    2.0469
    2.0488
    2.0508
    2.0515
    2.0517
    2.0615
    2.0864
    2.0673
    2.0582
    2.0582
    2.0396
    2.0150
    1.9924
    2.0053
    1.9963
    2.0168
    2.0155
    2.0230
    2.0230
    2.0378
    2.0337
    2.0618
    2.0939
    2.0844
    2.0831
    2.0841
    2.0698
    2.0698
    2.0850
    2.0688
    2.0768
    2.0781
    2.0750
    2.0814
    2.0979
    2.0997
    2.1187
    2.1187
    2.0997
    2.1005
    2.1133
    2.1123
    2.0859
    2.0909
    2.0832
    2.0716
    2.0716
    2.0683
    2.0667
    2.0500
    2.0870
    2.0823
    2.0774
    2.0940
    2.1020
    2.1020
    2.1426
    2.0948
    2.0647
    2.0753
    2.0943
    2.0338
    2.0971
    2.1438
    2.1438
    2.1689
    2.1600
    2.1483
    2.1022
    2.0964
    2.0566
    2.0676
    2.0906
    2.0906
    2.1362
    2.1872
    2.2066
    2.2244
    2.2413
    2.2128
    2.2122
    2.3011
    2.3011
    2.2730
    2.2584
    2.2610
    2.3249
    2.3292
    2.3003
    2.3348
    2.3023
    2.3390
    2.3390
    2.3686
    2.4007
    2.4394
    2.4049
    2.3888
    2.4071
    2.4557
    2.4884
    2.4884
    2.4034
    2.4890
    2.5087
    2.5952
    2.5789
    2.6122
    2.6202
    2.6265
    2.6265
    2.6088
    2.6117
    2.5952
    2.6037
    2.6566
    2.7038
